# Created by Octave 4.0.0, Sat Jan 06 20:48:41 2018 ART <gabrevaya@ws8.labo5>
# name: y_start
# type: matrix
# rows: 10
# columns: 1
 0.8899716947596857
 -0.407185883222722
 -2.217654216915566
 0.0596135878537207
 1.152168635114631
 -1.323697136268979
 0.6069326182923676
 -0.8762719012582056
 -0.002402395173013078
 0.574290248846783


# name: alphas
# type: cell
# rows: 1
# columns: 3
# name: <cell-element>
# type: matrix
# rows: 10
# columns: 1
 0.4875981309040158
 0.5930228541429159
 0.578
 0.3139308963483557
 0.5979932867625956
 0.578
 0.5142359450361791
 0.6156008935544736
 0.5743674451900903
 0.578



# name: <cell-element>
# type: matrix
# rows: 10
# columns: 1
 1.160500544944447
 0.927820440012339
 1
 0.9094726174546451
 1.077686046175764
 1
 0.8447813551592191
 0.9252988365484326
 1.21909894654339
 1



# name: <cell-element>
# type: matrix
# rows: 10
# columns: 1
 11.46061180632459
 11.30685910472529
 11.38
 11.01280039614776
 11.53835497301657
 11.38
 11.31518922523784
 11.77367171600262
 11.2484246246926
 11.38





# name: W
# type: matrix
# rows: 10
# columns: 10
 0 0 0 0 0 0 0 0 0 0
 0 0 0 0 0 0 0 0 0 0
 0 0 0 0 0 0 0 0 0 0
 0 0 0 0 0 0 0 0 0 0
 0 0 0 0 0 0 0 0 0 0
 0 0 0 0 0 0 0 0 0 0
 0 0 0 0 0 0 0 0 0 0
 0 0 0 0 0 0 0 0 0 0
 0 0 0 0 0 0 0 0 0 0
 0 0 0 0 0 0 0 0 0 0


# name: iter
# type: scalar
936


# name: c
# type: matrix
# rows: 1
# columns: 10
 0.1565572323268946 0.2751747003323313 0.04738784996090109 0.3405179700447423 0.07605305820949643 0.08502671742746033 0.1395527046666995 -0.009303758177588724 0.1561540627524764 0.0424657234592276


# name: mean_corr
# type: matrix
# rows: 22
# columns: 1
 -0.1369339729672656
 -0.1288418826782985
 -0.07669831837552207
 -0.07140584285049603
 -0.06838340282896425
 -0.01738042728981018
 0.02931714270010497
 0.03080178239959828
 0.04105784520328713
 0.04338975883213307
 0.04410535224720701
 0.04725813045375784
 0.05872762609325866
 0.0591074764493727
 0.05917615217689951
 0.05989030736561687
 0.06036671004137858
 0.09362265821410538
 0.0942570880761939
 0.09421375029168637
 0.1198215960135762
 0.1204821416819005


# name: mean_error
# type: matrix
# rows: 22
# columns: 1
 1.478901973667096
 1.47419408581244
 1.458544772050517
 1.456200745413055
 1.455121587733636
 1.426911719783928
 1.393902180870793
 1.392749700997456
 1.390110030648177
 1.385625814598108
 1.384981406088254
 1.369103776453434
 1.364214646626702
 1.359045001920818
 1.358435007298414
 1.362975312125102
 1.356436680474815
 1.340598699109904
 1.345941522981828
 1.345164233078931
 1.331671648486599
 1.335478329151328


# name: iter_improve
# type: matrix
# rows: 22
# columns: 1
 1
 2
 4
 28
 60
 71
 82
 135
 144
 190
 201
 269
 305
 332
 450
 477
 551
 580
 634
 833
 838
 890


# name: optim_start
# type: scalar
936


# name: optim_steps
# type: matrix
# rows: 0
# columns: 0


# name: VPVP_params
# type: scalar struct
# ndims: 2
 1 1
# length: 8
# name: lambda
# type: scalar
300000000


# name: downsample
# type: scalar
10


# name: MaxIter_X
# type: scalar
200


# name: MaxIter
# type: scalar
50


# name: optTol_X
# type: scalar
1e-06


# name: progTol_X
# type: scalar
1e-10


# name: optTol_aW
# type: scalar
0.0001


# name: progTol_aW
# type: scalar
1e-07




