# Created by Octave 3.8.1, Tue Nov 28 20:10:20 2017 ART <gabrevaya@ws11.labo2>
# name: y_start
# type: matrix
# rows: 15
# columns: 1
 -0.1739143281525065
 -1.096170222158277
 -0.4373748266427615
 -0.4419727994183296
 -0.2781300535752015
 0.5932781119639511
 -0.4896272172776712
 1.027439273185107
 -0.7496205692554587
 -0.5529980891376484
 -0.2678564076346246
 -0.5931643706203581
 0.9395085275249171
 -0.6647218909812731
 1.566914735257289


# name: alphas
# type: cell
# rows: 1
# columns: 3
# name: <cell-element>
# type: matrix
# rows: 15
# columns: 1
 0.805456104813842
 0.5895386425257572
 0.755111968740521
 0.6922506229967568
 0.7479074713906496
 0.6512637091996275
 0.7147306665273095
 0.5392557739692341
 0.6463080045791449
 0.4931189869142197
 0.6537283412108129
 0.304587910649558
 1.065915017981036
 0.6442374863039527
 0.4425593384492864



# name: <cell-element>
# type: matrix
# rows: 15
# columns: 1
 0.8459777123098535
 1.14633585635405
 0.8857751625146464
 1.015205719106489
 0.9968580263628566
 0.7517860460640753
 0.6645313847238205
 1.142032975001574
 0.9794446544310937
 1.183922733996109
 1.291544354915136
 1.023599010029256
 0.8151853393902407
 0.8895891404331296
 0.9446246284717704



# name: <cell-element>
# type: matrix
# rows: 15
# columns: 1
 11.08763116259115
 11.42879493927674
 11.29809999894094
 11.46661548741837
 11.39105670348532
 11.24124581886673
 11.08271519673487
 11.45183436412464
 11.28886783112047
 11.39952931670498
 11.85047566608127
 11.16215082001082
 11.23463706125619
 11.26087849140905
 11.27569126941182





# name: W
# type: matrix
# rows: 15
# columns: 15
 0 0 0 0 0 0 0 0 0 0 0 0 0 0 0
 0 0 0 0 0 0 0 0 0 0 0 0 0 0 0
 0 0 0 0 0 0 0 0 0 0 0 0 0 0 0
 0 0 0 0 0 0 0 0 0 0 0 0 0 0 0
 0 0 0 0 0 0 0 0 0 0 0 0 0 0 0
 0 0 0 0 0 0 0 0 0 0 0 0 0 0 0
 0 0 0 0 0 0 0 0 0 0 0 0 0 0 0
 0 0 0 0 0 0 0 0 0 0 0 0 0 0 0
 0 0 0 0 0 0 0 0 0 0 0 0 0 0 0
 0 0 0 0 0 0 0 0 0 0 0 0 0 0 0
 0 0 0 0 0 0 0 0 0 0 0 0 0 0 0
 0 0 0 0 0 0 0 0 0 0 0 0 0 0 0
 0 0 0 0 0 0 0 0 0 0 0 0 0 0 0
 0 0 0 0 0 0 0 0 0 0 0 0 0 0 0
 0 0 0 0 0 0 0 0 0 0 0 0 0 0 0


# name: iter
# type: scalar
685


# name: c
# type: matrix
# rows: 1
# columns: 15
 0.06111221585741339 -0.06079177080231774 0.2814765030532608 0.002256001693901673 0.1685534588988058 0.05324141981448566 -0.05831686328528805 0.4624088470160336 0.1871943096201501 -0.07655583627247078 -0.0997453363372416 0.09515225259397668 0.215596637068738 -0.05223010667690615 0.1481298098662232


# name: mean_corr
# type: matrix
# rows: 16
# columns: 1
 -0.121728431050663
 -0.1202991260358357
 -0.02145381257122025
 -0.05474608596832304
 -0.04095055032159629
 -0.01741827202055463
 0.0341493464976991
 0.04952142827817323
 0.05669666374127835
 0.08251130998260855
 0.08337532273138597
 0.0839031176144561
 0.08605387034679461
 0.08625337281327741
 0.08851572763884449
 0.08846494754485096


# name: mean_error
# type: matrix
# rows: 16
# columns: 1
 1.467792887465877
 1.467778503918928
 1.403571730179036
 1.411090125705599
 1.399886445654359
 1.383831188072015
 1.364921377915919
 1.348262508853074
 1.342553468984244
 1.32357754362491
 1.32345151302389
 1.321442572095556
 1.322457674685948
 1.323335119521221
 1.322064774223693
 1.321102296506519


# name: iter_improve
# type: matrix
# rows: 16
# columns: 1
 1
 26
 31
 62
 71
 98
 110
 119
 120
 191
 192
 202
 218
 242
 258
 480


# name: optim_start
# type: scalar
685


# name: optim_steps
# type: matrix
# rows: 0
# columns: 0


# name: VPVP_params
# type: scalar struct
# ndims: 2
 1 1
# length: 8
# name: lambda
# type: scalar
300000000


# name: downsample
# type: scalar
10


# name: MaxIter_X
# type: scalar
200


# name: MaxIter
# type: scalar
50


# name: optTol_X
# type: scalar
1e-06


# name: progTol_X
# type: scalar
1e-10


# name: optTol_aW
# type: scalar
0.0001


# name: progTol_aW
# type: scalar
1e-07




