# Created by Octave 4.0.0, Sat Jan 06 20:49:35 2018 ART <gabrevaya@ws8.labo5>
# name: y_start
# type: matrix
# rows: 10
# columns: 1
 0.8899717042815118
 -0.4071858883731207
 -2.217654209191599
 0.05961358634676788
 1.152168650509484
 -1.32369712812624
 0.6069326164035932
 -0.8762719091591666
 -0.002402386178381497
 0.5742902558342232


# name: alphas
# type: cell
# rows: 1
# columns: 3
# name: <cell-element>
# type: matrix
# rows: 10
# columns: 1
 0.4327877954287729
 0.5606550490164446
 0.4967252474672224
 0.3270279213493141
 0.6275310577913548
 0.4979841018670371
 0.5014005925084791
 0.5265801799545974
 0.5508457333591704
 0.5832774520776136



# name: <cell-element>
# type: matrix
# rows: 10
# columns: 1
 1.334386000643308
 0.992100518848972
 1.095848789897118
 0.9060179662865537
 1.083161321225275
 0.9559219507701351
 0.7440577475375241
 0.8254644768994622
 1.212620487747809
 0.8771129435231175



# name: <cell-element>
# type: matrix
# rows: 10
# columns: 1
 11.4758643002243
 11.31110084299301
 11.39161916175828
 11.0133591384307
 11.53690659300948
 11.38107332530754
 11.3057883437778
 11.76149781507909
 11.24876117134688
 11.36412837141069





# name: W
# type: matrix
# rows: 10
# columns: 10
 -0.08158537691983436 0.08752434277520404 -0.1061131520895346 -0.1822188589986417 -0.1197585592312775 -0.0638633384190227 -0.1245876279368823 -0.1822983133507059 -0.1197286743676242 0.2484227043489384
 0.01528981894014238 -0.0399185287394656 -0.190381341405414 -0.02727704226391783 0.002311425762811007 0.004782074375557979 0.09152621979148874 -0.0007517488026751378 0.1210531000369509 -0.01763448432824008
 -0.08052582229518947 -0.004757403966542478 -0.2982426426235827 0.06632753704457617 0.02976372953941516 0.01333876663294942 0.06692735874949526 0.1042789271618427 0.2989585603694819 -0.1643838737815463
 -0.1080846762305398 -0.0863582716849156 0.1709817757602098 0.1373426800367256 0.1143485138319771 -0.001797341923224265 -0.2295530822461513 0.003755659181051817 -0.005199148242551271 -0.02271539749643459
 0.1032135847074575 -0.02687234382232396 0.2069945327063099 0.1159972117666877 0.1075838216937237 0.1201561888511833 0.254127216081583 0.06090933954538064 0.00840786317556899 -0.05133352399470151
 0.0597157330667199 -0.003391827277049121 -0.1825583351074516 0.001541067138585324 0.03125196678265967 -0.106989480234638 0.03972758502916694 0.006177821638199071 0.08851642208076636 -0.0413771376653595
 -0.001302843655423758 -0.008324977810892401 0.1324837813717867 0.01814617296955819 0.0289249711070141 0.02333039139490393 -0.0308035455384093 -0.02212352972427449 -0.06332554409793682 0.04124383619554786
 0.02384841960311083 -0.01752312606504572 0.1708110883526286 -0.002797855724369352 0.178772211309334 -0.01533624908422662 -0.3888231752426694 -0.294602637578105 -0.04684787414573704 0.2516485309086997
 -0.05958700438800786 0.07287784610737166 0.1302164434529315 -0.1091138825997595 0.0297239500970514 0.09568663973048377 0.03995344958199702 -0.1663222409242998 -0.02942389077431826 0.286739944354156
 -0.116700596669209 -0.01553136533790043 -0.1738701070216136 0.09261211433655318 -0.1246673155096686 -0.008015615415779768 0.302054447721642 0.2311249726263543 0.09175652216718874 -0.4049746233024776


# name: iter
# type: scalar
936


# name: c
# type: matrix
# rows: 1
# columns: 10
 0.5481847592109164 0.4815473336225923 0.3756158753378361 0.4837858457932088 0.7742389560399376 0.2490794555976267 0.4705772683187711 0.2332462889764518 0.3841945421656648 0.231098126413011


# name: mean_corr
# type: matrix
# rows: 23
# columns: 1
 -0.1369339729672656
 -0.1288418826782985
 -0.07669831837552207
 -0.07140584285049603
 -0.06838340282896425
 -0.01738042728981018
 0.02931714270010497
 0.03080178239959828
 0.04105784520328713
 0.04338975883213307
 0.04410535224720701
 0.04725813045375784
 0.05872762609325866
 0.0591074764493727
 0.05917615217689951
 0.05989030736561687
 0.06036671004137858
 0.09362265821410538
 0.0942570880761939
 0.09421375029168637
 0.1198215960135762
 0.1204821416819005
 0.4231568451476017


# name: mean_error
# type: matrix
# rows: 23
# columns: 1
 1.478901973667096
 1.47419408581244
 1.458544772050517
 1.456200745413055
 1.455121587733636
 1.426911719783928
 1.393902180870793
 1.392749700997456
 1.390110030648177
 1.385625814598108
 1.384981406088254
 1.369103776453434
 1.364214646626702
 1.359045001920818
 1.358435007298414
 1.362975312125102
 1.356436680474815
 1.340598699109904
 1.345941522981828
 1.345164233078931
 1.331671648486599
 1.335478329151328
 1.223525403627162


# name: iter_improve
# type: matrix
# rows: 23
# columns: 1
 1
 2
 4
 28
 60
 71
 82
 135
 144
 190
 201
 269
 305
 332
 450
 477
 551
 580
 634
 833
 838
 890
 936


# name: optim_start
# type: scalar
936


# name: optim_steps
# type: scalar
23


# name: VPVP_params
# type: scalar struct
# ndims: 2
 1 1
# length: 8
# name: lambda
# type: scalar
300000000


# name: downsample
# type: scalar
10


# name: MaxIter_X
# type: scalar
200


# name: MaxIter
# type: scalar
50


# name: optTol_X
# type: scalar
1e-06


# name: progTol_X
# type: scalar
1e-10


# name: optTol_aW
# type: scalar
0.0001


# name: progTol_aW
# type: scalar
1e-07




