# Created by Octave 3.8.1, Tue Nov 28 20:16:11 2017 ART <gabrevaya@ws11.labo2>
# name: y_start
# type: matrix
# rows: 15
# columns: 1
 -0.1739143279158651
 -1.096170201059124
 -0.4373748410241725
 -0.4419728037090083
 -0.2781300401752284
 0.5932781053683697
 -0.4896272062238671
 1.027439281158007
 -0.7496205715631421
 -0.5529980916991637
 -0.2678564048367039
 -0.5931643711429397
 0.9395085214164298
 -0.6647218991786653
 1.566914727030533


# name: alphas
# type: cell
# rows: 1
# columns: 3
# name: <cell-element>
# type: matrix
# rows: 15
# columns: 1
 0.7487918163621121
 0.4924392493886245
 0.6836771277587921
 0.5699693942494435
 0.6608333431767557
 0.5503587391825268
 0.5952868764324989
 0.5952141665629332
 0.5950207147229797
 0.4317034592251585
 0.5947753774197538
 0.2165967306795346
 0.9624060566669338
 0.7021275100370186
 0.468185241403392



# name: <cell-element>
# type: matrix
# rows: 15
# columns: 1
 0.8399509901804268
 0.9275601449425059
 0.9953156330557454
 1.128527985347432
 0.9329712005593803
 0.9080272644548797
 0.805496391413475
 1.180953286369985
 0.9497560447073202
 1.148059922734318
 1.183947638476605
 1.036746032600205
 0.7837297521014365
 0.6069666308512796
 0.9722168062073998



# name: <cell-element>
# type: matrix
# rows: 15
# columns: 1
 11.08314160856493
 11.41046679545908
 11.30658346494657
 11.47705846236172
 11.3802644591354
 11.25448745361529
 11.09176673480811
 11.45381780089782
 11.28833668778874
 11.39585699288923
 11.83790299708757
 11.16446528723125
 11.23156763359377
 11.23784393445712
 11.27547763318043





# name: W
# type: matrix
# rows: 15
# columns: 15
 -0.09287641791937991 0.03997449046738011 -0.01007062256089765 0.2099610137900856 -0.03631410990690672 0.05260629825040591 0.001682483225824109 -0.01054846302212918 -0.02314700186024976 -0.151390703226816 -0.2051442011411936 0.1210646080258027 -0.04258591223838364 -0.1212407272760455 0.1709975562174932
 -0.02534927787707595 -0.1330756387325758 -0.1240600789943505 -0.2474103323709683 0.1605311983005238 -0.03900105933476392 0.050545115807765 0.2670256531754262 -0.02853448918603272 0.2384557047760562 0.4553453211587805 -0.2428925217428901 0.2153885147876831 0.03866411223196431 -0.3319910472624805
 -0.007029168259967068 -0.07821441816714202 -0.09341996899790225 -0.1490031323786966 -0.005878828397259854 -0.01675055012087168 0.0246712992157035 -0.00499722474785291 0.009646964915605266 0.06189058677080199 0.07903500277403758 -0.03202197738099656 0.08461378789301689 -0.08982309035270036 0.03987601429992027
 0.03592443738374208 -0.00309516681776194 0.000726789637331315 -0.2881658590820015 0.01281229100944953 -0.06239748604608206 0.05002545042756947 -0.03577566740627654 0.0541815253694117 0.1571388378308502 0.1880729038496937 -0.1152110616211735 0.1671920181402492 -0.01830694775775295 -0.1322714734901469
 -0.110485572888445 0.1401193373621513 0.00394626247628614 0.05617271022269934 -0.06194225378363665 0.07352375154078085 0.1976900654967076 0.08965373614450924 0.02311354073734777 -0.01872346506401957 0.02485702842860857 0.03987408065375499 -0.03629560749067628 0.0313480641266088 0.02981294164150421
 0.09211156475754993 0.006102835857400036 -0.005595498753496072 -0.06151815332218099 0.03504759135174312 -0.1474890914386283 -0.2180373319188929 -0.1203642760314741 0.00450313982908665 0.03560160487061983 0.03816936923418231 -0.05777832953028655 0.06860865593544442 0.09989024593577428 -0.2141311782617094
 0.1482134470423605 -0.001879983246445924 -0.05104030038733289 -0.08537297381217059 0.1426669653264823 -0.1342352324508601 -0.307377575708839 0.03541543623068531 0.008341828329228859 0.1080586398521979 0.1813695410649084 -0.1455418810927597 0.1689190026549643 0.08179549796032716 -0.3643980644605495
 0.1398977708942786 0.05406367417485539 -0.04709858887452979 0.1380937893151657 0.1092403317749539 -0.07279162719252878 -0.0434021030674174 0.1455109918813967 0.07265497531093183 0.01688941987817598 -0.00635882578383629 0.06015862813789195 0.2026697329110972 -0.1274393768856464 -0.06118850334357079
 0.02079839146182888 -0.06403007912523069 -0.01583976392211411 -0.07757523844518063 -0.005693342948940357 0.008881704083500894 -0.03944223884759981 0.0452209308408171 -0.06449769225003013 0.04100657739098817 0.0932463105959323 -0.05357289757288301 0.03362018361316306 -0.05223387169785469 -0.003803989239631375
 0.07660030004180778 -0.01290046067314746 0.09721644671709792 0.09884838454932901 -0.1481393738124614 0.003318161798562462 -0.02658323058449761 -0.002873269386956531 0.04572035365724302 -0.09193141326797266 -0.15917361777732 0.1709841109614514 -0.0996337612331258 -0.06240028666658768 0.3045640834452399
 -0.02619115569126308 0.1928094538371971 -0.03228334943837335 0.2827292656212671 0.07618637670234713 0.02587169219845055 0.166578835065135 0.09706603269905695 0.07709191549906871 -0.07931658024896503 -0.243591663912918 0.1689302237973323 0.007258247520509203 -0.008529502600437137 0.08649127186369605
 -0.03825055363814089 -0.09023120423889812 -0.03165085816771014 -0.1776483572935927 0.02968817699416066 0.01685970163864493 -0.006792960063301942 -0.08083166904308199 -0.05936861496123377 0.06429690965445437 0.08188251925199372 -0.1735399028143616 0.03381320278977961 0.06320764806570786 -0.1801931142223998
 -0.03852781935078935 0.09157567846339615 0.004189267341031525 0.1955557544447289 -0.001828310894593543 0.05990499968322439 0.1345116419736871 0.1502149729936927 0.03349140991453154 -0.04706147326609673 -0.05687169310509075 0.1764204110002686 -0.1819426765696879 -0.009036569558205065 0.2157279886692999
 -0.1758099930119768 0.09781231713396345 -0.01602347433530335 -0.03642944664801879 0.05507718188529682 0.09628139257467738 0.2000938176525651 -0.04875125392279361 -0.01102234657991542 0.03447864778779924 0.1047243934121162 -0.02843309191895801 -0.1769974127316886 0.1757624415611065 -0.1098655893751338
 0.1284951968673104 -0.03274085385882237 -0.0141844000404769 -0.1570297547392435 0.05136463208549766 -0.1178390367068812 -0.1889262026356915 -0.2170652298039173 0.01470740436523527 0.05527121514851596 0.01282799174954413 -0.1546045135580345 0.2043441042505486 0.009467478226312897 -0.3367175644780878


# name: iter
# type: scalar
685


# name: c
# type: matrix
# rows: 1
# columns: 15
 0.4591823588796244 0.5226439804327737 0.485994022534261 0.3672110131840813 0.485240582888232 0.3447218750925065 0.2270809183062429 0.719044825182499 0.2844421818008171 0.3966932606683746 0.03834269006145331 0.08910046281456357 0.4143009084298151 0.6383386689995137 0.2590090604066407


# name: mean_corr
# type: matrix
# rows: 17
# columns: 1
 -0.121728431050663
 -0.1202991260358357
 -0.02145381257122025
 -0.05474608596832304
 -0.04095055032159629
 -0.01741827202055463
 0.0341493464976991
 0.04952142827817323
 0.05669666374127835
 0.08251130998260855
 0.08337532273138597
 0.0839031176144561
 0.08605387034679461
 0.08625337281327741
 0.08851572763884449
 0.08846494754485096
 0.3820897873120933


# name: mean_error
# type: matrix
# rows: 17
# columns: 1
 1.467792887465877
 1.467778503918928
 1.403571730179036
 1.411090125705599
 1.399886445654359
 1.383831188072015
 1.364921377915919
 1.348262508853074
 1.342553468984244
 1.32357754362491
 1.32345151302389
 1.321442572095556
 1.322457674685948
 1.323335119521221
 1.322064774223693
 1.321102296506519
 1.275354439913983


# name: iter_improve
# type: matrix
# rows: 17
# columns: 1
 1
 26
 31
 62
 71
 98
 110
 119
 120
 191
 192
 202
 218
 242
 258
 480
 685


# name: optim_start
# type: scalar
685


# name: optim_steps
# type: scalar
17


# name: VPVP_params
# type: scalar struct
# ndims: 2
 1 1
# length: 8
# name: lambda
# type: scalar
300000000


# name: downsample
# type: scalar
10


# name: MaxIter_X
# type: scalar
200


# name: MaxIter
# type: scalar
50


# name: optTol_X
# type: scalar
1e-06


# name: progTol_X
# type: scalar
1e-10


# name: optTol_aW
# type: scalar
0.0001


# name: progTol_aW
# type: scalar
1e-07




