# Created by Octave 3.8.1, Wed Nov 29 00:10:30 2017 ART <gabrevaya@ws10.labo5>
# name: y_start
# type: matrix
# rows: 15
# columns: 1
 -0.2421338524657235
 -0.8246734647318708
 2.131050096233732
 0.1298174858943203
 -0.2142584906218102
 -0.6018869041149458
 -0.7593790539964221
 -1.553559462421356
 0.7143395956382151
 -1.859014190668856
 -1.758096651562946
 0.03780791068968757
 0.8490304187429438
 -3.286121272198993
 1.112162341855484


# name: alphas
# type: cell
# rows: 1
# columns: 3
# name: <cell-element>
# type: matrix
# rows: 15
# columns: 1
 0.6442956194175398
 0.3366098806732936
 0.578
 0.6735341663569285
 0.578
 0.6625277620232926
 0.578
 0.578
 0.578
 0.4664314399302932
 0.578
 0.578
 0.7135742419068254
 0.578
 0.578



# name: <cell-element>
# type: matrix
# rows: 15
# columns: 1
 0.7643351253652539
 1.080864042987464
 1
 1.049793510606712
 1
 0.8253418651803776
 1
 1
 1
 0.8972342055152289
 1
 1
 1.256873945964349
 1
 1



# name: <cell-element>
# type: matrix
# rows: 15
# columns: 1
 11.23741045386426
 11.73336067703622
 11.38
 11.2652783211085
 11.38
 11.29352028038156
 11.38
 11.38
 11.38
 11.409325794599
 11.38
 11.38
 11.31258551271134
 11.38
 11.38





# name: W
# type: matrix
# rows: 15
# columns: 15
 0 0 0 0 0 0 0 0 0 0 0 0 0 0 0
 0 0 0 0 0 0 0 0 0 0 0 0 0 0 0
 0 0 0 0 0 0 0 0 0 0 0 0 0 0 0
 0 0 0 0 0 0 0 0 0 0 0 0 0 0 0
 0 0 0 0 0 0 0 0 0 0 0 0 0 0 0
 0 0 0 0 0 0 0 0 0 0 0 0 0 0 0
 0 0 0 0 0 0 0 0 0 0 0 0 0 0 0
 0 0 0 0 0 0 0 0 0 0 0 0 0 0 0
 0 0 0 0 0 0 0 0 0 0 0 0 0 0 0
 0 0 0 0 0 0 0 0 0 0 0 0 0 0 0
 0 0 0 0 0 0 0 0 0 0 0 0 0 0 0
 0 0 0 0 0 0 0 0 0 0 0 0 0 0 0
 0 0 0 0 0 0 0 0 0 0 0 0 0 0 0
 0 0 0 0 0 0 0 0 0 0 0 0 0 0 0
 0 0 0 0 0 0 0 0 0 0 0 0 0 0 0


# name: iter
# type: scalar
878


# name: c
# type: matrix
# rows: 1
# columns: 15
 0.258571357243975 -0.0234289324048653 0.2437669357237894 0.01290536199310842 0.1281231133414671 -0.00499801743612014 -0.01003716442417569 0.4306197950216976 0.1491838911256518 0.2695210483020384 -0.01821265239598542 0.09710717141787935 0.2405253488501284 0.2225325327953516 0.06771098522798186


# name: mean_corr
# type: matrix
# rows: 12
# columns: 1
 -0.001810341723301251
 0.02083865507706299
 0.02581968605911072
 0.0272298401128848
 0.05954706640046938
 0.07016915840551775
 0.08120202091940434
 0.1091054781886187
 0.1164404801936421
 0.1383670804214295
 0.1382821422432598
 0.1384840597565417


# name: mean_error
# type: matrix
# rows: 12
# columns: 1
 1.403899532680433
 1.393998323912551
 1.37831822100474
 1.377755072572271
 1.356955685733682
 1.362456117219289
 1.360293978891939
 1.338911688077882
 1.335292582785992
 1.314106883137361
 1.313012273742915
 1.312827513560101


# name: iter_improve
# type: matrix
# rows: 12
# columns: 1
 1
 44
 72
 110
 112
 142
 170
 208
 212
 270
 736
 797


# name: optim_start
# type: scalar
878


# name: optim_steps
# type: matrix
# rows: 0
# columns: 0


# name: VPVP_params
# type: scalar struct
# ndims: 2
 1 1
# length: 8
# name: lambda
# type: scalar
300000000


# name: downsample
# type: scalar
10


# name: MaxIter_X
# type: scalar
200


# name: MaxIter
# type: scalar
50


# name: optTol_X
# type: scalar
1e-06


# name: progTol_X
# type: scalar
1e-10


# name: optTol_aW
# type: scalar
0.0001


# name: progTol_aW
# type: scalar
1e-07




