# Created by Octave 3.8.1, Wed Nov 29 00:13:36 2017 ART <gabrevaya@ws10.labo5>
# name: y_start
# type: matrix
# rows: 15
# columns: 1
 -0.2421338609677202
 -0.824673468853672
 2.13105008630284
 0.1298174948727485
 -0.2142585276005504
 -0.6018868891810243
 -0.7593790479631264
 -1.553559443708516
 0.7143395963799308
 -1.85901419281261
 -1.758096655590024
 0.03780790468391914
 0.8490304204861928
 -3.286121274305677
 1.1121623486319


# name: alphas
# type: cell
# rows: 1
# columns: 3
# name: <cell-element>
# type: matrix
# rows: 15
# columns: 1
 0.6445179187056098
 0.2903580384507912
 0.5348594314056255
 0.5832756400308561
 0.553544935672872
 0.5890051491508688
 0.509794629026364
 0.55134325747707
 0.5463578129679527
 0.4539441663303871
 0.5186406725705959
 0.4844240135052675
 0.6628119783602664
 0.5287757638394774
 0.5671046801995725



# name: <cell-element>
# type: matrix
# rows: 15
# columns: 1
 0.8032231530295189
 0.8134890986886941
 0.9940475126762702
 1.199562911354822
 0.8677618190405372
 0.8272463069905179
 1.076297772294777
 0.9966587226378346
 0.9981379368828205
 0.8023337915059203
 0.8394327533285767
 1.019830184197257
 1.181174774900882
 0.8077438522794315
 0.9256872328836656



# name: <cell-element>
# type: matrix
# rows: 15
# columns: 1
 11.23973724298449
 11.71411508155746
 11.39096893487384
 11.28056701055377
 11.36451708777964
 11.29372264381336
 11.38749077939901
 11.38996285039866
 11.38102352836607
 11.39670574771968
 11.36212775900709
 11.381694349841
 11.30432069399605
 11.36539157341048
 11.36985352643742





# name: W
# type: matrix
# rows: 15
# columns: 15
 0.0229778148532926 0.04561940351127391 -0.0009615055676673305 0.184554290910044 -0.0281771791386137 0.05020963610980155 0.06731454047301957 -0.01193942114252159 -0.006300496914828719 -0.01772287235243897 -0.07333180444617832 0.07835527351019214 -0.1552582461556518 -0.01455809847058523 0.1029816261800173
 -0.1042541300379157 -0.04997926612056224 -0.01074169871629308 -0.1935437055379356 0.1990398245999712 -0.1394710588575114 -0.1499583184332015 0.08076864446494093 0.02794839210482535 -0.05356155598814986 0.1798859613540823 -0.1782030037256752 0.3344413624730674 -0.01109756994927065 -0.3543430856838393
 0.1183864186135328 -0.006020011494900465 -0.06713415897646662 -0.06315282403807498 -0.006312823417805645 -0.04712964576046742 0.01620798712438605 0.04268907565340921 -0.01088717014390353 0.1732752792340108 0.07828918235835482 -0.0267293085028238 -0.02887779782827254 0.08727921637388412 -0.05679888715316257
 0.01420989669600522 -0.01971153801724868 -0.01762843747376358 -0.2569758374459812 0.04557613236576818 -0.09458270579309688 -0.03576954389712326 0.04548824008834569 0.02640103394969753 0.1098354177634364 0.1078038558767439 -0.08959472119594572 0.2012586259368463 0.01841216442542298 -0.1271059912400307
 -0.1509130904225307 0.1411166789623265 -0.03736548148701195 0.05795882263129652 0.01939834414015043 -0.004937594667013546 0.08941124194246708 0.072155045143121 0.02421710611744515 -0.1164111000152274 -0.02737551089848278 0.04139403666338877 0.06873654573065045 0.01411572921566534 0.02723130259224019
 0.03350955136882077 -0.06039345161894649 -0.01276978584109886 -0.14609180443227 0.02304059590120335 -0.1049026245265881 -0.135172459458358 -0.05787923990598363 -0.0496922098109486 0.022874168349764 0.1158173007102093 -0.1399931308302526 0.01675519365214985 0.08092423737224964 -0.1787583219172501
 0.03010485718949498 -0.1251415703003634 0.004652549710413152 -0.2492118981026438 0.03567127802814596 -0.08277035080492663 -0.1682002725695683 -0.01353184726341817 -0.006883431584240965 0.05116240527659564 0.1160718892785527 -0.1511474105910985 0.191214969845927 0.001633689857450739 -0.1742130558379646
 -0.03275592644232233 0.01057362040829539 0.02323127431313321 0.09718711147500722 0.07677922154299335 -0.06265818465726594 0.01330839987385678 0.02236749187992167 0.04711870290216411 -0.08326943136498674 -0.02260113591941477 0.00841544170816479 0.09975918078713923 -0.1271690216793977 -0.05267817747459603
 0.09185700275619396 -0.006377011624761082 -0.03565596146101962 -0.04832115847889374 0.002151640465495861 -0.03033759394450787 -0.01841737992304402 0.02412335837406427 -0.0391743259233604 0.1081040644702736 0.03727183963278915 -0.02488737638146627 0.01840651509084082 0.05063940720874872 -0.03200841743903163
 0.009152779768690743 -0.005990079726323287 0.01956961221019266 0.03517844462573807 -0.032211567998349 0.01504419106452202 0.01811121842329938 -0.02996329801415668 0.01786985413728547 -0.0442059451071389 -0.03286643978793195 0.02737930559723859 -0.006611963336798955 -0.02611284240933029 0.03535775681413571
 -0.2388721650881215 0.1228057612943479 0.06830397367011094 0.1309628435413213 -0.01416284144700634 0.09063520798930519 0.1188288984037751 0.006256981212954657 0.0515097559751591 -0.2505562582316512 -0.201297280582495 0.1466633345552303 0.05931213586776339 -0.1336103732503977 0.2133802084267643
 -0.0296801989443573 -0.06789245357056274 -0.01444481520272329 -0.1480950916718017 0.03162266580946412 -0.05514554652969254 -0.1564429156062127 -0.04410908265438811 -0.04325888994395535 -0.01465740858576587 0.1320694983240916 -0.1871909161967326 0.01210375657816117 0.09551810047583759 -0.2175000451808873
 0.08881279000179984 0.04282691646074582 -0.02798733240453271 0.07928911494738189 -0.02966131877505953 0.01708903735056124 0.1028559397309063 0.05318613019208965 0.01844717288665514 0.10667800639356 -0.04972070799923772 0.07818495571219274 -0.07564577558543523 -0.008942973790639196 0.1101974191684102
 -0.3351886755313072 0.08619972496249997 0.07970898685701991 -0.1055482166821588 0.07364660970023003 0.01923161858432697 -0.0004719139250100562 -0.01754797619258011 0.06392480382801351 -0.3087751683242854 -0.05580917283426651 -0.003488477253004895 0.2458610463767801 -0.115060137858319 -0.008427584190195781
 0.08110831529784385 -0.06211452085594408 -0.03841290526842323 -0.1517568817724878 0.06211252014789663 -0.09317455341772674 -0.1215483126724543 -0.00961051772476273 -0.03187999662618909 0.1305233708848415 0.1797032246883772 -0.1849407678094344 -0.01048964388444939 0.1226568673945412 -0.2954844850044292


# name: iter
# type: scalar
878


# name: c
# type: matrix
# rows: 1
# columns: 15
 0.3870634076725299 0.4872673009405783 0.2685151122424161 0.3137627282941907 0.5069030601614789 0.3274133154862103 0.224460337502367 0.5239011181759345 0.300838015221413 0.5288210792968279 0.349229274820467 0.1131214553834614 0.3328611093617269 0.5950796969404152 0.1947536073695116


# name: mean_corr
# type: matrix
# rows: 13
# columns: 1
 -0.001810341723301251
 0.02083865507706299
 0.02581968605911072
 0.0272298401128848
 0.05954706640046938
 0.07016915840551775
 0.08120202091940434
 0.1091054781886187
 0.1164404801936421
 0.1383670804214295
 0.1382821422432598
 0.1384840597565417
 0.3635993745913019


# name: mean_error
# type: matrix
# rows: 13
# columns: 1
 1.403899532680433
 1.393998323912551
 1.37831822100474
 1.377755072572271
 1.356955685733682
 1.362456117219289
 1.360293978891939
 1.338911688077882
 1.335292582785992
 1.314106883137361
 1.313012273742915
 1.312827513560101
 1.280892213978855


# name: iter_improve
# type: matrix
# rows: 13
# columns: 1
 1
 44
 72
 110
 112
 142
 170
 208
 212
 270
 736
 797
 878


# name: optim_start
# type: scalar
878


# name: optim_steps
# type: scalar
13


# name: VPVP_params
# type: scalar struct
# ndims: 2
 1 1
# length: 8
# name: lambda
# type: scalar
300000000


# name: downsample
# type: scalar
10


# name: MaxIter_X
# type: scalar
200


# name: MaxIter
# type: scalar
50


# name: optTol_X
# type: scalar
1e-06


# name: progTol_X
# type: scalar
1e-10


# name: optTol_aW
# type: scalar
0.0001


# name: progTol_aW
# type: scalar
1e-07




