# Created by Octave 3.8.1, Tue Nov 28 20:13:26 2017 ART <gabrevaya@ws14.labo2>
# name: y_start
# type: matrix
# rows: 15
# columns: 1
 0.62603818091486
 -0.3424373085095704
 -0.9599324741181672
 -0.5754685744662974
 -0.7622462763679283
 -0.3793365168356743
 0.2154577802523346
 -1.499671927648371
 0.2337157674439812
 -1.070505240233756
 -0.5140147347587573
 0.2754814871981094
 -0.1416096965205845
 0.730426496137011
 -0.6871391108526818


# name: alphas
# type: cell
# rows: 1
# columns: 3
# name: <cell-element>
# type: matrix
# rows: 15
# columns: 1
 0.4534527148218924
 0.1906938220796577
 0.6529806527195229
 0.7433259759000806
 0.578
 0.6390931319112383
 0.3773404635630164
 0.578
 0.578
 0.5184763329874706
 0.6186574257289995
 0.578
 0.5173832741710332
 0.578
 0.578



# name: <cell-element>
# type: matrix
# rows: 15
# columns: 1
 0.8092193301937124
 1.131286131885955
 0.8878124506017931
 1.048632274324432
 1
 0.8422800863576642
 1.069543258238988
 1
 1
 0.8981707585365686
 0.8814601963106047
 1
 0.8559758294784614
 1
 1



# name: <cell-element>
# type: matrix
# rows: 15
# columns: 1
 11.40603034577928
 11.20873106324715
 11.4042485121845
 11.32007651021161
 11.38
 11.35475821480606
 11.37006012983088
 11.38
 11.38
 11.11617070485474
 11.67443609606329
 11.38
 11.54123954007628
 11.38
 11.38





# name: W
# type: matrix
# rows: 15
# columns: 15
 0 0 0 0 0 0 0 0 0 0 0 0 0 0 0
 0 0 0 0 0 0 0 0 0 0 0 0 0 0 0
 0 0 0 0 0 0 0 0 0 0 0 0 0 0 0
 0 0 0 0 0 0 0 0 0 0 0 0 0 0 0
 0 0 0 0 0 0 0 0 0 0 0 0 0 0 0
 0 0 0 0 0 0 0 0 0 0 0 0 0 0 0
 0 0 0 0 0 0 0 0 0 0 0 0 0 0 0
 0 0 0 0 0 0 0 0 0 0 0 0 0 0 0
 0 0 0 0 0 0 0 0 0 0 0 0 0 0 0
 0 0 0 0 0 0 0 0 0 0 0 0 0 0 0
 0 0 0 0 0 0 0 0 0 0 0 0 0 0 0
 0 0 0 0 0 0 0 0 0 0 0 0 0 0 0
 0 0 0 0 0 0 0 0 0 0 0 0 0 0 0
 0 0 0 0 0 0 0 0 0 0 0 0 0 0 0
 0 0 0 0 0 0 0 0 0 0 0 0 0 0 0


# name: iter
# type: scalar
820


# name: c
# type: matrix
# rows: 1
# columns: 15
 -0.006649287125605636 -0.03179105037069001 0.2404664455098116 0.07326845150842326 0.2539544514315029 -0.03934344781675923 0.008462189534807126 0.436743280908407 0.2131230161884232 0.271203304966809 -0.02947731552824752 0.0392581135174106 0.08668703024179995 0.05579986253573441 -0.0150683909720742


# name: mean_corr
# type: matrix
# rows: 16
# columns: 1
 -0.06340859242716999
 -0.05503592387151907
 -0.02840643912864444
 -0.002364963222854231
 0.0119828131681537
 0.04785431075673718
 0.04980455765307907
 0.07793717744021164
 0.08668424870090399
 0.09163533430583125
 0.09182441756703925
 0.09147893019180392
 0.09701724092263933
 0.09858645649186666
 0.107320220315714
 0.1076754109699927


# name: mean_error
# type: matrix
# rows: 16
# columns: 1
 1.471303273926206
 1.465434957505314
 1.45026129229592
 1.434402259574484
 1.429696972793986
 1.404535906648278
 1.40748607398588
 1.396285648011341
 1.393217455779333
 1.378480083904182
 1.371351227804027
 1.360342083255254
 1.367974598591657
 1.371485094899248
 1.364404157786599
 1.364737895393975


# name: iter_improve
# type: matrix
# rows: 16
# columns: 1
 1
 17
 28
 35
 42
 86
 88
 94
 128
 175
 218
 233
 236
 275
 276
 575


# name: optim_start
# type: scalar
820


# name: optim_steps
# type: matrix
# rows: 0
# columns: 0


# name: VPVP_params
# type: scalar struct
# ndims: 2
 1 1
# length: 8
# name: lambda
# type: scalar
300000000


# name: downsample
# type: scalar
10


# name: MaxIter_X
# type: scalar
200


# name: MaxIter
# type: scalar
50


# name: optTol_X
# type: scalar
1e-06


# name: progTol_X
# type: scalar
1e-10


# name: optTol_aW
# type: scalar
0.0001


# name: progTol_aW
# type: scalar
1e-07




