# Created by Octave 3.8.1, Tue Nov 28 20:17:17 2017 ART <gabrevaya@ws14.labo2>
# name: y_start
# type: matrix
# rows: 15
# columns: 1
 0.6260381416872384
 -0.3424372880133047
 -0.9599324650461778
 -0.5754685813038485
 -0.7622462469371533
 -0.3793365223769046
 0.2154577737059247
 -1.499671906094318
 0.233715773477298
 -1.070505263193074
 -0.5140147329004582
 0.2754814847940946
 -0.1416096926223636
 0.7304264987925119
 -0.6871391038698385


# name: alphas
# type: cell
# rows: 1
# columns: 3
# name: <cell-element>
# type: matrix
# rows: 15
# columns: 1
 0.4746205255070394
 0.127932346153781
 0.591638981015427
 0.6454161826588334
 0.5527912536748534
 0.5842932460034529
 0.3299391259467214
 0.5180723073935759
 0.569239555547015
 0.4775472925259928
 0.5100110058471287
 0.4726956448941623
 0.4876532705410399
 0.548327665673019
 0.5415137901535045



# name: <cell-element>
# type: matrix
# rows: 15
# columns: 1
 0.7499065804277059
 0.7499208991187246
 0.9838535973916619
 1.151776023697764
 0.8264814545849178
 0.958123685574795
 1.08240396292753
 0.9586268588593696
 0.9851821389547379
 0.8150554483037713
 0.7346559510078333
 1.081085208697923
 0.8782227902378144
 0.690791650015973
 0.971709770077072



# name: <cell-element>
# type: matrix
# rows: 15
# columns: 1
 11.39773199793242
 11.17585033889726
 11.4138337613513
 11.32986073349803
 11.36414104695442
 11.36273055119378
 11.3716459961492
 11.39134195905605
 11.37890589239506
 11.10722192589001
 11.66230866586737
 11.38738649616572
 11.54113003370245
 11.36453549544447
 11.37695277429058





# name: W
# type: matrix
# rows: 15
# columns: 15
 0.03852636838339323 0.05207471221264825 0.0526398379712698 0.2484101901726075 -0.03781759684589385 0.06788709865762955 0.1139126624918059 0.002385551808052756 -0.01499463314022152 -0.01946347100220686 -0.08980482482509933 0.1209781285706419 -0.07289259962924996 -0.0928816895983194 0.1651080038499918
 -0.09322429179231638 0.01593873554059866 -0.2029297234687577 -0.1820326696094121 0.1693301750996112 -0.1019250772127548 -0.1002544743134408 0.08868483426608409 0.01446365142604025 -0.06004220604969115 0.2142112015157443 -0.1247011801801585 0.09507498154355629 0.2571599720954384 -0.3680429143556561
 0.03775993439843971 -0.08525782392870382 -0.06394416219705762 -0.2174031500945509 -0.07556426551192343 -0.03294158931241279 -0.03837364997395015 -0.1138187021076358 0.04683940344883993 -0.04440895335096931 -0.04810710712579928 -0.01793945528380905 0.03521699773075517 -0.005401962397506754 -0.00520008661139643
 0.04378288241349915 -0.0458747059684103 -0.04427199418797955 -0.3002737068456051 0.03602842210547894 -0.09667615259841299 -0.0797393103790415 0.01469834180640949 0.0558262272957234 0.0999081594473795 0.0736463931212793 -0.1068812794418923 0.1492918699071754 -0.007705513045371011 -0.1454668950236925
 -0.169114010702419 0.1817632804491437 -0.1149411547556235 0.02401214138915604 0.05070386291685911 0.01665918489868846 0.08174123107134028 0.05880173795368877 0.04362822763663005 -0.144312179345144 -0.02823126212910598 0.03540489266716051 -0.03297297760899961 0.08425886888141552 -0.05621066262755308
 0.05369423163834112 -0.0661581308194369 -0.002764859535094534 -0.1385610578685643 0.03700641878052043 -0.07819077464124892 -0.1468887778046049 -0.02932191210183828 -0.05991087879746575 0.07576986707226664 0.1433152802992331 -0.1525169348226048 0.03453077516529237 0.06045204299095958 -0.2039516536526955
 0.09665869624458102 -0.1150469554439531 -0.04872485800468157 -0.23348413252634 0.07497823569061941 -0.09482223083951999 -0.1403017413972281 0.04291798253697765 0.009024665811152729 0.1362075693775527 0.1528582475286364 -0.1518746856183512 0.1456387228201997 0.02788066690913492 -0.22548393524967
 -0.01032764391968592 0.07443581965794754 -0.1338296980981527 0.05443638770104663 0.02553906831058611 -0.02979080192874672 0.06395891501294645 0.0125335496243776 0.03992295143343746 -0.09953394637734317 -0.02401657809760195 0.03152388642768935 0.0274144056834266 0.03741163935688675 -0.1154823218900558
 0.08314347504678582 -0.03513116080657893 0.007171902039043386 -0.03853114096301741 0.01276983805190731 -0.02595646643019847 -0.02619777264695118 0.01051744150420454 -0.01306835195552803 0.07966516124080027 0.03421832182381054 -0.02510842539373138 0.04411744234372014 -0.03476780958290749 -0.02852520691289562
 -0.03532384196638175 0.005545048496913058 -0.001604838736518067 0.01250183158598741 -0.04279628436243412 0.03046299729530708 0.01992704637923269 -0.05351420881575245 0.002260705190550051 -0.08342989022910635 -0.04810936316861526 0.03998660074643284 -0.06165882382895688 0.01642540177623017 0.05927972273223747
 -0.2571092802166587 0.2099366436847842 -0.06397836148764252 0.1509280855019716 -0.04197554130566616 0.1202368850704935 0.1954984408504492 0.01138007038439069 0.06376240821596528 -0.2768171646945556 -0.2579833044382054 0.2025759375205538 -0.1519102421490466 0.03466834893262813 0.2289108629749802
 0.006641034504949826 -0.05924406794165861 -0.03776559730112208 -0.1407409814211196 0.04916556787903446 -0.05162590279060078 -0.16154521595361 -0.02982605698596935 -0.04799219555784843 0.0287182596563122 0.1567831111754914 -0.2011294598614196 0.02569536527200835 0.07274571963643169 -0.2541330429697884
 -0.02345801719777506 0.06726465463104478 -0.004647671857893634 0.1273467365988996 -0.03598260418022522 0.05155252534785144 0.1547795367635111 0.02759464108778915 0.05519025268634245 -0.0762457349881584 -0.1366412510264804 0.1684508140532461 -0.03466305040114297 -0.05992972162470705 0.2172102513759349
 -0.2582109471453038 0.1270779193912657 0.03463393874561307 0.2005193106093072 0.09638984366603041 0.1109360949059837 0.1597273652303594 0.1881026223792541 0.01446861180415331 -0.07905274604501977 -0.02193152544322689 0.1565671818569244 -0.09448982028801373 0.04561600644089293 0.2807281894147507
 0.06396371733685663 -0.08774854982564348 -0.02007781774872409 -0.2333394229429707 0.04246212790147932 -0.08676624392026291 -0.2282138239364209 -0.06551086167042189 -0.05269246558053626 0.1101165400315381 0.180195359696184 -0.2666667394675626 0.0723703829936706 0.04248916428535328 -0.3936095785682489


# name: iter
# type: scalar
820


# name: c
# type: matrix
# rows: 1
# columns: 15
 0.4446865548737449 0.5427497320376461 0.4720687035279348 0.2984003066925902 0.5671203412618115 0.4447507151766417 0.2014158620837664 0.524998780838791 0.3033145954378835 0.5132313149527413 0.4361652364787691 0.1287127437136944 0.4470180808524488 0.5031303399472697 0.2024653794024747


# name: mean_corr
# type: matrix
# rows: 17
# columns: 1
 -0.06340859242716999
 -0.05503592387151907
 -0.02840643912864444
 -0.002364963222854231
 0.0119828131681537
 0.04785431075673718
 0.04980455765307907
 0.07793717744021164
 0.08668424870090399
 0.09163533430583125
 0.09182441756703925
 0.09147893019180392
 0.09701724092263933
 0.09858645649186666
 0.107320220315714
 0.1076754109699927
 0.4020152458185473


# name: mean_error
# type: matrix
# rows: 17
# columns: 1
 1.471303273926206
 1.465434957505314
 1.45026129229592
 1.434402259574484
 1.429696972793986
 1.404535906648278
 1.40748607398588
 1.396285648011341
 1.393217455779333
 1.378480083904182
 1.371351227804027
 1.360342083255254
 1.367974598591657
 1.371485094899248
 1.364404157786599
 1.364737895393975
 1.283562390310135


# name: iter_improve
# type: matrix
# rows: 17
# columns: 1
 1
 17
 28
 35
 42
 86
 88
 94
 128
 175
 218
 233
 236
 275
 276
 575
 820


# name: optim_start
# type: scalar
820


# name: optim_steps
# type: scalar
17


# name: VPVP_params
# type: scalar struct
# ndims: 2
 1 1
# length: 8
# name: lambda
# type: scalar
300000000


# name: downsample
# type: scalar
10


# name: MaxIter_X
# type: scalar
200


# name: MaxIter
# type: scalar
50


# name: optTol_X
# type: scalar
1e-06


# name: progTol_X
# type: scalar
1e-10


# name: optTol_aW
# type: scalar
0.0001


# name: progTol_aW
# type: scalar
1e-07




