# Created by Octave 4.0.0, Sat Jan 06 20:49:54 2018 ART <gabrevaya@ws11.labo5>
# name: y_start
# type: matrix
# rows: 10
# columns: 1
 -0.9887306955335142
 -0.1915290155659414
 -1.336691501455319
 -0.3292374921616906
 0.5457602324137005
 0.7236335502831195
 0.2717426381013955
 -0.2516650901968517
 -0.4141268500454353
 1.214202446601578


# name: alphas
# type: cell
# rows: 1
# columns: 3
# name: <cell-element>
# type: matrix
# rows: 10
# columns: 1
 0.8072743217298581
 0.2815636558383319
 0.1431634322996979
 0.7764786127344774
 0.430137145374119
 0.5778560392431866
 0.5980808585797699
 1.191113825309167
 0.5980164985841965
 0.6442830337973273



# name: <cell-element>
# type: matrix
# rows: 10
# columns: 1
 1.322564064551582
 0.9191198858052172
 1.168422843390597
 1.019145572152859
 1.294560953533698
 1.13294855520832
 1.235795132368603
 0.6502999425404978
 1.161212539117192
 1.315896848618153



# name: <cell-element>
# type: matrix
# rows: 10
# columns: 1
 11.71083559577439
 11.24613034773975
 11.26992892216569
 11.24253810986788
 11.22435959698572
 11.26617792307593
 11.68638031703784
 11.14230171642262
 11.64417912244321
 11.40741883795149





# name: W
# type: matrix
# rows: 10
# columns: 10
 0 0 0 0 0 0 0 0 0 0
 0 0 0 0 0 0 0 0 0 0
 0 0 0 0 0 0 0 0 0 0
 0 0 0 0 0 0 0 0 0 0
 0 0 0 0 0 0 0 0 0 0
 0 0 0 0 0 0 0 0 0 0
 0 0 0 0 0 0 0 0 0 0
 0 0 0 0 0 0 0 0 0 0
 0 0 0 0 0 0 0 0 0 0
 0 0 0 0 0 0 0 0 0 0


# name: iter
# type: scalar
736


# name: c
# type: matrix
# rows: 1
# columns: 10
 0.07409333071418983 0.3348279472179937 0.2307931171001167 0.1439628566296127 0.4861923850197541 -0.08860045960634839 0.02954757005203721 0.2722009851924497 0.04626730661418522 0.04129628903386857


# name: mean_corr
# type: matrix
# rows: 25
# columns: 1
 -0.1520046672483671
 -0.05536765913248611
 -0.05349693352471228
 -0.06929620435062522
 -0.06634261469136757
 -0.06111716816106514
 -0.03812209338655582
 -0.03045336381500607
 -0.0228845200557603
 0.04029560162535646
 0.04059490225503038
 0.04714484229199276
 0.08807733882772195
 0.1070637285098869
 0.1273354917391125
 0.1366594202716593
 0.1459566162274927
 0.1465494886828498
 0.1475847879616515
 0.1475378754079593
 0.1482590325739617
 0.1786835799762903
 0.1787584340035184
 0.1795463727089788
 0.1792415717165334


# name: mean_error
# type: matrix
# rows: 25
# columns: 1
 1.508715029060644
 1.482876593538986
 1.481045706184605
 1.48043549947194
 1.479134325199988
 1.479300271125924
 1.462712864174788
 1.456628145044181
 1.452840523549576
 1.421273697658574
 1.421095532402776
 1.420521901778237
 1.401102700815384
 1.391196611332505
 1.382743338133841
 1.385853752750491
 1.380321417359959
 1.370625816479149
 1.373424749662956
 1.365172785180414
 1.364031878281145
 1.366397520073377
 1.366815219355652
 1.357995383514133
 1.354578363471082


# name: iter_improve
# type: matrix
# rows: 25
# columns: 1
 1
 6
 15
 31
 34
 47
 127
 135
 138
 155
 194
 211
 212
 214
 231
 251
 254
 276
 327
 375
 528
 665
 719
 724
 733


# name: optim_start
# type: scalar
736


# name: optim_steps
# type: matrix
# rows: 0
# columns: 0


# name: VPVP_params
# type: scalar struct
# ndims: 2
 1 1
# length: 8
# name: lambda
# type: scalar
300000000


# name: downsample
# type: scalar
10


# name: MaxIter_X
# type: scalar
200


# name: MaxIter
# type: scalar
50


# name: optTol_X
# type: scalar
1e-06


# name: progTol_X
# type: scalar
1e-10


# name: optTol_aW
# type: scalar
0.0001


# name: progTol_aW
# type: scalar
1e-07




