# Created by Octave 4.0.0, Sat Jan 06 20:52:00 2018 ART <gabrevaya@ws11.labo5>
# name: y_start
# type: matrix
# rows: 10
# columns: 1
 -0.9887306589627809
 -0.1915290264633261
 -1.336691510163457
 -0.3292374882313657
 0.5457602191015553
 0.723633554206746
 0.2717426410668001
 -0.2516651046424917
 -0.4141268554242046
 1.214202461558041


# name: alphas
# type: cell
# rows: 1
# columns: 3
# name: <cell-element>
# type: matrix
# rows: 10
# columns: 1
 0.7243280234758381
 0.3047744002089229
 0.1330949725991211
 0.7116369985723509
 0.4907004243234639
 0.4890714643532207
 0.5580813777919884
 1.185471796549292
 0.581210073051377
 0.7046875910670564



# name: <cell-element>
# type: matrix
# rows: 10
# columns: 1
 1.456286785889062
 1.018138772351825
 1.294380160616399
 1.016019284011876
 1.252629570816897
 1.072814725472325
 1.295174530030484
 0.5647899155479937
 1.271961677351465
 1.424841462919012



# name: <cell-element>
# type: matrix
# rows: 10
# columns: 1
 11.73834058357807
 11.2537952821834
 11.28439717172304
 11.23551646106243
 11.2150618476917
 11.26275789803015
 11.69342030355685
 11.12806260942253
 11.65777671288094
 11.42160375413867





# name: W
# type: matrix
# rows: 10
# columns: 10
 -0.1469769637222754 0.1171717966006387 -0.04884685636288419 -0.2631669924582319 -0.0620688670043511 0.06801120184910305 -0.03613692884614277 -0.2266289784185845 -0.06285741539412208 0.1976789809789388
 -0.01164444114168602 0.03944526930934277 -0.07823718483887589 -0.04449408790212869 -0.07391007572855315 0.02408527094895277 0.06002464761709417 -0.1283058321874795 0.1278517663123562 -0.04079583866531814
 -0.007532731968190555 -0.03159748282399086 -0.07231825198066155 0.08478580952308451 0.1815724161922113 0.09089612859723108 0.08206761482871136 0.00183673544850411 0.3336825627184834 -0.130954534581569
 -0.1226004098531946 -0.01040734674967845 0.1464305157245618 -0.0102727516936021 0.1685766585258274 0.09035896917806668 -0.08698180786021485 -0.02384479385040061 0.07915761879795154 0.1264898566466864
 0.02737846398104631 -0.03635212936720866 0.05605141957430433 0.09795616019482015 0.168898005710364 0.1139928602983804 0.06332312363912065 -0.1652778024593234 0.04548400471880467 -0.05246572279898991
 0.03205051762126636 -0.02341499241633511 0.0314975674906868 0.06524457731796549 -0.05068358101553942 -0.09888068665174418 -0.04777177710799546 0.01290218052535208 0.09354615114317989 -0.03311729745739206
 -0.1212389807910768 0.1295738972578848 0.08794428326095771 -0.2331259249269022 -0.02121188495306425 0.07336926870404412 -0.07738254821522438 0.00545952029106537 -0.09397132001354555 0.2454428015342326
 -0.05318728639722209 0.03680106513507219 0.1914006179100669 -0.07153137339994713 -0.03037485271062755 -0.02030382823321724 -0.1137398324007519 -0.1187653444217737 -0.0850687249564484 0.154964052914529
 -0.09068415676527446 0.1127211792199376 0.1368967447137892 -0.2074459840440118 0.08989250998035814 0.1239477298496093 -0.07766438216369555 -0.1581980457927335 -0.03833997684683271 0.2076091927291931
 0.2046244479135967 0.05138909435567266 -0.2759957267862778 -0.1188857485167401 -0.1497790008149714 -0.06515242339342678 0.1374363221006429 0.04573577871926848 0.1029893135965571 -0.3231916877246956


# name: iter
# type: scalar
736


# name: c
# type: matrix
# rows: 1
# columns: 10
 0.3819624203983437 0.4579680715436937 0.4215769404589104 0.4392914593253163 0.6742134059821222 0.2301573412949661 0.1818226891196717 0.5749523476038264 0.3810049752433198 0.2211378397892187


# name: mean_corr
# type: matrix
# rows: 26
# columns: 1
 -0.1520046672483671
 -0.05536765913248611
 -0.05349693352471228
 -0.06929620435062522
 -0.06634261469136757
 -0.06111716816106514
 -0.03812209338655582
 -0.03045336381500607
 -0.0228845200557603
 0.04029560162535646
 0.04059490225503038
 0.04714484229199276
 0.08807733882772195
 0.1070637285098869
 0.1273354917391125
 0.1366594202716593
 0.1459566162274927
 0.1465494886828498
 0.1475847879616515
 0.1475378754079593
 0.1482590325739617
 0.1786835799762903
 0.1787584340035184
 0.1795463727089788
 0.1792415717165334
 0.3964087490759389


# name: mean_error
# type: matrix
# rows: 26
# columns: 1
 1.508715029060644
 1.482876593538986
 1.481045706184605
 1.48043549947194
 1.479134325199988
 1.479300271125924
 1.462712864174788
 1.456628145044181
 1.452840523549576
 1.421273697658574
 1.421095532402776
 1.420521901778237
 1.401102700815384
 1.391196611332505
 1.382743338133841
 1.385853752750491
 1.380321417359959
 1.370625816479149
 1.373424749662956
 1.365172785180414
 1.364031878281145
 1.366397520073377
 1.366815219355652
 1.357995383514133
 1.354578363471082
 1.242318391645196


# name: iter_improve
# type: matrix
# rows: 26
# columns: 1
 1
 6
 15
 31
 34
 47
 127
 135
 138
 155
 194
 211
 212
 214
 231
 251
 254
 276
 327
 375
 528
 665
 719
 724
 733
 736


# name: optim_start
# type: scalar
736


# name: optim_steps
# type: scalar
26


# name: VPVP_params
# type: scalar struct
# ndims: 2
 1 1
# length: 8
# name: lambda
# type: scalar
300000000


# name: downsample
# type: scalar
10


# name: MaxIter_X
# type: scalar
200


# name: MaxIter
# type: scalar
50


# name: optTol_X
# type: scalar
1e-06


# name: progTol_X
# type: scalar
1e-10


# name: optTol_aW
# type: scalar
0.0001


# name: progTol_aW
# type: scalar
1e-07




