# Created by Octave 3.8.1, Tue Nov 28 20:11:50 2017 ART <gabrevaya@ws7.labo2>
# name: y_start
# type: matrix
# rows: 15
# columns: 1
 -1.981352331460554
 0.3464176482274531
 -0.3311830554437025
 -0.2612194672286289
 -0.6490927390143855
 2.695620984800263
 1.464556487501899
 1.448953733461007
 0.2559934113323969
 0.1861431988652761
 -0.4767663195926524
 -1.138419739343804
 -1.551697452552928
 0.6955756704588213
 0.4670569808904699


# name: alphas
# type: cell
# rows: 1
# columns: 3
# name: <cell-element>
# type: matrix
# rows: 15
# columns: 1
 0.5568499903970141
 0.6154044248702033
 0.5800801268882663
 0.6205679150324315
 0.5650096824818196
 0.668970316126594
 0.530325360302392
 0.6297710544774401
 0.5675938555156705
 0.3257351701986278
 0.4484907285421633
 0.4886050616301005
 0.3915415706708416
 0.5573858706299303
 0.5524431416633802



# name: <cell-element>
# type: matrix
# rows: 15
# columns: 1
 0.8476029313828738
 0.821614642858049
 1.021083288302092
 1.102397962382674
 0.7871756083353931
 0.8487605093346415
 1.067478726477336
 1.179016156037845
 0.9849654186063347
 1.03118736406979
 0.8281754301941325
 0.9966972427363442
 0.9065714308261542
 0.7110485806003477
 0.9615537082427983



# name: <cell-element>
# type: matrix
# rows: 15
# columns: 1
 11.4825091854188
 11.62959573609424
 11.38075951760322
 11.44898083605494
 11.35918267156666
 11.3116869699088
 11.51716167510838
 11.3295514093072
 11.37884089329378
 11.03677675399189
 11.34694566233318
 11.3814170281462
 11.30446074250024
 11.36415008636668
 11.37413746131105





# name: W
# type: matrix
# rows: 15
# columns: 15
 -0.09712540121413757 0.02650654605619471 -0.001988706756173998 0.1523908044037872 -0.05850713184912246 0.105240781334131 0.07998220049448511 0.01783167909253647 -0.0119213583810797 -0.09105059831976699 -0.101453464451277 0.04969067665673094 -0.1321748412513328 -0.01918934773911325 0.1213868777717434
 -0.007464275390287285 -0.04674209668093963 -0.09511176467204006 -0.08205650284060731 0.1702147449952067 -0.04815802549920273 -0.06165060726527367 0.182882897264194 0.005288271592299491 0.1721352144543304 0.2105160140433661 -0.1108233945008338 0.1337723346850634 0.1245296827816712 -0.2750241220554095
 -0.0270401710914496 -0.06923907447757238 0.01072131690581625 -0.1794534342693959 -0.04682369124325118 0.04910156851400518 -0.004929861852821975 0.01647571710975381 0.03577093691234324 0.09084901945000375 -0.01042476689223614 -0.07302574889680306 -0.001386985454969759 -0.01127827165104376 0.01438836236904528
 -0.01466063573394866 -0.04143701908153132 -0.004689740278581321 -0.282076016944899 0.05146484907988689 -0.0359188846748093 -0.07669968600129805 -0.0493628301190204 0.03325836996765447 0.1324980142483165 0.1254669288229477 -0.1379550330586371 0.1272446303403932 0.01454018911932714 -0.1643424458729389
 -0.1624199269689803 0.1787770712742808 -0.04106669138266696 0.09648451777639908 0.05513026058887294 0.08153759553896209 0.08904685929243732 0.08449131302533883 0.01249610560062185 -0.01576915609825465 0.01582120241886477 0.0361661661957199 -0.03815412541066072 0.06931556652216292 -0.02141837948221004
 0.2081991844280881 -0.0347335935352612 0.01755113659230099 0.01754015399908001 0.05449884004765055 -0.2636552428085056 -0.09590879535756662 -0.1160264825244066 -0.0303772046791469 -0.03199261938266287 0.07264561998858117 0.0170755958687721 0.1375498237904769 -0.03739411644465528 -0.09757563871833524
 0.09121380374256752 -0.1335989441023749 -0.03382112505748848 -0.1958807617655964 0.08859811972235548 -0.1092014827378749 -0.1780261413974146 -0.03668065092473274 -0.01700193134828154 0.1130982412091037 0.1911822620422668 -0.161425488769355 0.1484689008220484 0.03277450225369158 -0.2592210801186111
 0.1052580506951934 0.0008947009657465327 -0.02479604600635878 0.1120361988512795 0.08616396564577475 -0.1247419652904992 0.02616862247469507 0.07591000871975066 0.02621196533474402 0.03922283277108009 0.05670720558203985 0.01798064154062826 0.1570402961700423 -0.08125641245615413 -0.08997517893631879
 0.05450235666918873 -0.04350451445284161 0.0007228585704118432 -0.04827889224250816 -0.007132601076270063 -0.03929668864602248 -0.03040128415142052 0.006469502457289587 -0.01365389126590196 0.02007210830514907 0.03056619088563918 -0.02676332538588175 0.03991099557964757 -0.02051994135820955 -0.03428250815486684
 0.1371501103758677 -0.01080071020984357 0.07916018001770576 0.1064051638389198 -0.1074352467173312 -0.06674309490508688 0.08471565332135045 -0.05506940753383497 0.02493933686437397 -0.1073089502129838 -0.1602060202465664 0.1747189547897935 0.002906319833315732 -0.1271072180875923 0.2793930054754131
 -0.1664684065518393 0.2319266444355526 -0.003368843686306285 0.2018850302531079 -0.009433230878931742 0.1300734945771881 0.2095297308426017 0.1520893156400389 0.03958347093342616 -0.06076162098005132 -0.1697178453247576 0.1878840117629867 -0.1247253326768383 0.009146913091443486 0.2412362462659576
 -0.1047824713812379 -0.05353611769280306 -0.04039251368763697 -0.1490836703900893 0.04139781198296007 0.07733273048630651 -0.1266046912175402 -0.05754004962512692 -0.03008219728322126 0.04441908922681449 0.1194609394276899 -0.1845333920253116 -0.02921355739972195 0.09127124564030469 -0.1972951010586962
 -0.06463988695397203 0.05876455234252149 1.292474899008262e-05 0.06541627096855107 -0.04926492127365982 0.08899526300960413 0.1437234550466859 0.1652999630304056 0.04648441524559149 0.02246283326365103 -0.1059878161480812 0.07492733327491745 -0.06145261080017456 -0.04523899365076686 0.1590309802359313
 -0.04803369283091921 0.2021438926045416 0.002352460643892427 0.1964108760730784 0.07699183774495012 -0.02397529245869068 0.1064230411691214 -0.01694681289468435 0.008694228971966053 -0.1047032456401555 -0.07322403267528117 0.2512821169174715 -0.02049546773318652 0.04333918936224116 0.1939704349943811
 0.01249982107876923 -0.1230324092774263 -0.01719869553647384 -0.1924709218096534 0.05686043125888016 -0.05360752233907618 -0.1939275791324871 -0.1657515462665443 -0.03228356988033706 0.05863219425204724 0.1750238521182807 -0.2184618467980871 0.08165732139913651 0.03194929053319476 -0.3115917171074403


# name: iter
# type: scalar
660


# name: c
# type: matrix
# rows: 1
# columns: 15
 0.3211194135181592 0.443579835437806 0.5101164032489209 0.3163465582215873 0.5036933035319914 0.1503317402930419 0.1839805321656553 0.7192792767280791 0.2916228394742524 0.4263482419820688 0.2566447348132582 0.009231178325854992 0.4218770306800103 0.4559585941782561 0.2092835584298733


# name: mean_corr
# type: matrix
# rows: 18
# columns: 1
 -0.1172219723044209
 -0.1168562399720825
 -0.07841290000028707
 -0.04776806799953878
 -0.04594427587115976
 -0.04045297562340875
 -0.0235044292883332
 -0.008227019145247736
 -0.006834179985553454
 -0.005217372304077788
 -0.004338520930070785
 0.01663551199944735
 0.03024427390226882
 0.03539650619582269
 0.03740683100651383
 0.04611281881452978
 0.04616188309912544
 0.3479608827352543


# name: mean_error
# type: matrix
# rows: 18
# columns: 1
 1.483392469294146
 1.483106004660766
 1.456838703693865
 1.447522292405421
 1.448075957616235
 1.445783547242578
 1.433178764635399
 1.422829232161429
 1.422522690501665
 1.416007087941529
 1.416015174123003
 1.405923852900656
 1.401882998708342
 1.396212697134664
 1.401233781920789
 1.395400079270968
 1.395280427785214
 1.323010433925445


# name: iter_improve
# type: matrix
# rows: 18
# columns: 1
 1
 30
 75
 84
 90
 112
 130
 132
 150
 220
 224
 229
 236
 240
 251
 326
 395
 660


# name: optim_start
# type: scalar
660


# name: optim_steps
# type: scalar
18


# name: VPVP_params
# type: scalar struct
# ndims: 2
 1 1
# length: 8
# name: lambda
# type: scalar
300000000


# name: downsample
# type: scalar
10


# name: MaxIter_X
# type: scalar
200


# name: MaxIter
# type: scalar
50


# name: optTol_X
# type: scalar
1e-06


# name: progTol_X
# type: scalar
1e-10


# name: optTol_aW
# type: scalar
0.0001


