# Created by Octave 3.8.1, Tue Nov 28 20:07:02 2017 ART <gabrevaya@ws7.labo2>
# name: y_start
# type: matrix
# rows: 15
# columns: 1
 -1.98135229413327
 0.3464175398420241
 -0.3311831062044905
 -0.2612194436707154
 -0.6490928668174343
 2.695620985323682
 1.464556513262781
 1.448953798058247
 0.2559934070074817
 0.1861432161901092
 -0.4767663451308689
 -1.138419730835122
 -1.551697450086281
 0.6955756190526536
 0.4670569546317306


# name: alphas
# type: cell
# rows: 1
# columns: 3
# name: <cell-element>
# type: matrix
# rows: 15
# columns: 1
 0.6145495203698665
 0.6768756157335433
 0.578
 0.7289729225330338
 0.578
 0.7834384743833843
 0.5910314893548322
 0.6202203988467537
 0.578
 0.3997551884691618
 0.5033793631135135
 0.578
 0.4345102565683615
 0.578
 0.578



# name: <cell-element>
# type: matrix
# rows: 15
# columns: 1
 0.8253643500074443
 1.092271490762979
 1
 1.035130805714592
 1
 0.86017278491468
 1.033454145892966
 1.09209062958115
 1
 1.231416035299395
 0.9794820819887711
 1
 0.9468408497714387
 1
 1



# name: <cell-element>
# type: matrix
# rows: 15
# columns: 1
 11.47535372795757
 11.65256983104986
 11.38
 11.44268781903009
 11.38
 11.30574176498943
 11.50934821617516
 11.3217684547776
 11.38
 11.05652605603305
 11.36163429038302
 11.38
 11.30662466670873
 11.38
 11.38





# name: W
# type: matrix
# rows: 15
# columns: 15
 0 0 0 0 0 0 0 0 0 0 0 0 0 0 0
 0 0 0 0 0 0 0 0 0 0 0 0 0 0 0
 0 0 0 0 0 0 0 0 0 0 0 0 0 0 0
 0 0 0 0 0 0 0 0 0 0 0 0 0 0 0
 0 0 0 0 0 0 0 0 0 0 0 0 0 0 0
 0 0 0 0 0 0 0 0 0 0 0 0 0 0 0
 0 0 0 0 0 0 0 0 0 0 0 0 0 0 0
 0 0 0 0 0 0 0 0 0 0 0 0 0 0 0
 0 0 0 0 0 0 0 0 0 0 0 0 0 0 0
 0 0 0 0 0 0 0 0 0 0 0 0 0 0 0
 0 0 0 0 0 0 0 0 0 0 0 0 0 0 0
 0 0 0 0 0 0 0 0 0 0 0 0 0 0 0
 0 0 0 0 0 0 0 0 0 0 0 0 0 0 0
 0 0 0 0 0 0 0 0 0 0 0 0 0 0 0
 0 0 0 0 0 0 0 0 0 0 0 0 0 0 0


# name: iter
# type: scalar
660


# name: c
# type: matrix
# rows: 1
# columns: 15
 0.1782573971841166 -0.0620383172695255 -0.03115582261342257 0.04400941727004232 0.235439421683321 0.07562260576275055 -0.04234996534837907 0.04188635779231669 0.2086424317151624 -0.02455939722090486 -0.05093777197917654 0.0889652030534554 -0.07038543184675139 0.06187446993968484 0.03748191665865939


# name: mean_corr
# type: matrix
# rows: 17
# columns: 1
 -0.1172219723044209
 -0.1168562399720825
 -0.07841290000028707
 -0.04776806799953878
 -0.04594427587115976
 -0.04045297562340875
 -0.0235044292883332
 -0.008227019145247736
 -0.006834179985553454
 -0.005217372304077788
 -0.004338520930070785
 0.01663551199944735
 0.03024427390226882
 0.03539650619582269
 0.03740683100651383
 0.04611281881452978
 0.04616188309912544


# name: mean_error
# type: matrix
# rows: 17
# columns: 1
 1.483392469294146
 1.483106004660766
 1.456838703693865
 1.447522292405421
 1.448075957616235
 1.445783547242578
 1.433178764635399
 1.422829232161429
 1.422522690501665
 1.416007087941529
 1.416015174123003
 1.405923852900656
 1.401882998708342
 1.396212697134664
 1.401233781920789
 1.395400079270968
 1.395280427785214


# name: iter_improve
# type: matrix
# rows: 17
# columns: 1
 1
 30
 75
 84
 90
 112
 130
 132
 150
 220
 224
 229
 236
 240
 251
 326
 395


# name: optim_start
# type: scalar
660


# name: optim_steps
# type: matrix
# rows: 0
# columns: 0


# name: VPVP_params
# type: scalar struct
# ndims: 2
 1 1
# length: 8
# name: lambda
# type: scalar
300000000


# name: downsample
# type: scalar
10


# name: MaxIter_X
# type: scalar
200


# name: MaxIter
# type: scalar
50


# name: optTol_X
# type: scalar
1e-06


# name: progTol_X
# type: scalar
1e-10


# name: optTol_aW
# type: scalar
0.0001


# name: progTol_aW
# type: scalar
1e-07




