# Created by Octave 3.8.1, Tue Nov 28 19:57:47 2017 ART <gabrevaya@ws13.labo1>
# name: y_start
# type: matrix
# rows: 15
# columns: 1
 0.5906025049485122
 0.4094443540036419
 -1.029468101429677
 -1.596841405359978
 -0.925054622276541
 0.5101867661527508
 -1.394883950599058
 -1.032984430810199
 -0.2113650027035273
 0.03334146785676835
 1.717886891542825
 -0.5910755581569116
 -0.2297335554893435
 1.319630039933315
 0.7383048656616801


# name: alphas
# type: cell
# rows: 1
# columns: 3
# name: <cell-element>
# type: matrix
# rows: 15
# columns: 1
 0.8059783162580997
 0.5922312155567619
 0.4879676978825485
 0.4081056195532234
 0.5892701053282868
 0.4549390652476962
 0.3055579272805047
 0.4537885040214008
 0.5523439229440226
 0.6742075921452514
 0.6162659022770419
 0.3513707081960292
 0.596441273815621
 0.5013261724746783
 0.5793476954727673



# name: <cell-element>
# type: matrix
# rows: 15
# columns: 1
 0.7866555551618524
 0.7983035414530353
 0.9209001542214109
 1.126384968633291
 0.907976667009803
 0.9071767816465641
 1.099290526454698
 0.9768267962792259
 1.083138705829668
 0.7799699022493034
 1.254816731922019
 1.03789581202639
 0.8643887273384734
 0.7246012196317445
 0.8346767813643298



# name: <cell-element>
# type: matrix
# rows: 15
# columns: 1
 11.3626402299707
 11.46390232826571
 11.3886456001015
 11.40434894821364
 11.36284028782886
 11.50613218420466
 11.27391231009418
 11.34926757158826
 11.54536314528336
 11.38000324741204
 11.29662192751577
 11.2755607396907
 11.22557220302506
 11.26050046749501
 11.5214462656607





# name: W
# type: matrix
# rows: 15
# columns: 15
 -0.05568091291193473 0.03803738579593149 0.004847432054463542 0.1787024760270697 -0.04267995508056825 0.06443037398947563 0.09715650073688716 -0.01723426167591482 -0.01020655787961626 -0.02797865083857287 -0.1137141860656417 0.1266156556923257 -0.06859738447829608 -0.06006950397828185 0.1892210266595912
 -0.02158804604031107 -0.07679716906156235 -0.07964198141994913 -0.03812105747598983 0.1549076919864259 -0.07180008341262277 -0.04815281776266207 0.1401088997763542 0.002635629562095179 0.0738602662672552 0.194169994506987 -0.10850060932964 0.07104372663220723 0.1127742879247961 -0.2673856989080218
 0.04325442332225198 0.01334792490891373 -0.03430327907462782 -0.1610586891501603 -0.06574366922770247 -0.007371956234779614 -0.06671697571717214 -0.04068604737529442 0.02636094895802161 0.05038476657212005 0.1068629794909385 -0.04260484058087944 0.04872940243381931 -0.02083534794302398 0.03420412447690233
 0.007227802255992165 0.04422732105923482 -0.026786326940558 -0.2407041577170761 0.01616991218747295 -0.05231737542604503 -0.07772338133916383 0.03176633863327428 0.05314415505907058 0.07770599862341278 0.1090405993150005 -0.1164825867355488 0.09911927858274429 0.007503782645597484 -0.1093128868365759
 -0.1356815745824222 0.1949113109703774 -0.06484956911050073 0.03084348979131857 -0.004655408101075078 0.03299322176391207 0.06810876998486273 0.07924018833072989 0.04606907258913345 -0.0981162606618763 0.05181954432758573 0.01966031214112499 -0.0303658815994785 0.03850403493939093 0.001469304118061353
 0.02912689390279958 -0.09485622040071055 -0.0004503105313986818 -0.07132866704617846 0.04826369288500253 -0.08795378760703944 -0.08728004605017532 -0.02455008184395392 -0.03309934602018489 0.06391886467091118 -0.06451031477809009 -0.1351693432489795 0.04066742487636093 0.05670011404462417 -0.2166929267597532
 0.05637284606322236 -0.03526242261569304 -0.035113190984118 -0.2484801580012863 0.01329338726645023 -0.05203988182478496 -0.1517258728194748 -0.001704657715808278 0.004166095598225148 0.07822406691945701 0.2244913633745695 -0.1415849409538257 0.08337468035506755 0.04128734225678311 -0.1401804295641471
 0.0212071519940366 0.07413173267699749 -0.08256104771878757 0.07692538602795289 0.05506724630890512 0.02151036362871358 0.01878593416568432 0.100464414359651 0.0005295117764344217 0.03856257997264335 0.1776138475168272 0.01661245232738403 0.0355764628047754 0.02260231104051402 -0.01731965257981309
 0.05043976801069188 -0.0412318973112728 0.01024018107197881 -0.07110568003366606 -0.01695631994850375 0.0006881093711473274 -0.03990583279173056 -0.02052192032466277 -0.0123018703127171 0.03401966346240126 0.08329747984698195 -0.01696538336797819 0.01593035937755231 -0.02296330800145899 0.009144940337380211
 -0.03381499486045961 0.06050461552651632 0.0005045585538216119 0.05819398431184174 -0.04115617774614445 0.04319072010182266 0.04080172071862859 -0.01826118327636615 -0.002730319418989287 -0.08788588525949048 -0.006464775622221707 0.06567853370401391 -0.05059485701873252 -0.001278949892184938 0.09097623425021126
 -0.09797615565738366 0.1166945432860309 0.002209812870148176 0.1943038109661497 0.05018697409973088 0.03152061086725093 0.1172887124044017 0.06711884984166031 0.01659806985756528 -0.05613487286612912 -0.3389930097489581 0.04947964099559823 -0.03391578561520714 -0.003490803384211171 0.01530773040124199
 -0.00604693007042839 0.01448556896160087 -0.04676378955240952 -0.1584826840514791 0.025490580927244 -0.03346314170650879 -0.1676527650505645 -0.04307223442400988 -0.03670428395738577 0.01351782318183222 -0.01318880380047106 -0.2050580225455061 0.01025711292757217 0.09758757447899662 -0.2254846370672351
 -0.02599212693377955 0.07490988162486496 -0.006150131511106895 0.1064071512481093 -0.02129943554452521 0.06828673131466942 0.1059238915364085 0.04076319761998366 0.0311583818539701 -0.04982325848844552 0.05929747722186616 0.131606679445205 -0.06166576569544068 -0.0517466018662117 0.1899488872223966
 -0.2142585338588979 0.1254326552972303 0.04622736305926493 0.2443441406340092 0.06649760773932477 0.03607850282275374 0.2409880990983061 0.1064396207304064 0.0575015140764928 -0.1949465766344284 -0.1878851767114639 0.1824185323257034 -0.1047059091378751 -0.007475535154640917 0.1013118016662266
 0.1227132574385491 -0.1300504670204397 -0.02028858561029226 -0.07618272004732657 0.0785520558236884 -0.0990240822131358 -0.1032064465381889 0.03719584034961641 -0.02067728789377614 0.1944280134471366 -0.08910392536452594 -0.1847715826940883 0.1451071992835882 -0.01479044146353128 -0.3218021574426245


# name: iter
# type: scalar
557


# name: c
# type: matrix
# rows: 1
# columns: 15
 0.4176748879650546 0.4614318310585639 0.4823304072000124 0.319839621679297 0.5041817145475732 0.2931580340198746 0.2243010929914498 0.5857777159908835 0.2940999708902959 0.4831965907636465 -0.02897804130832459 0.08809171605575879 0.4045581160520146 0.4834210072272025 0.2600765776943817


# name: mean_corr
# type: matrix
# rows: 14
# columns: 1
 -0.07410538605697564
 -0.04982217554586531
 -0.0467559257115517
 -0.0457055519795244
 -0.03733496897507606
 -0.03499407809030861
 -0.005269263130525085
 0.0713150818583841
 0.07848234292426697
 0.08389397214135609
 0.09611231068087399
 0.09608467334063585
 0.09615709480153235
 0.3515440828551791


# name: mean_error
# type: matrix
# rows: 14
# columns: 1
 1.467409508100552
 1.451632733959286
 1.448296945746516
 1.447665634699143
 1.443334982126637
 1.446494928361379
 1.424876464159557
 1.381420085403088
 1.368995000872796
 1.367167136962534
 1.358737089652978
 1.358140705877456
 1.357746875696286
 1.312231384571825


# name: iter_improve
# type: matrix
# rows: 14
# columns: 1
 1
 3
 11
 14
 18
 40
 64
 93
 185
 194
 222
 325
 418
 557


# name: optim_start
# type: scalar
557


# name: optim_steps
# type: scalar
14


# name: VPVP_params
# type: scalar struct
# ndims: 2
 1 1
# length: 8
# name: lambda
# type: scalar
300000000


# name: downsample
# type: scalar
10


# name: MaxIter_X
# type: scalar
200


# name: MaxIter
# type: scalar
50


# name: optTol_X
# type: scalar
1e-06


# name: progTol_X
# type: scalar
1e-10


# name: optTol_aW
# type: scalar
0.0001


# name: progTol_aW
# type: scalar
1e-07




