# Created by Octave 3.8.1, Tue Nov 28 19:53:35 2017 ART <gabrevaya@ws13.labo1>
# name: y_start
# type: matrix
# rows: 15
# columns: 1
 0.5906025120140342
 0.4094443419006012
 -1.029468100247547
 -1.596841401578904
 -0.9250546282020103
 0.5101867705201699
 -1.394883946014927
 -1.032984447432199
 -0.2113650033333643
 0.03334147598129167
 1.717886897822981
 -0.5910755587027944
 -0.2297335596381321
 1.31963006719352
 0.7383048663498488


# name: alphas
# type: cell
# rows: 1
# columns: 3
# name: <cell-element>
# type: matrix
# rows: 15
# columns: 1
 0.8416876238378835
 0.662123139085086
 0.5227665773582033
 0.4986870046551229
 0.6292241355178132
 0.5187685151526165
 0.3563751426435154
 0.4302466124067554
 0.5613830995651305
 0.7105064018980839
 0.6929391591363812
 0.4516837169242743
 0.6383269393936833
 0.5511375542082155
 0.5931132812754152



# name: <cell-element>
# type: matrix
# rows: 15
# columns: 1
 0.7164859585051361
 0.8230003257351421
 0.7988477756164395
 1.046381004246627
 1.071922193844078
 0.8637376917531058
 1.042873968090016
 0.991355878612297
 1.106498294922025
 0.8855274808053862
 1.311571251984464
 0.9876254455297978
 0.8141667003974378
 0.9512367929781902
 0.8935859594132153



# name: <cell-element>
# type: matrix
# rows: 15
# columns: 1
 11.36143840857047
 11.47282770687998
 11.37754475442266
 11.39656663357133
 11.38082528726058
 11.50281339171939
 11.26888250735458
 11.34359793333365
 11.54789568880976
 11.39090508862692
 11.30075608032669
 11.27034382096153
 11.22231654345886
 11.26468641868373
 11.52717597729644





# name: W
# type: matrix
# rows: 15
# columns: 15
 0 0 0 0 0 0 0 0 0 0 0 0 0 0 0
 0 0 0 0 0 0 0 0 0 0 0 0 0 0 0
 0 0 0 0 0 0 0 0 0 0 0 0 0 0 0
 0 0 0 0 0 0 0 0 0 0 0 0 0 0 0
 0 0 0 0 0 0 0 0 0 0 0 0 0 0 0
 0 0 0 0 0 0 0 0 0 0 0 0 0 0 0
 0 0 0 0 0 0 0 0 0 0 0 0 0 0 0
 0 0 0 0 0 0 0 0 0 0 0 0 0 0 0
 0 0 0 0 0 0 0 0 0 0 0 0 0 0 0
 0 0 0 0 0 0 0 0 0 0 0 0 0 0 0
 0 0 0 0 0 0 0 0 0 0 0 0 0 0 0
 0 0 0 0 0 0 0 0 0 0 0 0 0 0 0
 0 0 0 0 0 0 0 0 0 0 0 0 0 0 0
 0 0 0 0 0 0 0 0 0 0 0 0 0 0 0
 0 0 0 0 0 0 0 0 0 0 0 0 0 0 0


# name: iter
# type: scalar
557


# name: c
# type: matrix
# rows: 1
# columns: 15
 0.2406276927530782 -0.08603960041312708 0.164167271831315 0.1598339179613045 -0.03154675388842272 -0.06198565563494091 0.05292389528202953 0.5141197629270678 -0.05722740741323727 0.02226968270624548 -0.094668559131869 0.08815834609665449 0.2934998221317262 0.1245514507950952 0.1146707939721166


# name: mean_corr
# type: matrix
# rows: 13
# columns: 1
 -0.07410538605697564
 -0.04982217554586531
 -0.0467559257115517
 -0.0457055519795244
 -0.03733496897507606
 -0.03499407809030861
 -0.005269263130525085
 0.0713150818583841
 0.07848234292426697
 0.08389397214135609
 0.09611231068087399
 0.09608467334063585
 0.09615709480153235


# name: mean_error
# type: matrix
# rows: 13
# columns: 1
 1.467409508100552
 1.451632733959286
 1.448296945746516
 1.447665634699143
 1.443334982126637
 1.446494928361379
 1.424876464159557
 1.381420085403088
 1.368995000872796
 1.367167136962534
 1.358737089652978
 1.358140705877456
 1.357746875696286


# name: iter_improve
# type: matrix
# rows: 13
# columns: 1
 1
 3
 11
 14
 18
 40
 64
 93
 185
 194
 222
 325
 418


# name: optim_start
# type: scalar
557


# name: optim_steps
# type: matrix
# rows: 0
# columns: 0


# name: VPVP_params
# type: scalar struct
# ndims: 2
 1 1
# length: 8
# name: lambda
# type: scalar
300000000


# name: downsample
# type: scalar
10


# name: MaxIter_X
# type: scalar
200


# name: MaxIter
# type: scalar
50


# name: optTol_X
# type: scalar
1e-06


# name: progTol_X
# type: scalar
1e-10


# name: optTol_aW
# type: scalar
0.0001


# name: progTol_aW
# type: scalar
1e-07




