# Created by Octave 3.8.1, Tue Nov 28 20:09:10 2017 ART <gabrevaya@ws11.labo2>
# name: y_start
# type: matrix
# rows: 15
# columns: 1
 0.3492803762231904
 0.75447938825022
 -0.6543271063479609
 -0.004947558676750747
 -0.4047940230979181
 0.08664835121138295
 -1.56857581261211
 -0.2786627152952073
 1.232742959899685
 -0.2055234197645801
 -0.876866493548093
 0.5947765737786956
 -1.937652142827029
 1.104249784660559
 1.140993306538383


# name: alphas
# type: cell
# rows: 1
# columns: 3
# name: <cell-element>
# type: matrix
# rows: 15
# columns: 1
 0.6894037449111323
 0.576979319331315
 0.578
 0.578
 0.5795752483410747
 0.578
 0.578
 0.578
 0.578
 0.6492470735104234
 0.578
 0.578
 0.4008139167115954
 0.578
 0.578



# name: <cell-element>
# type: matrix
# rows: 15
# columns: 1
 0.7631960899053959
 0.8601967454624047
 1
 1
 0.8618143470611281
 1
 1
 1
 1
 0.9319537377771209
 1
 1
 0.7083497666985704
 1
 1



# name: <cell-element>
# type: matrix
# rows: 15
# columns: 1
 11.44914041060317
 11.33960529995394
 11.38
 11.38
 11.52100336156555
 11.38
 11.38
 11.38
 11.38
 11.2159829554707
 11.38
 11.38
 11.28954666932055
 11.38
 11.38





# name: W
# type: matrix
# rows: 15
# columns: 15
 0 0 0 0 0 0 0 0 0 0 0 0 0 0 0
 0 0 0 0 0 0 0 0 0 0 0 0 0 0 0
 0 0 0 0 0 0 0 0 0 0 0 0 0 0 0
 0 0 0 0 0 0 0 0 0 0 0 0 0 0 0
 0 0 0 0 0 0 0 0 0 0 0 0 0 0 0
 0 0 0 0 0 0 0 0 0 0 0 0 0 0 0
 0 0 0 0 0 0 0 0 0 0 0 0 0 0 0
 0 0 0 0 0 0 0 0 0 0 0 0 0 0 0
 0 0 0 0 0 0 0 0 0 0 0 0 0 0 0
 0 0 0 0 0 0 0 0 0 0 0 0 0 0 0
 0 0 0 0 0 0 0 0 0 0 0 0 0 0 0
 0 0 0 0 0 0 0 0 0 0 0 0 0 0 0
 0 0 0 0 0 0 0 0 0 0 0 0 0 0 0
 0 0 0 0 0 0 0 0 0 0 0 0 0 0 0
 0 0 0 0 0 0 0 0 0 0 0 0 0 0 0


# name: iter
# type: scalar
95


# name: c
# type: matrix
# rows: 1
# columns: 15
 0.2062628355849101 -0.06395221689901522 -0.146796925066131 -0.09844974087641876 0.2319835099319849 -0.2458629307330142 0.03024227214667302 0.6232476453979199 0.1073476585002656 -0.09424872126918288 -0.05780044145395355 0.09816742170479417 -0.08968253909506015 -0.00497848621783785 0.06905751579317511


# name: mean_corr
# type: matrix
# rows: 9
# columns: 1
 -0.0542255411527959
 -0.05042338884569748
 -0.04632398868179906
 -0.03671920694415521
 -0.0325324013525858
 -0.01596676259694196
 -0.003307911913149079
 -0.001840454400334057
 0.02896402301339007


# name: mean_error
# type: matrix
# rows: 9
# columns: 1
 1.467015683255384
 1.463758216133295
 1.4618114076311
 1.450993229484521
 1.45017290352891
 1.442263197792806
 1.429937586347864
 1.430068810394352
 1.410231253672596


# name: iter_improve
# type: matrix
# rows: 9
# columns: 1
 1
 5
 25
 27
 35
 50
 72
 78
 83


# name: optim_start
# type: scalar
95


# name: optim_steps
# type: matrix
# rows: 0
# columns: 0


# name: VPVP_params
# type: scalar struct
# ndims: 2
 1 1
# length: 8
# name: lambda
# type: scalar
300000000


# name: downsample
# type: scalar
10


# name: MaxIter_X
# type: scalar
200


# name: MaxIter
# type: scalar
50


# name: optTol_X
# type: scalar
1e-06


# name: progTol_X
# type: scalar
1e-10


# name: optTol_aW
# type: scalar
0.0001


# name: progTol_aW
# type: scalar
1e-07




