# Created by Octave 3.8.1, Tue Nov 28 20:19:16 2017 ART <gabrevaya@ws11.labo2>
# name: y_start
# type: matrix
# rows: 15
# columns: 1
 0.3492803744066641
 0.7544793927299348
 -0.6543271160736653
 -0.004947552292158964
 -0.4047940483029457
 0.08664836271133777
 -1.568575826322893
 -0.2786627306278437
 1.232742953083463
 -0.2055234317668355
 -0.876866503897251
 0.5947765645510215
 -1.937652132055901
 1.10424977746285
 1.140993309525256


# name: alphas
# type: cell
# rows: 1
# columns: 3
# name: <cell-element>
# type: matrix
# rows: 15
# columns: 1
 0.6037433721679144
 0.517524955679218
 0.4897756673144544
 0.5156226015192102
 0.5749004082641044
 0.5173321046504282
 0.4805389681284338
 0.6088680629925672
 0.4791705685363902
 0.4138537261777829
 0.4748609350119339
 0.4482237317188809
 0.3192853141053394
 0.5054400571061285
 0.4731038330008448



# name: <cell-element>
# type: matrix
# rows: 15
# columns: 1
 1.046256371002933
 0.19149810339918
 0.5847584636942433
 1.425293584978551
 1.052960199995373
 1.17421197082409
 1.098859447240296
 1.066916988373789
 1.074370853362211
 0.3887091540904197
 1.050098139012296
 1.101738573598133
 1.208256254938944
 0.976509374464311
 0.3065605773316921



# name: <cell-element>
# type: matrix
# rows: 15
# columns: 1
 11.41302929610024
 11.23257706388129
 11.3420581597472
 11.41817926485311
 11.52842521568063
 11.39113620620842
 11.39674146781538
 11.39188966653812
 11.39217436001309
 11.17454373539667
 11.37897235000162
 11.38974546078244
 11.33733832419348
 11.37844025935012
 11.33359995280388





# name: W
# type: matrix
# rows: 15
# columns: 15
 -0.1995086898983163 0.1246396411197021 -0.01218684245148733 0.1781876357635067 -0.1893408551491184 0.2078747149458249 0.1584308783430472 -0.1324893363516115 0.03541873371105455 -0.1917386522781797 -0.3143774798400333 0.2666431881411172 -0.2446505993558332 -0.2567916338692726 0.2195452081391965
 -0.03591849391760966 -0.1958372145006063 -0.2217871589113722 -0.3120424284351101 0.1137804079435124 -0.1533544304470409 -0.3072804186201222 -0.03810201718667447 -0.1097282235246434 -0.1367857564576951 0.1987222774579047 -0.2719212896733388 -0.1442618014699345 0.1498135116267316 -0.3598335524798296
 -0.01440766111369416 0.1120975533004759 -0.1309593208326836 0.04891313961938994 -0.1018021448831639 -0.03601175065976463 0.002073761165933664 0.0360395883804509 0.1891176957926839 -0.1273628853101918 -0.05491042672786718 0.1075289338611588 0.01082484012514597 0.000867538810461848 -0.08691002836900173
 0.1698789376252701 -0.09819865161441213 0.08273477579410803 -0.2008535812764468 0.2018661598813934 -0.1855914623471292 0.06233494478809303 0.1847455214524738 0.02842905903375271 0.1620185312499836 0.09437347870132977 0.04475120082601849 -0.03414682155825098 -0.04582822858702604 -0.0726449806580126
 0.007331013406175005 0.0773695386136376 0.004336234955217653 0.0384284827796685 0.03164562765500041 -0.1523598629777678 0.1634285309955856 0.2163462122000174 0.1378761955073504 0.04331445273714484 -0.02240711022366517 0.1786064643636756 -0.1713172056759927 0.0305322658442324 0.009343105887615931
 -0.008474448395647507 -0.001464600725765829 -0.05896057847545306 -0.0609987266415179 0.0364336244511556 -0.1165054793329707 -0.03888816528488889 0.01100999712760645 -0.09613953335082158 0.03702292199634979 0.1252636013933399 -0.1236807585242101 0.05580263463296199 0.04857800632250336 -0.1639719993172506
 0.1279418357365919 0.006818006146802988 -0.03768913055026119 -0.2779638660469826 0.1653559679779572 -0.2109186235538757 -0.2623247287308001 -0.02486762021697351 0.03445459979581201 0.06581916979658392 0.1271913482076485 -0.1813227804320701 0.1994716303505524 0.03996885544537214 -0.09456271144549735
 0.2148747458895687 -0.08050946677179874 0.1676523647225261 -0.1150899046277939 0.1682831160956169 0.05180479129656683 0.2088380104258467 0.06542243466864332 -0.1385508037900432 0.01455909239069846 0.212070537044147 0.08825490465799776 -0.08390522518946922 -0.02624102050821189 0.1363544057489777
 0.02341358946986593 -0.04282083262957925 -0.04339245199765201 0.1278731673483445 0.07386971480422289 -0.04409401128122886 0.05870719787766216 -0.01502404678764803 -0.1376405510461267 -0.0006250276719155031 0.04750444634021275 -0.08263154393830155 0.2098263132920264 -0.05477327305800264 -0.01309589964940884
 0.006303618136457867 0.06124181295212299 0.1610485759557329 0.1251915833647595 0.01618644111392305 0.1369826348598628 0.1821649073675097 0.06690218323669098 0.0216605690079636 -0.3893003642297072 -0.09825268762193365 0.1744383822842413 -0.01528648965579541 -0.08318137335273675 0.3007197920608909
 0.02643243894705256 -0.0903582303369961 0.2147511530240177 0.08319390543398185 0.05184249716820746 0.1044817166647374 0.1767432050877795 0.1020390719945215 0.08994898244757821 0.06000451830181983 -0.3487980696996864 0.2388298026639032 -0.1246761448278123 -0.1934698927962457 0.06841041499316815
 -0.01447587435529457 -0.008292571941035026 -0.03891169109285466 -0.03894666938833975 0.03158195294841563 -0.1016217121261279 -0.1933248600402298 -0.0820763527713919 -0.07563306652090136 0.05525692913160857 0.1481703852793904 -0.2723891879399503 0.1824412673321532 0.08613006205747814 -0.07740132790170359
 0.1344682359021121 -0.08228248177838647 0.007739081583576051 -0.0468389417311639 0.03203737824154738 -0.08538989847131175 0.00402891261062543 -0.03434430373821968 0.07573513366947136 0.04410799886162163 -0.1492350746578087 0.1362157493734145 -0.246548157879947 -0.1852595049311698 -0.01697116717108341
 -0.08234338154870925 -0.3233318806509889 0.2065473063731922 0.05915837356255862 0.1920937369115225 -0.05287851831553658 0.09139759989518881 0.1292902631172012 -0.09251126564498881 0.3425075318065715 -0.03753010989746274 -0.04242579753693547 0.04639649379154898 -0.1360943908174786 -0.2314634447350386
 0.004846463013270002 0.09511313155824981 0.02342303674381949 -0.03927281526408919 0.0007271226457261435 -0.1185997571164366 -0.09489551010878108 0.001268658093838682 0.07453522424041804 -0.01715064539491501 0.1346150205143359 -0.05528962527518514 0.04327960451840092 0.06584955817633575 -0.3529315142550449


# name: iter
# type: scalar
95


# name: c
# type: matrix
# rows: 1
# columns: 15
 0.5768315012705704 0.6963780082758082 0.3459519838165305 0.4725013081668368 0.421169592468612 0.4024091594383721 0.3374286215034494 0.6882885664192524 0.2846154048895306 0.2059418817165335 0.04333630151040624 0.1276676266146153 0.2866843422983829 0.317346772366862 0.59696064289577


# name: mean_corr
# type: matrix
# rows: 10
# columns: 1
 -0.0542255411527959
 -0.05042338884569748
 -0.04632398868179906
 -0.03671920694415521
 -0.0325324013525858
 -0.01596676259694196
 -0.003307911913149079
 -0.001840454400334057
 0.02896402301339007
 0.386900780910102


# name: mean_error
# type: matrix
# rows: 10
# columns: 1
 1.467015683255384
 1.463758216133295
 1.4618114076311
 1.450993229484521
 1.45017290352891
 1.442263197792806
 1.429937586347864
 1.430068810394352
 1.410231253672596
 1.251369156530887


# name: iter_improve
# type: matrix
# rows: 10
# columns: 1
 1
 5
 25
 27
 35
 50
 72
 78
 83
 95


# name: optim_start
# type: scalar
95


# name: optim_steps
# type: scalar
10


# name: VPVP_params
# type: scalar struct
# ndims: 2
 1 1
# length: 8
# name: lambda
# type: scalar
300000000


# name: downsample
# type: scalar
10


# name: MaxIter_X
# type: scalar
200


# name: MaxIter
# type: scalar
50


# name: optTol_X
# type: scalar
1e-06


# name: progTol_X
# type: scalar
1e-10


# name: optTol_aW
# type: scalar
0.0001


# name: progTol_aW
# type: scalar
1e-07




