# Created by Octave 3.8.1, Tue Nov 28 19:52:17 2017 ART <gabrevaya@ws10.labo1>
# name: y_start
# type: matrix
# rows: 15
# columns: 1
 0.005427935378393922
 -1.179876288763823
 -0.3412573528805491
 -0.05503850042504323
 -1.928082371794686
 -0.6945312535598712
 -0.7578871175040318
 -1.4013315063823
 0.6670577080505983
 -0.1006275262621165
 -0.2835075148540208
 -1.575509310774911
 0.2843888751288529
 0.01858804613440839
 0.2414411372035075


# name: alphas
# type: cell
# rows: 1
# columns: 3
# name: <cell-element>
# type: matrix
# rows: 15
# columns: 1
 0.4306339264706575
 0.578
 0.578
 0.578
 0.578
 0.7123295718556678
 0.578
 0.578
 0.578
 0.578
 0.578
 0.578
 0.578
 0.578
 0.578



# name: <cell-element>
# type: matrix
# rows: 15
# columns: 1
 0.9289961279530367
 1
 1
 1
 1
 0.7956817313194783
 1
 1
 1
 1
 1
 1
 1
 1
 1



# name: <cell-element>
# type: matrix
# rows: 15
# columns: 1
 11.31471272027304
 11.38
 11.38
 11.38
 11.38
 11.39855090760257
 11.38
 11.38
 11.38
 11.38
 11.38
 11.38
 11.38
 11.38
 11.38





# name: W
# type: matrix
# rows: 15
# columns: 15
 0 0 0 0 0 0 0 0 0 0 0 0 0 0 0
 0 0 0 0 0 0 0 0 0 0 0 0 0 0 0
 0 0 0 0 0 0 0 0 0 0 0 0 0 0 0
 0 0 0 0 0 0 0 0 0 0 0 0 0 0 0
 0 0 0 0 0 0 0 0 0 0 0 0 0 0 0
 0 0 0 0 0 0 0 0 0 0 0 0 0 0 0
 0 0 0 0 0 0 0 0 0 0 0 0 0 0 0
 0 0 0 0 0 0 0 0 0 0 0 0 0 0 0
 0 0 0 0 0 0 0 0 0 0 0 0 0 0 0
 0 0 0 0 0 0 0 0 0 0 0 0 0 0 0
 0 0 0 0 0 0 0 0 0 0 0 0 0 0 0
 0 0 0 0 0 0 0 0 0 0 0 0 0 0 0
 0 0 0 0 0 0 0 0 0 0 0 0 0 0 0
 0 0 0 0 0 0 0 0 0 0 0 0 0 0 0
 0 0 0 0 0 0 0 0 0 0 0 0 0 0 0


# name: iter
# type: scalar
48


# name: c
# type: matrix
# rows: 1
# columns: 15
 -0.3837888744571701 -0.2258865676121734 -0.03608698826315524 -0.0950480083454569 0.3499294020023216 0.02876021254845444 -0.01011711841469742 0.448506931744372 0.1546874686429112 -0.3542648884883792 -0.09506797898813797 0.08397852013586891 -0.4374312926563238 0.1708439331923809 0.02695808267695756


# name: mean_corr
# type: matrix
# rows: 3
# columns: 1
 -0.03162703078086464
 -0.03083565252652437
 -0.02615785708891644


# name: mean_error
# type: matrix
# rows: 3
# columns: 1
 1.44367351206106
 1.445203604883064
 1.440914529244252


# name: iter_improve
# type: matrix
# rows: 3
# columns: 1
 1
 16
 17


# name: optim_start
# type: scalar
48


# name: optim_steps
# type: matrix
# rows: 0
# columns: 0


# name: VPVP_params
# type: scalar struct
# ndims: 2
 1 1
# length: 8
# name: lambda
# type: scalar
300000000


# name: downsample
# type: scalar
10


# name: MaxIter_X
# type: scalar
200


# name: MaxIter
# type: scalar
50


# name: optTol_X
# type: scalar
1e-06


# name: progTol_X
# type: scalar
1e-10


# name: optTol_aW
# type: scalar
0.0001


# name: progTol_aW
# type: scalar
1e-07




