# Created by Octave 3.8.1, Tue Nov 28 19:56:32 2017 ART <gabrevaya@ws10.labo1>
# name: y_start
# type: matrix
# rows: 15
# columns: 1
 0.005427956406200002
 -1.179876283499973
 -0.3412573594352578
 -0.05503848584750694
 -1.928082374195399
 -0.6945312415206153
 -0.7578870706389842
 -1.401331419536197
 0.6670577416051451
 -0.1006275502432842
 -0.2835075184293782
 -1.575509303144395
 0.2843889397220449
 0.01858802864300437
 0.2414411271925465


# name: alphas
# type: cell
# rows: 1
# columns: 3
# name: <cell-element>
# type: matrix
# rows: 15
# columns: 1
 0.4246096598067717
 0.5571736960595866
 0.5559741071511261
 0.498513970065478
 0.4865810078113679
 0.636188582050261
 0.4767152641947681
 0.5145294735134511
 0.5171658194589321
 0.5611505508556063
 0.4541087241254744
 0.4651804664852716
 0.5421939016251536
 0.4869965678862677
 0.5632976494004817



# name: <cell-element>
# type: matrix
# rows: 15
# columns: 1
 0.8975475841993781
 1.446362064818316
 1.021653227453878
 1.10307397073432
 0.9795388236366427
 0.9222122455136127
 1.086503221230035
 1.389407239639538
 1.077115718851553
 0.8234415448342274
 0.9526648858397926
 0.9649484815812612
 1.065774685703614
 0.9832242739440897
 0.956608026919706



# name: <cell-element>
# type: matrix
# rows: 15
# columns: 1
 11.31013904876728
 11.42183741766132
 11.37906014141077
 11.38790034982523
 11.37824233132589
 11.40822589444942
 11.38685613259023
 11.42790806111699
 11.38905461874099
 11.36531441138623
 11.37129498454579
 11.38201795129519
 11.38561736930671
 11.37404758894803
 11.36954692380792





# name: W
# type: matrix
# rows: 15
# columns: 15
 -0.004154523787756912 -0.1181913062935857 0.04945575784650992 0.2840090563506602 0.04768164199841573 0.05261375914900608 0.1812800741470834 -0.181411863262818 -0.01172115621522069 -0.02905948880516819 -0.1269656907627617 0.2528256909032401 -0.1971643996161721 -0.01590709844438 0.2119939327010044
 0.09997192086682601 -0.04692228599190672 -0.08594339762816754 -0.09693273766634014 0.2502387540077485 -0.1503816893046176 0.0003811387972933612 0.1369092456317029 -0.0009248733297973532 0.2589483000068866 0.2455664239994192 -0.08705459346956738 0.2446881715875432 0.1035651650872355 -0.3187792187498245
 0.03537518708068232 0.002597279811655631 -0.02970721337226545 -0.1287610091321855 -0.08124718814093015 -0.03204544037683394 -0.06282225185034361 -0.02551047504333263 0.07478227732568513 0.07414897829558757 0.01417986859011785 -0.08142882316767984 0.09377248390529917 -0.01040490866377059 -0.03981707402586211
 -0.01105779766242735 0.3517729584975895 -0.01647606156126721 -0.1913943797792628 0.04552288621372352 -0.1011304037547937 -0.04401895516790645 0.2300252778267862 0.03637509426747231 0.08683398367955221 0.110591378203504 -0.1108497998520747 0.1629689675327657 0.06504703784865648 -0.1670439766438581
 -0.1860388857590237 0.3197649949708078 -0.009271029839511452 0.1632824502142083 -0.1501150694221723 0.02802482747162262 0.1761500041688499 0.06052086354336235 0.08059439402122377 -0.1016352939563543 -0.04074526809117254 0.0520716269617787 0.06224152139816896 -0.02252765193026505 0.09764457314271625
 0.01221777623441984 0.08579998424493714 0.004254829129478038 -0.1932881430523342 -0.01559017025095292 -0.1257988110770774 -0.159849035530482 0.06603490073998011 -0.05953292856058902 -0.0003268236182484988 0.1015656820306314 -0.1501721395870859 -0.01437010208701194 0.05131747908820303 -0.1585612352815218
 0.0711477533347448 0.0344128771911108 -0.02136175741390519 -0.2873249876267378 0.00614087219571874 -0.1102050856345263 -0.224448287831223 0.2025623302379625 -0.0151820409233759 0.1105620195191713 0.14038158057179 -0.1885264549847045 0.1416339088386559 -0.0146283116655303 -0.2250319816084025
 0.1434203788114822 -0.1330554853035222 -0.01083704898015427 -0.02557049886269219 -0.1634133469328971 -0.1630296869939927 0.08357219145981166 -0.04836091832741433 0.1452030540446104 0.2525268316390643 0.06312119536890667 -0.01309863835580329 0.3196233271498868 -0.1211539780773953 -0.0104817628202127
 0.06900598659587126 0.2097278672015572 0.04148764516865561 -0.04747192763616751 0.0283355532145066 -0.03355570212116378 -0.01234225126632656 0.09314787982467963 -0.08637394312510129 0.07805705359325571 0.009705568602919932 0.02908268673044914 0.02036707432626597 -0.01674450006627483 -0.0005146454345923805
 0.00675301541927921 -0.02462422447449246 0.02014809608168991 0.07497010815279276 0.03436622498837807 0.01113580658899396 0.08478565675480659 0.02391362781045057 0.03652355616476865 -0.0599587403973036 -0.1027023838397521 0.1354813429584063 -0.08934919192168651 -0.04947815030306517 0.09148951244647312
 -0.1574861408841018 0.113338839145758 -0.04139452138172225 0.2877093668727824 -0.05081619080514434 0.1263194400330751 0.2541803847325571 0.1015297635638171 0.03232068577651902 -0.2152765931114207 -0.2972516753197 0.2316724983103515 -0.04575089494125383 -0.1018021149732979 0.3171202863782511
 -0.080530082438814 0.02886751101256679 -0.01075278563095246 -0.1738684430985436 -0.02548537370709554 -0.02398350162164599 -0.1934929945464804 0.02018430719733448 -0.04039826062149453 -0.01067659188064197 0.1247385387326008 -0.2603065559495303 0.00260276127368737 0.0827329634820417 -0.2055709480450951
 0.06150622722265715 0.1006464691044914 0.03101693650434751 0.1284333755007872 0.01778286732848158 0.01418030619286197 0.2148309322985597 0.1415367872558418 0.1216824639855617 -0.0181945756440878 -0.1812574905419396 0.2624913164565545 -0.0465981048028643 -0.1283132676863716 0.2413290337698998
 -0.2352527326478802 0.5488710487943287 -0.01858581409190655 0.2074560437882051 -0.03407427029060646 0.1046834294018395 0.1887826599382623 0.2285282665292438 0.01258703559204605 -0.1824059595822356 -0.07970637488822269 0.06897942733328559 0.04096422138461734 -0.09832013231332007 0.1602758711595071
 0.01580464527924528 0.151831558651027 0.03528781613453607 -0.272261952181117 0.03631934150352481 -0.09613824347136754 -0.2134859229623031 0.02875447119693891 0.003522360728290834 0.1307643575759804 0.1714459458472405 -0.2349886222075713 0.02804447179249191 0.1020077904429032 -0.3923012143844404


# name: iter
# type: scalar
48


# name: c
# type: matrix
# rows: 1
# columns: 15
 0.5026583422543279 0.4076371320705123 0.4925639373541625 0.4745431726775896 0.4825913614556829 0.3837821650589608 0.3411085585790326 0.5807832416124429 0.3657560285820058 0.4946866838333857 0.2166206578786347 0.07747418617462826 0.461980131154921 0.5332149976127813 0.2043354530813672


# name: mean_corr
# type: matrix
# rows: 4
# columns: 1
 -0.03162703078086464
 -0.03083565252652437
 -0.02615785708891644
 0.4013157366253625


# name: mean_error
# type: matrix
# rows: 4
# columns: 1
 1.44367351206106
 1.445203604883064
 1.440914529244252
 1.261350858183193


# name: iter_improve
# type: matrix
# rows: 4
# columns: 1
 1
 16
 17
 48


# name: optim_start
# type: scalar
48


# name: optim_steps
# type: scalar
4


# name: VPVP_params
# type: scalar struct
# ndims: 2
 1 1
# length: 8
# name: lambda
# type: scalar
300000000


# name: downsample
# type: scalar
10


# name: MaxIter_X
# type: scalar
200


# name: MaxIter
# type: scalar
50


# name: optTol_X
# type: scalar
1e-06


# name: progTol_X
# type: scalar
1e-10


# name: optTol_aW
# type: scalar
0.0001


# name: progTol_aW
# type: scalar
1e-07




