# Created by Octave 3.8.1, Tue Nov 28 19:56:36 2017 ART <gabrevaya@ws10.labo1>
# name: y_start
# type: matrix
# rows: 15
# columns: 1
 -1.024140163816445
 -1.488443300780898
 1.218176510344354
 -0.01629682489417166
 -1.370285099323163
 0.107015220361551
 0.1117964033965849
 -0.04859413762934883
 -0.003074004859313315
 -0.8543028649337047
 0.8992545281160771
 -1.265184362037949
 0.1172467584938556
 -0.1379868526739803
 -0.5833475203711975


# name: alphas
# type: cell
# rows: 1
# columns: 3
# name: <cell-element>
# type: matrix
# rows: 15
# columns: 1
 0.4810799890627077
 0.5847550922451371
 0.4891938676770463
 0.4808146897630083
 0.459634745309163
 0.6133859331421196
 0.4939764193492382
 0.591970599548779
 0.5311096548125508
 0.5373578879210223
 0.4386340231344866
 0.4458119458615141
 0.6474394260451203
 0.4681886570091097
 0.5572516937160562



# name: <cell-element>
# type: matrix
# rows: 15
# columns: 1
 1.413357498601405
 1.438008403841561
 1.040516485339104
 1.038372244137927
 0.9845834751874077
 1.18930495714131
 1.204228303447355
 0.9706560587618375
 0.9482327240094737
 0.8347167736383725
 0.9601649442370376
 1.000617898355954
 1.242563922601829
 1.062172022604988
 0.9405086118521273



# name: <cell-element>
# type: matrix
# rows: 15
# columns: 1
 11.70745751573075
 11.41726873650908
 11.34481961124907
 11.38106129297928
 11.37779350269914
 11.31341382766608
 11.39940504479457
 11.37501650513831
 11.37541493250608
 11.42980858718053
 11.3795089315417
 11.38678358499519
 11.28614326310272
 11.37959032598744
 11.3713455872201





# name: W
# type: matrix
# rows: 15
# columns: 15
 -0.1137169762103004 -0.06748007802433362 0.2110050249722445 -0.02358784398781405 -0.2694250433511194 0.06573740817394808 0.01754980068644813 -0.1898355645186713 -0.01076047483378639 -0.189223203311532 -0.1862451912235913 -0.002938798841563795 -0.04932966915612948 -0.1223900448704557 0.2876769109732899
 0.1064914248774782 0.02979172756244651 -0.1646120519148334 -0.2087488428650605 0.221471781048418 -0.1509560845597799 -0.05391641819901077 0.2370538136173992 0.02882037138697307 0.3127784350925424 0.2532084415019149 -0.07746325245259092 0.2324573426651912 0.06756978266031909 -0.3579502539140296
 -0.1070467385598468 0.2061558689505009 -0.1034191595256414 -0.1033568521888907 0.05486633285872927 -0.08069128122639427 -0.09512537194265565 -0.07185445543183211 0.07187885489643994 0.1155053236408876 -0.04289740102921289 -0.04618919303610453 0.01117061061703193 0.0219211595105522 0.04537505011767308
 0.003777302500109732 0.4799348305473807 -0.0739821380274065 -0.238722475825586 0.05892144095224432 -0.1736303512533836 -0.008148927896513081 0.1184630149340303 0.04807766247967016 0.08630374399696823 0.1481663601300543 -0.07208798020574783 0.2199512188313215 0.03075640473196132 -0.2209855967508612
 -0.06429443699963193 0.3490531701680975 -0.0423205793789428 0.2218023082231215 -0.1482565111154014 0.1008345591466325 0.2688139394927423 0.1546152619787088 0.07271739610011133 -0.1195302593360167 0.009322583636197935 0.1381550070716669 0.1126328602498233 -0.04971902609196834 0.1073324377644476
 0.1039665000667745 0.1419687578503554 -0.06516507296459779 -0.104352569701054 0.004262722743844766 -0.1341938168151096 -0.07203476796658208 -0.01853875512773593 -0.003017090178165308 0.002965386577004699 0.08133075483459344 -0.07627024633525445 -0.01157738551024009 -0.009464700221788292 -0.1155543325795199
 0.2687851029224656 0.1215588588362177 -0.09405609472904679 -0.3209738291271632 0.03669127316374492 -0.1640178463366075 -0.2162945972215176 0.03583984732197627 0.01275114386063091 0.1961186319424215 0.1241788410694392 -0.1532683982397563 0.1636948060958492 -0.008668287161310198 -0.2205431199968531
 0.08353100852996846 -0.1998226158846164 -0.1380300263199063 -0.02834169643814912 0.08031697673168518 0.05650497893995893 0.01436743736950359 0.1497537136587171 -0.01254090335068849 0.1130293284748385 0.07206996647217855 0.06306844335309532 -0.07281846371901521 -0.06159177131461319 -0.1032374505588691
 0.07518688646389313 0.1268547821212389 0.03915237015420127 -0.1013906597441993 0.005821918575015542 -0.006368664142258722 0.001366296292228081 0.02693206432617778 -0.06389768589274417 0.1093437024806539 -0.02015636392065326 0.02853713644961796 0.07165607554463294 0.001320658288255475 -0.02517086635793282
 0.004577608468854424 -0.08800876210503721 0.01067492423110059 0.05397091000420615 -0.07555378120135223 0.05768703355258865 0.09172857415768294 0.01887877473646933 0.05952682528221091 -0.0965897082624237 -0.08325767036853926 0.1366510410820571 -0.0200101877036634 -0.0009845683699206678 0.08261576497599604
 -0.02517954218488683 0.1859684119899845 -0.0536596807501669 0.325787496567739 0.02981234870347445 0.1751066024693694 0.2741219447134901 0.1388954334165668 0.04530645331876908 -0.2005420471830613 -0.3548617143002786 0.2937616753798439 -0.1107342633166106 -0.0842517515079441 0.3479635039225997
 0.06898879564306944 0.03242490242088895 0.001580288226619276 -0.1779966787785686 -0.03316242107013211 -0.09563853591903625 -0.1970139244068178 -0.03960041285520028 -0.03988545104274084 -0.0332704239308191 0.1729114762613536 -0.2983710843938569 0.06454457350141843 0.05793028287643365 -0.2668694373638467
 -0.06814679310395209 0.1662461351531967 0.002720627182494806 0.1049950838054245 -0.05664849966609749 0.04631871298363856 0.1310521345810583 -0.01669872417830117 0.1000733628928339 0.0008997979593046874 -0.2387271935556675 0.2043861289173327 -0.1144714033098985 -0.151259827550022 0.345685378710931
 -0.07180236881344583 0.6983729309161464 -0.196851206369449 0.2816447144908781 0.007038634535871043 0.06463039891069973 0.2773041606814795 0.1936733569512737 0.1038549353248375 -0.1819884116104852 -0.06361850087929535 0.1727562990940124 0.03887823247414318 -0.1395260301333202 0.1896174105355541
 -0.007341449719224423 0.1695825389401735 0.04613058295387538 -0.2756884139479695 0.01352101565543312 -0.1752160916351575 -0.1809802915639212 -0.05724393132508056 -0.01307160912393085 0.1280649979185966 0.1894883977690963 -0.2126564628177129 0.1362439907317825 0.05869247768158902 -0.4706459840832632


# name: iter
# type: scalar
118


# name: c
# type: matrix
# rows: 1
# columns: 15
 0.4891570435231056 0.4244665593970052 0.3627426912521499 0.5267241066781249 0.54416672889318 0.4476103330522411 0.3962747030096889 0.7135995169796822 0.3522261624346535 0.5238548665838063 0.1968463487491075 0.09381522769731898 0.4713197296232747 0.5811929085752547 0.2055050590112439


# name: mean_corr
# type: matrix
# rows: 8
# columns: 1
 -0.02743308726117451
 -0.01769284675099717
 0.02396035669050657
 0.02539940847861116
 0.03051896527952528
 0.04175412439688136
 0.04979161966190453
 0.4219667990306558


# name: mean_error
# type: matrix
# rows: 8
# columns: 1
 1.45027836215498
 1.44253130804502
 1.417833336531142
 1.416213917332801
 1.413964158201171
 1.406681302609514
 1.405456673944255
 1.223825402986669


# name: iter_improve
# type: matrix
# rows: 8
# columns: 1
 1
 3
 12
 45
 58
 98
 100
 118


# name: optim_start
# type: scalar
118


# name: optim_steps
# type: scalar
8


# name: VPVP_params
# type: scalar struct
# ndims: 2
 1 1
# length: 8
# name: lambda
# type: scalar
300000000


# name: downsample
# type: scalar
10


# name: MaxIter_X
# type: scalar
200


# name: MaxIter
# type: scalar
50


# name: optTol_X
# type: scalar
1e-06


# name: progTol_X
# type: scalar
1e-10


# name: optTol_aW
# type: scalar
0.0001


# name: progTol_aW
# type: scalar
1e-07




