# Created by Octave 3.8.1, Tue Nov 28 19:52:25 2017 ART <gabrevaya@ws10.labo1>
# name: y_start
# type: matrix
# rows: 15
# columns: 1
 -1.024140155484693
 -1.488443314143865
 1.218176524237884
 -0.01629684161771337
 -1.3702851113303
 0.1070152183365632
 0.111796430466381
 -0.04859419017691671
 -0.00307401241938118
 -0.8543028653871561
 0.8992545235269912
 -1.265184371379547
 0.1172468063924344
 -0.1379868597158216
 -0.5833475162121993


# name: alphas
# type: cell
# rows: 1
# columns: 3
# name: <cell-element>
# type: matrix
# rows: 15
# columns: 1
 0.5717292710424361
 0.578
 0.5682617601621821
 0.578
 0.578
 0.6932293317956989
 0.578
 0.578
 0.578
 0.5588105474343779
 0.578
 0.578
 0.7184796088165896
 0.578
 0.578



# name: <cell-element>
# type: matrix
# rows: 15
# columns: 1
 1.208691423279742
 1
 0.9600609473562325
 1
 1
 1.066464554036387
 1
 1
 1
 0.9384432933751699
 1
 1
 1.228676007476471
 1
 1



# name: <cell-element>
# type: matrix
# rows: 15
# columns: 1
 11.67399294632187
 11.38
 11.32846203255404
 11.38
 11.38
 11.30211093112973
 11.38
 11.38
 11.38
 11.44756759604704
 11.38
 11.38
 11.2875412614948
 11.38
 11.38





# name: W
# type: matrix
# rows: 15
# columns: 15
 0 0 0 0 0 0 0 0 0 0 0 0 0 0 0
 0 0 0 0 0 0 0 0 0 0 0 0 0 0 0
 0 0 0 0 0 0 0 0 0 0 0 0 0 0 0
 0 0 0 0 0 0 0 0 0 0 0 0 0 0 0
 0 0 0 0 0 0 0 0 0 0 0 0 0 0 0
 0 0 0 0 0 0 0 0 0 0 0 0 0 0 0
 0 0 0 0 0 0 0 0 0 0 0 0 0 0 0
 0 0 0 0 0 0 0 0 0 0 0 0 0 0 0
 0 0 0 0 0 0 0 0 0 0 0 0 0 0 0
 0 0 0 0 0 0 0 0 0 0 0 0 0 0 0
 0 0 0 0 0 0 0 0 0 0 0 0 0 0 0
 0 0 0 0 0 0 0 0 0 0 0 0 0 0 0
 0 0 0 0 0 0 0 0 0 0 0 0 0 0 0
 0 0 0 0 0 0 0 0 0 0 0 0 0 0 0
 0 0 0 0 0 0 0 0 0 0 0 0 0 0 0


# name: iter
# type: scalar
118


# name: c
# type: matrix
# rows: 1
# columns: 15
 -0.1935612278199371 -0.2034201900922082 0.2482625628371734 -0.09768100043649543 0.3113046832626676 -0.116717628401271 -0.05809985207121914 0.4282396240596977 0.2312159084933846 -0.09070345247803793 -0.165648589429035 0.0876114925071811 0.1886111575409234 0.187979646082993 -0.3059287278684139


# name: mean_corr
# type: matrix
# rows: 7
# columns: 1
 -0.02743308726117451
 -0.01769284675099717
 0.02396035669050657
 0.02539940847861116
 0.03051896527952528
 0.04175412439688136
 0.04979161966190453


# name: mean_error
# type: matrix
# rows: 7
# columns: 1
 1.45027836215498
 1.44253130804502
 1.417833336531142
 1.416213917332801
 1.413964158201171
 1.406681302609514
 1.405456673944255


# name: iter_improve
# type: matrix
# rows: 7
# columns: 1
 1
 3
 12
 45
 58
 98
 100


# name: optim_start
# type: scalar
118


# name: optim_steps
# type: matrix
# rows: 0
# columns: 0


# name: VPVP_params
# type: scalar struct
# ndims: 2
 1 1
# length: 8
# name: lambda
# type: scalar
300000000


# name: downsample
# type: scalar
10


# name: MaxIter_X
# type: scalar
200


# name: MaxIter
# type: scalar
50


# name: optTol_X
# type: scalar
1e-06


# name: progTol_X
# type: scalar
1e-10


# name: optTol_aW
# type: scalar
0.0001


# name: progTol_aW
# type: scalar
1e-07




