# Created by Octave 3.8.1, Tue Nov 28 20:18:20 2017 ART <gabrevaya@ws14.labo2>
# name: y_start
# type: matrix
# rows: 15
# columns: 1
 -0.8807494034324763
 0.02819996391488418
 -0.9811060443663846
 1.184327641708162
 -1.280331612492729
 -0.4267054453069531
 -0.2304836226004677
 0.1720792908922299
 0.482784081292151
 -1.610932608961787
 -0.6845538064333233
 -0.7788850862807493
 -0.8959352341971334
 0.8546189294901443
 -0.06708268705500564


# name: alphas
# type: cell
# rows: 1
# columns: 3
# name: <cell-element>
# type: matrix
# rows: 15
# columns: 1
 0.4332995505297084
 0.4304572940316284
 0.6028676469068606
 0.6798162972460183
 0.5746326622046439
 0.3129415894252264
 0.2517218153342463
 0.4262690196545829
 0.5766724980263577
 0.8109254585208322
 0.8405731854530815
 0.4172106418208265
 0.7399601204622154
 0.5589344028391404
 0.4929403472975065



# name: <cell-element>
# type: matrix
# rows: 15
# columns: 1
 0.8165847278058025
 0.8205613492589394
 0.9623047956424902
 1.256277725380904
 0.9257681301322108
 1.125649728180674
 1.071652325634813
 0.7951428103120539
 1.096186697860208
 0.826425795187604
 0.862466468750878
 0.8604457798003061
 0.8794032284074133
 0.7278579298382111
 0.8502521428947829



# name: <cell-element>
# type: matrix
# rows: 15
# columns: 1
 11.46990518750692
 11.2997856359959
 11.19791672332531
 11.19813929080025
 11.19214776037862
 11.64535780061032
 11.4062914839215
 11.37868402135676
 11.54506940983713
 11.40069734035045
 11.15608151747597
 11.40229184921439
 11.41957948288134
 11.66559167759712
 11.46384687407154





# name: W
# type: matrix
# rows: 15
# columns: 15
 -0.01911177526278958 0.03614623768711179 0.02438371604130539 0.2147249282852525 -0.0331289143192738 0.08164800547137281 0.07772526913536901 -0.02986639753174388 -0.006520149079193213 -0.04403999853076897 -0.07837120920020796 0.06560055495399475 -0.0575780530037681 -0.05462140933785056 0.1132510453530415
 -0.02535915761926723 -0.02771084353362792 -0.1061414889367469 -0.1698110440982822 0.09981749688689454 -0.1195525914264222 -0.10652756925377 0.1472621207141696 0.01113910884953845 0.009391337864424743 0.1506198522632396 -0.1235849720390219 0.06805645796007169 0.1207671434163429 -0.2186568179971803
 -0.03395330770861341 -0.06568795656610879 -0.09406069340596361 -0.1504866512499452 -0.08000456439670696 -0.09363482598591656 -0.07131305530513397 0.01905568239845594 0.03559501478779008 -0.04823711640916561 -0.02060438329709269 -0.02658902156188229 -0.01918129384611845 0.01022066716572679 0.0009605757899719363
 0.04682826796794038 -0.02485153341374843 -0.02030150990937272 -0.2354760880916021 0.08032506311078294 -0.07345723732514413 -0.01096542624920688 0.1002803841293128 0.04268518247008674 0.1504686814166828 0.09710299407511915 -0.06361634541939151 0.1377773365422748 -0.01738435203344598 -0.1129158750572835
 -0.1058576429314446 0.1310925274845394 -0.04713103093089197 -0.002811756182837884 -0.006428467926814252 -0.001694250129537523 0.07452667800575816 0.09981105345614112 0.05702684525091558 -0.09663305880200847 -0.02780799743127955 0.03180231276852136 -0.04390269332378351 0.04683049544722055 0.02291342608392864
 -0.0085888444832638 -0.05008743932700569 -0.03023256857030671 -0.1033895393990776 0.02731999186586364 -0.04185761030506725 -0.0740312069095517 0.003203990580863727 -0.0252476084579685 -0.002037833490477755 0.07056865349585666 -0.0465684089292439 -0.003605977271230292 0.04543532023752091 -0.08072971225131996
 0.04133040196765239 -0.1193256389514455 -0.04194815441503996 -0.2568077352463994 0.02458074554543562 -0.1224434623991069 -0.1361052228711195 0.04002723119502527 0.002248164821741207 0.06053002657745711 0.0981269372697868 -0.10228054170279 0.06900947946958773 0.03538901194205919 -0.1584624438376127
 -0.05788455728424543 0.06540659115068598 -0.09604533546618182 0.1534154901846284 0.08963246915090675 0.0179389375908531 0.01720881358449012 0.1136849758249115 -0.01378921783060575 -0.01427640453183372 0.08168847019432411 -0.07271469447474738 0.005977051436691289 0.0579056889073521 -0.09976652043305807
 0.04060513418498655 -0.05887623036173923 0.007647364398478995 -0.079535609074355 0.01524253049830265 -0.02591181407005436 -0.04063722496504668 -0.01881423550832104 -0.02022432934185886 0.05506771689062261 0.02753144604483106 -0.02595561943070251 0.03154961303980582 -0.01502615660255002 -0.03231458098914142
 -0.0443729180660616 0.01474186363036433 0.002271293640938663 0.01544910887196839 -0.0687231961539206 -6.551357175874604e-05 -0.002642025790924213 -0.02992022135951718 0.00875183854672437 -0.1068327185315178 -0.06524801228222415 0.03185784835294736 -0.07093680287063779 0.01651228771376345 0.05858669449752416
 -0.09519379312221633 0.1278586219920179 0.01163051158605492 0.07194845976712198 -0.06682739658291434 0.01318737687071135 0.1162924646730306 0.01262590857028199 0.0523211228287683 -0.1600792656040917 -0.2727064222020649 0.1582650807133789 -0.1049996290338654 -0.005029895984603281 0.2335151005861403
 -0.007521853471637646 -0.02364132026847999 -0.04579622819093514 -0.0857571793346588 0.07206543133410021 -0.01758513754546724 -0.0825703777648065 0.0575074097873318 -0.02743078099898981 0.04585079085859372 0.1429759500208488 -0.1725575698296933 0.05626816045113384 0.06566821162629058 -0.2209702660255173
 -0.04527670357511231 0.04364961771974837 -0.006945640112195447 0.08396302769762665 -0.05149865663321933 0.00674272543950119 0.08173270702602485 0.02323751863577714 0.04438802982316058 -0.07924181011189986 -0.1280266180066339 0.09887987827144819 -0.08761385948734401 -0.02887330552710013 0.1532553817736312
 -0.07201454762308579 0.133439618557772 0.02268241430606026 0.09043464510269264 0.08599465153050245 0.09865974169219893 0.1628088610686317 0.02678253919281594 0.008666634111690991 -0.0695460354389098 -0.06702969065358061 0.1819477237067502 -0.0548072562376915 -0.04315559173605316 0.1799347878913154
 0.0593822195073831 -0.07983117040613676 -0.02190963115842159 -0.1446761754700895 0.04402998253297531 -0.03714393340286686 -0.09847049161659575 0.04410753535468918 -0.01359240391288726 0.1414351678665651 0.1488726196412445 -0.1841325373064552 0.1216092766098284 0.0002552315188551157 -0.2655721574252049


# name: iter
# type: scalar
963


# name: c
# type: matrix
# rows: 1
# columns: 15
 0.3859967269503226 0.456198637996425 0.4555008008102938 0.2845516613848222 0.4938610718409997 0.4153565233339869 0.2095963099540248 0.7062018900476803 0.3034579549615623 0.5288379236928602 0.1642601970974017 0.07502166534130458 0.3821213116329445 0.4052171488567832 0.1968271485832173


# name: mean_corr
# type: matrix
# rows: 15
# columns: 1
 -0.1324243328089529
 -0.1058025365744844
 -0.04439047121571268
 -0.01507963589905469
 0.02692383181756026
 0.03204862459331849
 0.05705015615157446
 0.0604242283347398
 0.06034699722332189
 0.06048570569341914
 0.06421428123084708
 0.06612342676327514
 0.0711347633794584
 0.0711613696733867
 0.3642004648323087


# name: mean_error
# type: matrix
# rows: 15
# columns: 1
 1.482323396794351
 1.478638803698258
 1.438581010977468
 1.4398487970989
 1.427306710265153
 1.426506977012449
 1.418149648297293
 1.415570820306488
 1.414488493375297
 1.415561120040224
 1.4132545385112
 1.411694081576701
 1.405539515347455
 1.405743998857108
 1.280045111341675


# name: iter_improve
# type: matrix
# rows: 15
# columns: 1
 1
 15
 31
 47
 62
 64
 109
 110
 367
 643
 688
 701
 721
 846
 963


# name: optim_start
# type: scalar
963


# name: optim_steps
# type: scalar
15


# name: VPVP_params
# type: scalar struct
# ndims: 2
 1 1
# length: 8
# name: lambda
# type: scalar
300000000


# name: downsample
# type: scalar
10


# name: MaxIter_X
# type: scalar
200


# name: MaxIter
# type: scalar
50


# name: optTol_X
# type: scalar
1e-06


# name: progTol_X
# type: scalar
1e-10


# name: optTol_aW
# type: scalar
0.0001


# name: progTol_aW
# type: scalar
1e-07




