# Created by Octave 4.0.0, Sat Jan 06 20:51:47 2018 ART <gabrevaya@ws11.labo5>
# name: y_start
# type: matrix
# rows: 10
# columns: 1
 -1.163700419909858
 0.1812906841898594
 0.1924811723073643
 -0.6767478014161649
 -0.1697643512447248
 0.739274873038819
 -0.7166912594128528
 0.8836793160267773
 -1.616745851425814
 0.3661470781863557


# name: alphas
# type: cell
# rows: 1
# columns: 3
# name: <cell-element>
# type: matrix
# rows: 10
# columns: 1
 0.4472004849893602
 0.6593457275615677
 0.5846102883096882
 0.3430285274032008
 0.7074226653143076
 0.317939843843774
 0.4565003139180191
 0.7092418409144784
 0.6128785334534825
 0.8974817886705416



# name: <cell-element>
# type: matrix
# rows: 10
# columns: 1
 0.7600258051953023
 1.039553267481524
 1.157812958381931
 0.7345299564741671
 0.8868185258492631
 1.074713374974574
 0.7852515361816335
 0.1897330386025846
 1.278331727669222
 0.8706902665894661



# name: <cell-element>
# type: matrix
# rows: 10
# columns: 1
 11.74351218243147
 11.27800359185253
 11.53323850503051
 11.61115210483485
 11.08709160225336
 11.30221912336905
 11.29818353193307
 11.39237224376209
 11.45259319539791
 11.43810039840538





# name: W
# type: matrix
# rows: 10
# columns: 10
 0.003520170153169493 -0.03083449688918264 0.3118475808953353 -0.05409546751892534 -0.03221350906135356 -0.02503775577411498 0.04415631784275147 -0.3658874254026196 -0.3681149558794123 0.134874618417142
 0.04483818684607591 -0.03998108817025039 -0.1358563463081606 -0.03310312202704796 -0.02314868307719527 0.02689851343342665 0.07831954644557472 -0.08307588850207037 0.1362864679982108 -0.03640203067731315
 0.03286382476671287 -0.002497648514790539 -0.3013826577409364 0.08438768619372791 0.1065616875917359 0.07576518958806776 0.1316053682375053 0.09241935586616759 0.5341056424568817 -0.1684543891715963
 -0.2921504582024773 -0.07865939477028855 0.1574383629108277 0.1424029378754361 0.1877743074429127 0.04188343189953143 -0.2558712602445244 0.005244684452451433 0.07677807289775973 -0.03010038707120969
 -0.04634915283298922 -0.130230194146361 0.1082255339391336 0.1007134702094084 0.1457931204070971 0.01919122065163783 0.03200794561783329 -0.2300531963079256 -0.161947105263423 -0.1593668407339019
 0.1016785578155197 -0.002087511986836456 -0.04123297978165667 -0.00134952072895806 -0.03578495941808628 -0.02299022217499203 0.1388041526984955 -0.02601143492509015 0.1273790784823316 -0.04358263101805773
 -0.04301809973781931 -0.009768339080159057 0.08168876525495748 -0.0188766669203076 0.003190775708596528 0.00756297940952242 -0.06547743928216303 -0.09158651967692574 -0.1022606481595812 0.07392477295932477
 0.1018368287034795 -0.01110282252469004 0.08879962332241401 0.00534373592535625 -0.07335179126628073 -0.06477928037656572 0.01494774253601899 -0.3049229306368167 -0.01208384514803713 0.1117390515860048
 0.08205100593612114 0.08168624440964836 0.1468972934087242 -0.1399742122699227 -0.0200687340825632 0.0824023173043721 0.01373385004667223 -0.1831299234778115 -0.08689703656600994 0.4082618797641009
 0.03124638106832333 -0.05856153850561355 -0.1233943513278592 0.09496184974220662 0.007495911748583695 -0.05907416401520674 0.2186747828384803 -0.05883997471618978 0.1347560109540265 -0.4820745950031948


# name: iter
# type: scalar
925


# name: c
# type: matrix
# rows: 1
# columns: 10
 0.4632146072321966 0.4457925308348641 0.4984053310484382 0.5839921412761211 0.7131559915457305 0.3183529731877643 0.5147504143608733 0.2131538844568817 0.3421624892465998 0.1826099576184236


# name: mean_corr
# type: matrix
# rows: 26
# columns: 1
 -0.003106902825184605
 -0.02119847189558558
 -0.02095660072419311
 0.03161923159532939
 0.01027981690902697
 0.01372764030826743
 0.0352411240040163
 0.1068053761806226
 0.1292280434348185
 0.1355693673293089
 0.1500635234439947
 0.1521577886432665
 0.1522290500526507
 0.1995361798851483
 0.2039835886362668
 0.2208004157845897
 0.2268944305206386
 0.2452141039360699
 0.2514920868489969
 0.2534377740030006
 0.2542032487926295
 0.2773114994045304
 0.277626885446337
 0.2810225467265689
 0.2813511375666208
 0.4275590320807893


# name: mean_error
# type: matrix
# rows: 26
# columns: 1
 1.49144278399687
 1.480662523536051
 1.480243916688392
 1.443122866700568
 1.437593851172585
 1.43569782785256
 1.425300835785273
 1.388754588566676
 1.385494568730507
 1.364968465324219
 1.368554128440703
 1.373365935817323
 1.362790338155349
 1.353135719483139
 1.345668066192697
 1.334892776438662
 1.328182823952267
 1.31448330008402
 1.301203756728499
 1.301874917343076
 1.299400205795592
 1.283359868001367
 1.281577859906103
 1.278253402479927
 1.280219266448014
 1.270848828723917


# name: iter_improve
# type: matrix
# rows: 26
# columns: 1
 1
 31
 59
 61
 62
 70
 74
 93
 112
 114
 128
 148
 151
 345
 380
 390
 421
 423
 448
 457
 459
 476
 535
 540
 754
 925


# name: optim_start
# type: scalar
925


# name: optim_steps
# type: scalar
26


# name: VPVP_params
# type: scalar struct
# ndims: 2
 1 1
# length: 8
# name: lambda
# type: scalar
300000000


# name: downsample
# type: scalar
10


# name: MaxIter_X
# type: scalar
200


# name: MaxIter
# type: scalar
50


# name: optTol_X
# type: scalar
1e-06


# name: progTol_X
# type: scalar
1e-10


# name: optTol_aW
# type: scalar
0.0001


# name: progTol_aW
# type: scalar
1e-07




