# Created by Octave 3.8.1, Tue Nov 28 20:13:50 2017 ART <gabrevaya@ws14.labo2>
# name: y_start
# type: matrix
# rows: 15
# columns: 1
 -0.8807494106959523
 0.02819996336614095
 -0.9811060446774749
 1.184327645999931
 -1.280331613847667
 -0.4267054427405091
 -0.2304836191109407
 0.1720792724316782
 0.4827840829050565
 -1.610932607987744
 -0.6845538004357175
 -0.7788850874025185
 -0.8959352375921942
 0.8546189701353433
 -0.06708269175655304


# name: alphas
# type: cell
# rows: 1
# columns: 3
# name: <cell-element>
# type: matrix
# rows: 15
# columns: 1
 0.4520265009092356
 0.4775151118413056
 0.6818297000246006
 0.7445772572614009
 0.6092654140591003
 0.3458098886350836
 0.3072819714876871
 0.3730385896080434
 0.5925311382299218
 0.8478841642977425
 0.9485251604791788
 0.5025085379527617
 0.7931132422101549
 0.6375924583872219
 0.4886170384089418



# name: <cell-element>
# type: matrix
# rows: 15
# columns: 1
 0.8349564912438789
 1.116404243980605
 0.9291971781617647
 1.078964529192261
 1.108551450201314
 1.022249453449611
 1.077755899179925
 0.7814464506171099
 1.123615506019502
 0.9205460792640132
 1.007692795855081
 0.8472404808556289
 0.8709404426588607
 0.887597556759426
 0.8380424461480549



# name: <cell-element>
# type: matrix
# rows: 15
# columns: 1
 11.47111326811774
 11.32533392257239
 11.19418643866345
 11.17604937766956
 11.21077526849005
 11.63548737932517
 11.40724084388422
 11.37872639623472
 11.54790521426413
 11.41031853921503
 11.17287017388111
 11.40073573695737
 11.42028410420857
 11.66963812351932
 11.46286044999641





# name: W
# type: matrix
# rows: 15
# columns: 15
 0 0 0 0 0 0 0 0 0 0 0 0 0 0 0
 0 0 0 0 0 0 0 0 0 0 0 0 0 0 0
 0 0 0 0 0 0 0 0 0 0 0 0 0 0 0
 0 0 0 0 0 0 0 0 0 0 0 0 0 0 0
 0 0 0 0 0 0 0 0 0 0 0 0 0 0 0
 0 0 0 0 0 0 0 0 0 0 0 0 0 0 0
 0 0 0 0 0 0 0 0 0 0 0 0 0 0 0
 0 0 0 0 0 0 0 0 0 0 0 0 0 0 0
 0 0 0 0 0 0 0 0 0 0 0 0 0 0 0
 0 0 0 0 0 0 0 0 0 0 0 0 0 0 0
 0 0 0 0 0 0 0 0 0 0 0 0 0 0 0
 0 0 0 0 0 0 0 0 0 0 0 0 0 0 0
 0 0 0 0 0 0 0 0 0 0 0 0 0 0 0
 0 0 0 0 0 0 0 0 0 0 0 0 0 0 0
 0 0 0 0 0 0 0 0 0 0 0 0 0 0 0


# name: iter
# type: scalar
963


# name: c
# type: matrix
# rows: 1
# columns: 15
 0.06558912652423092 -0.04816286393421992 0.1695587360441376 -0.006271003842683439 -0.05913307826028094 -0.05269311545594203 0.009755102846697729 0.5323608755409457 0.06844564927982272 0.1513777808991841 -0.04155424692508187 -0.03369491828456719 0.1019614903933345 0.1754842928304416 -0.0349928848942402


# name: mean_corr
# type: matrix
# rows: 14
# columns: 1
 -0.1324243328089529
 -0.1058025365744844
 -0.04439047121571268
 -0.01507963589905469
 0.02692383181756026
 0.03204862459331849
 0.05705015615157446
 0.0604242283347398
 0.06034699722332189
 0.06048570569341914
 0.06421428123084708
 0.06612342676327514
 0.0711347633794584
 0.0711613696733867


# name: mean_error
# type: matrix
# rows: 14
# columns: 1
 1.482323396794351
 1.478638803698258
 1.438581010977468
 1.4398487970989
 1.427306710265153
 1.426506977012449
 1.418149648297293
 1.415570820306488
 1.414488493375297
 1.415561120040224
 1.4132545385112
 1.411694081576701
 1.405539515347455
 1.405743998857108


# name: iter_improve
# type: matrix
# rows: 14
# columns: 1
 1
 15
 31
 47
 62
 64
 109
 110
 367
 643
 688
 701
 721
 846


# name: optim_start
# type: scalar
963


# name: optim_steps
# type: matrix
# rows: 0
# columns: 0


# name: VPVP_params
# type: scalar struct
# ndims: 2
 1 1
# length: 8
# name: lambda
# type: scalar
300000000


# name: downsample
# type: scalar
10


# name: MaxIter_X
# type: scalar
200


# name: MaxIter
# type: scalar
50


# name: optTol_X
# type: scalar
1e-06


# name: progTol_X
# type: scalar
1e-10


# name: optTol_aW
# type: scalar
0.0001


# name: progTol_aW
# type: scalar
1e-07




