# Created by Octave 4.0.0, Sun Jan 07 11:19:30 2018 ART <gabrevaya@ws11.labo5>
# name: y_start
# type: matrix
# rows: 10
# columns: 1
 -0.5642059220506284
 -0.6300894512697708
 -0.4657721865836721
 -0.3128571896881527
 0.2650883928285757
 1.07081876817967
 -0.1444879796398774
 0.3004868742887601
 -0.1429808968197602
 0.1454138986242332


# name: alphas
# type: cell
# rows: 1
# columns: 3
# name: <cell-element>
# type: matrix
# rows: 10
# columns: 1
 -0.06374577177593964
 0.6642231981132768
 2.906206351055055
 0.02213728016746891
 1.898061227944362
 0.3017156459923714
 1.166112453156429
 1.739990100721784
 0.07374203465092408
 0.7851996365417764



# name: <cell-element>
# type: matrix
# rows: 10
# columns: 1
 0.7730213596378013
 1.151697048184026
 1.258797427015193
 0.695265283615168
 0.8040349768176404
 1.706263792748346
 0.6900702755410284
 0.06970418576912916
 1.156861236956338
 0.4055956390967302



# name: <cell-element>
# type: matrix
# rows: 10
# columns: 1
 11.11101249623827
 8.905999996132486
 11.12073426296564
 11.26226256953003
 10.50302372007995
 11.47265184456173
 11.36486057857558
 10.97786682515628
 11.60864722828823
 11.36736400706722





# name: W
# type: matrix
# rows: 10
# columns: 10
 0.3909977526030495 -0.1045506674973949 0.725759123169752 -0.3944796417558085 0.01048928470240159 0.1453125753585225 -0.03834631806890638 -0.3966200150626193 -0.9678268466414481 0.7842803990503328
 0.08553745576318265 -0.1001650781470442 -0.2604332494184655 -0.1708925906277369 0.1551681575905934 0.1048150556118204 0.0812309850638625 -0.1262347470893535 0.357799947175143 0.2512229431448462
 -0.1472307101500866 0.05134104346285467 -0.4926997944351736 0.02750110964720764 0.3790002393181492 0.3322065862029969 0.1943529856414001 0.002887668936472916 1.126722293020188 -0.1884637055612577
 -0.5280058569565594 -0.09831062634028431 0.3243369092543374 0.2247779111522726 0.2393669471271031 0.2827963931979105 -0.1190888495248226 0.2125420779915437 0.3634249915503931 -0.1651174822621318
 0.1622227115369127 -0.3969337086074642 0.3577453775905934 0.1403167527418755 0.1779311829615801 0.1311124216064535 0.2561105890338781 -0.3274368289944623 -0.5539564676271074 -0.2416247473316384
 0.1835333814339432 0.01668604470128993 -0.2273330191630389 -0.2316086113354717 -0.2400402770614879 -0.1205022600884686 0.2334731092949721 -0.07440830393320676 0.1782007265579422 0.1540969554634257
 0.04852783548015722 0.008768625003897773 0.2508179641679756 -0.07255506208861102 0.1683041620945625 0.1008540814093592 -0.395112012170478 -0.05440484199908063 -0.3018263470886197 0.2601740756102962
 0.1926498196119086 -0.2622921173398474 -0.2041769310338368 0.3467913785697271 -0.6280795281163349 -0.2902413718462778 0.3018799711740461 -1.01285139062519 -0.1508940486313284 -0.0894207186076745
 0.3316447726175344 0.09319163202807423 -0.02649515670451197 -0.328035228652416 -0.09715985366141813 0.1205647005413435 0.2912337894682488 0.08493545592265586 0.149253491503376 0.5054264360892314
 -0.05551242007811003 0.1236830025356827 -0.1701896816507201 0.04063717609517441 0.2407551890813813 0.0418494551111854 0.37960150211336 -0.4401622342325087 0.548244503568061 -0.93431792062417


# name: iter
# type: scalar
200000


# name: c
# type: matrix
# rows: 1
# columns: 10
 NaN NaN NaN NaN NaN NaN NaN NaN NaN NaN


# name: mean_corr
# type: matrix
# rows: 686
# columns: 1
 -0.003106902825184605
 -0.02119847189558558
 -0.02095660072419311
 0.03161923159532939
 0.01027981690902697
 0.01372764030826743
 0.0352411240040163
 0.1068053761806226
 0.1292280434348185
 0.1355693673293089
 0.1500635234439947
 0.1521577886432665
 0.1522290500526507
 0.1995361798851483
 0.2039835886362668
 0.2208004157845897
 0.2268944305206386
 0.2452141039360699
 0.2514920868489969
 0.2534377740030006
 0.2542032487926295
 0.2773114994045304
 0.277626885446337
 0.2810225467265689
 0.2813511375666208
 0.4275590320807893
 0.4332371533275275
 0.424510272541156
 0.4186048123835936
 0.4067641121800186
 0.4070417146532239
 0.4080915475074119
 0.396072326662136
 0.4009673019849965
 0.4062627439946229
 0.404461219813077
 0.3882421605957856
 0.3766026771751554
 0.3707231184904259
 0.3838739435399016
 0.3751657444784146
 0.380286276680432
 0.4678830602286535
 0.4701317774646104
 0.4541716712239897
 0.4523879997587077
 0.4509642035394942
 0.4513413436775616
 0.4264871012483075
 0.424422719579592
 0.422393724716795
 0.4222590394103466
 0.4204732709369307
 0.4197111296374607
 0.4313089550959953
 0.4350581598066101
 0.4106384269918952
 0.4092084592480394
 0.401542582782182
 0.3946191180390182
 0.3962361125520257
 0.3896834643256298
 0.395712907605753
 0.4031710686608966
 0.4027371647133292
 0.3964225581855479
 0.3948665378767257
 0.3949558233851541
 0.3782978499121142
 0.3961023512189051
 0.3964885709663906
 0.4028685433805134
 0.390692792964138
 0.3983829418136174
 0.3963392977018468
 0.3987046228409495
 0.3978416765683752
 0.3956389827602963
 0.3896229302931531
 0.3916490060128853
 0.3995133828422029
 0.3963519691342715
 0.3951166584994858
 0.382355091952732
 0.3817973264105134
 0.3810102523480645
 0.3832757651589612
 0.3775024427373229
 0.3774412711873917
 0.4943762689733601
 0.4912626014468869
 0.4898894591147755
 0.4871250794093389
 0.4839912535284149
 0.4775127516713774
 0.4710268539062041
 0.4894063735324051
 0.4912320603318657
 0.4908200851616596
 0.490449307969284
 0.4771761681101963
 0.4804206643536452
 0.481174770128868
 0.4911641836695413
 0.4959347214261557
 0.4945251357259269
 0.4922421156014206
 0.4860393464712594
 0.4873326990010778
 0.4800359518515333
 0.4793765725451523
 0.4764736220855051
 0.4773658613770178
 0.4781182146558945
 0.4753895164505087
 0.4787645562319104
 0.4710458943607386
 0.4724071246831884
 0.4676927930787693
 0.468293722365929
 0.4695087026413077
 0.4699895841834175
 0.4597715149641526
 0.4587456344707017
 0.4607174552771974
 0.4461455164885075
 0.4521466815997199
 0.4584386419593565
 0.4598325432498344
 0.4585236565368704
 0.4665622363415169
 0.4563734832546469
 0.4511150688818054
 0.4534955346727282
 0.4574877077426064
 0.4572948067675434
 0.4547805088457492
 0.4613323380876261
 0.4587452556057697
 0.4571297684287244
 0.4622586802322591
 0.4666969519688425
 0.4624283859532939
 0.4627106020278424
 0.4610317244437223
 0.462218863880807
 0.4641892513229357
 0.4602232792601867
 0.4568607568991646
 0.5259215000821291
 0.5280999718345453
 0.5230491437699444
 0.5231979306604529
 0.5240770588918295
 0.519946159320295
 0.5165404074323995
 0.5031325959547182
 0.5118850356899289
 0.494694281305582
 0.4949249383722035
 0.4947479510956132
 0.4969595077543493
 0.4848191373607066
 0.4853724707233048
 0.4867804624521261
 0.4825475003798779
 0.4853741491903799
 0.4795965354662027
 0.4821196446758682
 0.4796986628609142
 0.4844839026647301
 0.4870350668706692
 0.4923327055901348
 0.4908906787555471
 0.4898567880039201
 0.4836752089355048
 0.4896907634560586
 0.4921588741096088
 0.4916412301511647
 0.4854746572993653
 0.4912470774767442
 0.4926743146275368
 0.494181532455492
 0.5528904501333772
 0.5543214917337845
 0.5534744396683275
 0.5471494233451442
 0.5473120954823421
 0.5446891567528622
 0.5342020344398897
 0.5102722177526078
 0.5303010555331782
 0.5223839474103605
 0.5229839042575429
 0.5225559495317106
 0.5166430493748935
 0.5161079810190862
 0.5136872978601678
 0.5110747765220053
 0.5107995338966248
 0.5120486381340196
 0.5165045791398797
 0.5144982825328051
 0.5068711218357272
 0.5029565226482948
 0.5043297206697135
 0.5041049237644523
 0.5063952567170222
 0.5047294269474096
 0.5061330266301418
 0.5008841177402961
 0.5051136123548823
 0.5072284897421862
 0.506858896450328
 0.4887984842236581
 0.4871150816146269
 0.5009742420884636
 0.5040617111018675
 0.4984852946700389
 0.4989976449614888
 0.4985440628907152
 0.4986157761382645
 0.5121140896578533
 0.5081052184889956
 0.5067827407570615
 0.5042237858651956
 0.506187013979204
 0.5064635282296702
 0.5080670409742728
 0.5036537863533349
 0.5588424942287501
