# Created by Octave 4.0.0, Sat Jan 06 20:50:10 2018 ART <gabrevaya@ws11.labo5>
# name: y_start
# type: matrix
# rows: 10
# columns: 1
 -1.163700428634816
 0.1812907090748184
 0.192481165734994
 -0.6767477930923038
 -0.1697643867633765
 0.7392748756865659
 -0.7166912632136107
 0.8836793138786294
 -1.616745842751193
 0.366147077085918


# name: alphas
# type: cell
# rows: 1
# columns: 3
# name: <cell-element>
# type: matrix
# rows: 10
# columns: 1
 0.4517082878797457
 0.6816141279856962
 0.7013723541160395
 0.3518025983560032
 0.665905660354042
 0.3383864010195239
 0.4886733065133009
 0.7657025404258176
 0.6621037117342701
 0.9364071146882331



# name: <cell-element>
# type: matrix
# rows: 10
# columns: 1
 0.7652871873546406
 0.9704255190708855
 1.0947494214203
 0.9182732983309568
 0.9808950931465058
 1.092521121810581
 0.7264319955802905
 0.5726917946240158
 1.320915979066772
 0.9324432113065374



# name: <cell-element>
# type: matrix
# rows: 10
# columns: 1
 11.74219967446888
 11.2716069674874
 11.52548657499031
 11.62461872607113
 11.09166800126856
 11.30228937402563
 11.29484579087222
 11.4106972178632
 11.45231812090172
 11.44456677547353





# name: W
# type: matrix
# rows: 10
# columns: 10
 0 0 0 0 0 0 0 0 0 0
 0 0 0 0 0 0 0 0 0 0
 0 0 0 0 0 0 0 0 0 0
 0 0 0 0 0 0 0 0 0 0
 0 0 0 0 0 0 0 0 0 0
 0 0 0 0 0 0 0 0 0 0
 0 0 0 0 0 0 0 0 0 0
 0 0 0 0 0 0 0 0 0 0
 0 0 0 0 0 0 0 0 0 0
 0 0 0 0 0 0 0 0 0 0


# name: iter
# type: scalar
925


# name: c
# type: matrix
# rows: 1
# columns: 10
 0.2428514986553015 0.3120134711533999 0.1663353564863764 0.3749060202589449 0.4231711288131558 0.2058186923162725 0.3726396839080698 0.3994556970889073 0.1753921826334034 0.1361896979226611


# name: mean_corr
# type: matrix
# rows: 25
# columns: 1
 -0.003106902825184605
 -0.02119847189558558
 -0.02095660072419311
 0.03161923159532939
 0.01027981690902697
 0.01372764030826743
 0.0352411240040163
 0.1068053761806226
 0.1292280434348185
 0.1355693673293089
 0.1500635234439947
 0.1521577886432665
 0.1522290500526507
 0.1995361798851483
 0.2039835886362668
 0.2208004157845897
 0.2268944305206386
 0.2452141039360699
 0.2514920868489969
 0.2534377740030006
 0.2542032487926295
 0.2773114994045304
 0.277626885446337
 0.2810225467265689
 0.2813511375666208


# name: mean_error
# type: matrix
# rows: 25
# columns: 1
 1.49144278399687
 1.480662523536051
 1.480243916688392
 1.443122866700568
 1.437593851172585
 1.43569782785256
 1.425300835785273
 1.388754588566676
 1.385494568730507
 1.364968465324219
 1.368554128440703
 1.373365935817323
 1.362790338155349
 1.353135719483139
 1.345668066192697
 1.334892776438662
 1.328182823952267
 1.31448330008402
 1.301203756728499
 1.301874917343076
 1.299400205795592
 1.283359868001367
 1.281577859906103
 1.278253402479927
 1.280219266448014


# name: iter_improve
# type: matrix
# rows: 25
# columns: 1
 1
 31
 59
 61
 62
 70
 74
 93
 112
 114
 128
 148
 151
 345
 380
 390
 421
 423
 448
 457
 459
 476
 535
 540
 754


# name: optim_start
# type: scalar
925


# name: optim_steps
# type: matrix
# rows: 0
# columns: 0


# name: VPVP_params
# type: scalar struct
# ndims: 2
 1 1
# length: 8
# name: lambda
# type: scalar
300000000


# name: downsample
# type: scalar
10


# name: MaxIter_X
# type: scalar
200


# name: MaxIter
# type: scalar
50


# name: optTol_X
# type: scalar
1e-06


# name: progTol_X
# type: scalar
1e-10


# name: optTol_aW
# type: scalar
0.0001


# name: progTol_aW
# type: scalar
1e-07




