# Created by Octave 3.8.1, Tue Nov 28 20:12:40 2017 ART <gabrevaya@ws18.labo2>
# name: y_start
# type: matrix
# rows: 15
# columns: 1
 0.7105700857058919
 0.09721210305959921
 0.01407099808613654
 0.3060261493688089
 2.080951107445624
 0.4984196028410576
 0.5089170675039998
 0.5308975079252742
 -0.4985864644539561
 0.07179198770414533
 0.5486751069068994
 0.5670977374452681
 -0.8984841477774206
 -0.1497232599819559
 -1.102315987756487


# name: alphas
# type: cell
# rows: 1
# columns: 3
# name: <cell-element>
# type: matrix
# rows: 15
# columns: 1
 0.7945129382721587
 0.6129974798888925
 0.5075734187851469
 0.57613396209109
 0.6105405215802699
 0.364562651770555
 0.4678544579522498
 0.4991584879236485
 0.4934589850946439
 0.9804705972885067
 0.3757911337089498
 0.5845939030064981
 0.6412330719248596
 0.6323634047564604
 0.7043617103586365



# name: <cell-element>
# type: matrix
# rows: 15
# columns: 1
 1.14308190647512
 0.7852321981805568
 0.9458615617115096
 1.061747888509836
 0.7924450060781526
 0.8048798920303121
 0.6817863177963686
 1.16614324510453
 0.9809723331793299
 1.211886584796172
 0.9421946438382909
 0.9816066361802763
 0.724127191371791
 0.8853070230413134
 0.8818776525887102



# name: <cell-element>
# type: matrix
# rows: 15
# columns: 1
 11.40803349212593
 11.4368373630519
 11.43235645051945
 11.44906549091317
 11.21913669255889
 11.23875021378786
 11.25724074173551
 11.39250768822479
 11.44595641976848
 11.24534797729191
 11.3271634750611
 11.3440844901345
 11.53471974301156
 11.33006712335274
 11.42097230381238





# name: W
# type: matrix
# rows: 15
# columns: 15
 0 0 0 0 0 0 0 0 0 0 0 0 0 0 0
 0 0 0 0 0 0 0 0 0 0 0 0 0 0 0
 0 0 0 0 0 0 0 0 0 0 0 0 0 0 0
 0 0 0 0 0 0 0 0 0 0 0 0 0 0 0
 0 0 0 0 0 0 0 0 0 0 0 0 0 0 0
 0 0 0 0 0 0 0 0 0 0 0 0 0 0 0
 0 0 0 0 0 0 0 0 0 0 0 0 0 0 0
 0 0 0 0 0 0 0 0 0 0 0 0 0 0 0
 0 0 0 0 0 0 0 0 0 0 0 0 0 0 0
 0 0 0 0 0 0 0 0 0 0 0 0 0 0 0
 0 0 0 0 0 0 0 0 0 0 0 0 0 0 0
 0 0 0 0 0 0 0 0 0 0 0 0 0 0 0
 0 0 0 0 0 0 0 0 0 0 0 0 0 0 0
 0 0 0 0 0 0 0 0 0 0 0 0 0 0 0
 0 0 0 0 0 0 0 0 0 0 0 0 0 0 0


# name: iter
# type: scalar
469


# name: c
# type: matrix
# rows: 1
# columns: 15
 -0.05834470020346089 0.09224982604087544 0.325268255995067 0.08599922557199988 0.09571635186520737 0.09277782977433556 -0.01927409964421151 0.5770543669380604 0.2040780441023808 -0.05316794049540062 -0.06600599438847873 0.08478047076673748 0.1232296696325298 0.01939359296785493 0.0711994335815006


# name: mean_corr
# type: matrix
# rows: 19
# columns: 1
 -0.1751616979500456
 -0.1683373405238591
 -0.1125732931106902
 -0.07925810513616502
 -0.06981935944137921
 -0.06393217326518717
 -0.05901434375211254
 -0.05125705048656155
 -0.04077675220295816
 -0.0332921006696535
 -0.01934169432432338
 0.03431966220497115
 0.04380677925588187
 0.06237384602576474
 0.06786364578119256
 0.07210339763209846
 0.07533225933039181
 0.08735587030467021
 0.1049933988749396


# name: mean_error
# type: matrix
# rows: 19
# columns: 1
 1.500716657548554
 1.496466558224242
 1.453649127110325
 1.43722345773951
 1.433359959854896
 1.422469893611866
 1.417633936332978
 1.410106213051744
 1.406986953703806
 1.4035271357545
 1.388093815782752
 1.372025164060123
 1.363961453296019
 1.352950025402857
 1.353964759842168
 1.35266689075721
 1.343472694567014
 1.336638555639371
 1.332863274882149


# name: iter_improve
# type: matrix
# rows: 19
# columns: 1
 1
 61
 62
 64
 78
 96
 100
 114
 125
 149
 200
 245
 260
 280
 286
 296
 336
 428
 457


# name: optim_start
# type: scalar
469


# name: optim_steps
# type: matrix
# rows: 0
# columns: 0


# name: VPVP_params
# type: scalar struct
# ndims: 2
 1 1
# length: 8
# name: lambda
# type: scalar
300000000


# name: downsample
# type: scalar
10


# name: MaxIter_X
# type: scalar
200


# name: MaxIter
# type: scalar
50


# name: optTol_X
# type: scalar
1e-06


# name: progTol_X
# type: scalar
1e-10


# name: optTol_aW
# type: scalar
0.0001


# name: progTol_aW
# type: scalar
1e-07




