# Created by Octave 3.8.1, Tue Nov 28 20:27:52 2017 ART <gabrevaya@ws18.labo2>
# name: y_start
# type: matrix
# rows: 15
# columns: 1
 0.7105701051007628
 0.09721208646958264
 0.01407097718192085
 0.3060261493737333
 2.080951063842031
 0.4984195961162189
 0.5089170525174129
 0.530897524698839
 -0.49858646629562
 0.07179195849556068
 0.5486750852892394
 0.5670977216255949
 -0.8984841393354899
 -0.1497233074488163
 -1.102315989143406


# name: alphas
# type: cell
# rows: 1
# columns: 3
# name: <cell-element>
# type: matrix
# rows: 15
# columns: 1
 0.7311969190913242
 0.5320459600764503
 0.5197837388355296
 0.4306763404830794
 0.5454574344509122
 0.2950255767253274
 0.3464478918827821
 0.5220010121686219
 0.4703193789510393
 0.843065921281145
 0.2742457470702242
 0.4395713083643083
 0.5595701932361774
 0.5876015658456218
 0.6532876221623871



# name: <cell-element>
# type: matrix
# rows: 15
# columns: 1
 1.306954986176613
 0.8081749000198826
 0.9288325232841167
 1.34661602855001
 0.3006145299083181
 0.9072586102872834
 0.9141213604793208
 1.213228580513387
 0.8861099225579601
 1.068836671830086
 0.6407472028162711
 0.9964155693424877
 0.8911100641111724
 0.7500732255076721
 0.8867398862894834



# name: <cell-element>
# type: matrix
# rows: 15
# columns: 1
 11.42027349852827
 11.42541473605347
 11.42893777302983
 11.47605791115558
 11.17756202290813
 11.24832387025911
 11.27065951081293
 11.39449177320016
 11.43955910877967
 11.22924798219676
 11.30482747915379
 11.34422441031578
 11.54567057824128
 11.31314775907769
 11.41711032942895





# name: W
# type: matrix
# rows: 15
# columns: 15
 -0.1304911209944588 -0.02416628174714164 0.1503209385925672 -0.02173273189484591 -0.06047423211256247 0.05922868664619901 -0.004147984396363782 -0.191334865910419 -0.02914498479890804 -0.097550088615095 -0.1460246372141425 0.1078733134287688 -0.1575220206720266 -0.05243462839628669 0.2271804897038935
 0.2004131811558943 -0.117054080347573 -0.143970703372091 -0.1750367183312266 0.02674963681150931 0.01496983582244311 0.0551094482148709 0.1615215426838302 -0.07040615937425598 0.1571862851533111 0.2713485449625448 -0.2815389903411671 -0.01126763064612249 0.07128690354534073 -0.3166920497298286
 -0.01942539833603829 0.007103785738687287 0.01699773185469726 -0.1383804837197985 -0.005502908639433136 -0.06647613123190481 0.009721654348456135 -0.05761788687639269 0.01953111172684255 0.07418694084403776 0.02952672906556065 0.07122802203071173 0.0026205939437878 -0.02321926633827378 -0.04722448487114914
 0.004360902496692691 0.04043850873756764 -0.03399331930751088 -0.2852346965426106 0.01922013867781475 -0.08317716755750146 0.09067497464287058 0.135485451596668 0.09749132093319639 0.2886699056102841 0.08653289781946874 -0.1088921343339587 0.1972656784902434 -0.04591598524940092 -0.08265473865710303
 -0.06762844671545019 0.03415517302729566 -0.05585323947689697 0.1569904671486107 -0.1162579571810454 0.07248740357340337 -0.1149551082326576 -0.01762278010102898 -0.05376837527004406 -0.1664118163760361 -0.0149806514688653 0.01784180859629481 -0.110442934120859 0.083561872312393 0.04838063342521565
 -0.1017524234626928 -0.1012967097817619 -0.03847068396606396 -0.07561524602998576 0.04785280912288511 -0.08781992887505806 -0.1654623200056796 -0.1026538458326167 -0.0274716926437028 -0.02670522410730275 0.1062072117903633 -0.1635155730117875 0.07556272990438609 0.05018624674353223 -0.132773403779243
 0.07878834720739772 -0.1559153237723894 -0.1389088994248036 -0.1558525016969951 0.03282751342686851 -0.1086710494665721 -0.3190816059643252 0.08597458405914475 -0.01730600870138887 0.1121504096026433 0.219181889371858 -0.2565553260314874 0.18680680448843 0.02117653724665717 -0.3058452943326613
 0.1433037507399386 -0.09544181097231517 -0.056004805091625 0.05109031032924064 0.0121893647922138 -0.073540803862856 -0.01149262320718103 0.1433718680479671 0.0871947657555158 0.1601122066377756 -0.007997541539044237 0.01259708666117729 0.1919195675066017 -0.1366647169120784 0.02157784061038747
 0.03252889904988966 -0.01801224247926225 -0.001442655366443389 -0.064380304478021 -0.005647110719178576 -0.01350530926977131 -0.03732003538129262 0.01475677871865275 -0.02674517003681203 0.04976422160645776 0.04272220304229686 -0.00153438408068251 -0.0005066043161081435 -0.04159262964777758 -0.08331904534040301
 -0.07218444219153679 -0.0781567409293681 0.1293194206719907 0.1633953780409561 -0.09797729110379585 0.009997776422925759 -0.05118262363501038 -0.05961107352280406 0.07745056710542519 -0.2605538178045577 -0.2535165831863093 0.2527864427869805 -0.02205195644600752 -0.1147181991686274 0.360069070216098
 0.01821811962417915 0.3245359865414268 -0.02797856019029766 0.2539577225236199 -0.07808745646706797 0.177374322272714 0.3073610500672679 0.1410875309276059 0.0191246589466936 -0.1008599857767269 -0.2515168657109103 0.1402922944328474 -0.197314643870249 0.05144330106710302 0.2870686447222935
 -0.110912668479117 -0.06003508523858071 -0.006697426082511638 -0.1366728717005499 0.09398475044151457 -0.0351878628261519 -0.03471079631903572 -0.1257261688843545 -0.03766198920090238 0.01310157242144665 0.1477835714618967 -0.2789729565225735 0.04447888313862725 0.04115561820389761 -0.2349923696587
 0.1258199204265632 0.08795091250257873 -0.002489570238449557 0.07169982506465707 0.01466642952164034 0.01003749368018487 0.05485055723719751 0.145878908374841 0.05784416921203005 0.06438950651719495 -0.1135966407375059 0.1770575662385105 -0.1338492531191491 -0.06965416542006846 0.1891943802816589
 -0.1949678584638704 0.2065267104141393 -0.09027276548544416 0.2243139105288517 -0.1565368794170965 0.1358804267793478 0.3117486430735101 0.02373840404913747 0.02736289344347343 -0.07533313844835189 -0.05513745798402343 0.02411587385718959 -0.1513158607272783 -0.03133758926654578 0.1634793022167736
 -0.1853888333730516 -0.1055836687420576 0.0338411555201132 -0.1870878983845059 0.06418684010554679 -0.08217041770016374 -0.0235682383415983 -0.1761515821700661 -0.001665646735719162 -0.02129780844412641 0.09278719731168678 -0.1518603894327837 0.1045776057539942 -0.06185050048771255 -0.4844777166577891


# name: iter
# type: scalar
469


# name: c
# type: matrix
# rows: 1
# columns: 15
 0.5255467828362737 0.5112677253899623 0.391192503092926 0.4774587141858165 0.1993563385030856 0.3372850330604598 0.2839126023310748 0.7177459122559638 0.2729183082334564 0.4531627798039543 0.4559633826233987 0.1020120408730683 0.429469040263982 0.5509271031101902 0.1304671978669369


# name: mean_corr
# type: matrix
# rows: 20
# columns: 1
 -0.1751616979500456
 -0.1683373405238591
 -0.1125732931106902
 -0.07925810513616502
 -0.06981935944137921
 -0.06393217326518717
 -0.05901434375211254
 -0.05125705048656155
 -0.04077675220295816
 -0.0332921006696535
 -0.01934169432432338
 0.03431966220497115
 0.04380677925588187
 0.06237384602576474
 0.06786364578119256
 0.07210339763209846
 0.07533225933039181
 0.08735587030467021
 0.1049933988749396
 0.3892456976287032


# name: mean_error
# type: matrix
# rows: 20
# columns: 1
 1.500716657548554
 1.496466558224242
 1.453649127110325
 1.43722345773951
 1.433359959854896
 1.422469893611866
 1.417633936332978
 1.410106213051744
 1.406986953703806
 1.4035271357545
 1.388093815782752
 1.372025164060123
 1.363961453296019
 1.352950025402857
 1.353964759842168
 1.35266689075721
 1.343472694567014
 1.336638555639371
 1.332863274882149
 1.309865232731749


# name: iter_improve
# type: matrix
# rows: 20
# columns: 1
 1
 61
 62
 64
 78
 96
 100
 114
 125
 149
 200
 245
 260
 280
 286
 296
 336
 428
 457
 469


# name: optim_start
# type: scalar
469


# name: optim_steps
# type: scalar
20


# name: VPVP_params
# type: scalar struct
# ndims: 2
 1 1
# length: 8
# name: lambda
# type: scalar
300000000


# name: downsample
# type: scalar
10


# name: MaxIter_X
# type: scalar
200


# name: MaxIter
# type: scalar
50


# name: optTol_X
# type: scalar
1e-06


# name: progTol_X
# type: scalar
1e-10


