# Created by Octave 3.8.1, Wed Nov 29 00:26:49 2017 ART <gabrevaya@ws5.labo5>
# name: y_start
# type: matrix
# rows: 15
# columns: 1
 -0.3651921280352515
 -1.014972330290938
 -0.3072866260546596
 -0.5854394061945062
 -0.6083201159332058
 -0.1597259842767476
 -0.169541307445001
 0.4455663882469891
 -0.9630808461819482
 1.421921851441206
 -0.388544766665319
 0.6289643649904023
 -1.001469006228138
 0.3834727204264707
 0.06638430290280829


# name: alphas
# type: cell
# rows: 1
# columns: 3
# name: <cell-element>
# type: matrix
# rows: 15
# columns: 1
 0.9853964075763503
 0.3749603394449608
 0.5836820773489179
 0.4094802576188715
 0.4766218206479557
 0.4496252187368277
 0.6287080755387769
 0.5639784899991116
 0.08408554966479338
 0.8077354387906225
 0.5962310255123359
 0.5929928930235692
 0.5909439853240183
 0.570928790930775
 0.6280451344243853



# name: <cell-element>
# type: matrix
# rows: 15
# columns: 1
 0.1639282176570803
 1.083889241556943
 1.236521942025369
 0.7268600963138244
 0.9252270358121784
 1.140408604983669
 1.08070252753911
 1.171550328397862
 1.028918456522775
 0.7515196018655408
 0.9282248160287653
 1.169091005259756
 0.8545889936186571
 0.9342963160865732
 1.35362315639441



# name: <cell-element>
# type: matrix
# rows: 15
# columns: 1
 11.35138468305457
 11.57403133204724
 11.26129686267833
 11.34388454182308
 11.62246608825494
 11.46035850846086
 11.36264257144418
 11.14724071865365
 11.28461255933633
 11.23691270796998
 11.40982634850973
 11.47527334477557
 11.20628098311906
 11.54153357512413
 11.36384141778512





# name: W
# type: matrix
# rows: 15
# columns: 15
 -0.009038254085332402 0.01693962405657668 0.001327885207390881 0.0117533485771921 -0.0008954094351147108 0.01279198385062341 0.01994945751042454 0.003418600257265613 0.005004417893025787 -0.006888777140161355 -0.01315896649599512 0.01938940516056695 -0.003008827779092884 -0.006825319089222173 0.02286807814767813
 0.005095842650767179 -0.02997222525620018 -0.00826983923029276 -0.01177687560172935 0.002103463108304317 -0.01356289198529052 -0.02492333129020088 0.005438494705276348 -0.007462514329710728 0.01273275716515287 0.01557624617729852 -0.04064975922232603 0.001121692424147618 0.002540451830499447 -0.05714829957491979
 -0.0009442472531453687 -0.04862946492942629 -0.02135100724377855 -0.01849138080932764 0.0002870275391001649 -0.03824670083789675 -0.06287919738603009 -0.005591055991725023 -0.01327699818211237 0.02149716650354197 0.02571136850979053 -0.0589289979471922 0.003877683930297277 0.0200653388189922 -0.05849547436790563
 0.004859084597330408 -0.001340623397202997 0.002642954055620365 -0.03717097820996045 0.02848364692232417 -0.007511097489739813 -0.01258899332659317 -0.002240677912165129 -0.000791237663663869 0.0502454850159332 0.05030053567056944 -0.008637597604007587 0.03328068276689559 0.02891986946313078 -0.009374971734854132
 0.007592327543103405 0.01031385564729028 0.001585267333014832 0.01541932672970665 0.000861975678743747 0.01341970519110122 0.01414339676499753 0.00448998958334267 0.003008529398297593 -0.01256295734901034 -0.002473985048250415 0.0102875053215528 -0.009835463245877743 -0.003812398821611052 0.0108854961011859
 -0.002228916563235575 -0.02564996885251331 0.01168659221037209 -0.01786162776696192 0.006874519448833741 -0.03041620387849363 -0.04065493434855819 -0.02007438276545534 -0.006291251215574417 0.01915589898295973 0.03097719601805255 -0.03608440080692909 0.01090935728255686 0.02011431849533031 -0.02347270421557482
 0.0004950312545140029 -0.03008227685404996 -0.001524637023927586 0.001856583305812539 -0.009381640489907361 -0.01857725084997398 -0.02993510931459815 -0.006552832850948868 -0.007591291433308231 -0.003894109458058253 -0.0008410090491454809 -0.03670595263569697 -0.01046959666313447 -0.00132525632301101 -0.03337240562642461
 -0.0009030508146949144 0.03021751793646264 0.01065067372460602 0.004419119096937144 4.732520763800978e-05 0.02593719027349318 0.04567840486454026 0.009036272221895989 0.009057970798743821 -0.0104598910786136 -0.01945956966392038 0.03559811134435369 0.002411103413342702 -0.01993632393871625 0.02381831210065172
 -0.006468300343707065 -0.01449968739770179 -0.004819023642016591 0.01084194893534544 -0.01424210461198255 -0.006346891574194392 -0.004982949774568283 0.003501171733808198 -0.005025466135400281 -0.009575663444828644 -0.02144711969329253 -0.01272609855053112 -0.01459008039714724 -0.01046390486063698 -0.01997189601692594
 0.005387437252165423 0.01776265813814608 0.0001650836460213186 -0.00521630511400982 -0.001064299785735061 0.01515266564338918 0.01949189081402853 0.003083079182762441 0.009925432578643244 -0.01976491478541612 -0.009889297371577501 0.01347889733693166 0.006484645296069753 -0.01856171162390967 0.01589888696570415
 0.007671953135677904 0.003454898079653853 -0.001998552714274317 0.02418895749517948 -0.01368782596183706 0.005669806493715533 0.01487031308769198 0.005559183907916023 0.001341089591411283 -0.02437669268238148 -0.03096705938340925 0.005603956140871511 -0.01651535422960425 -0.01598421537782423 0.001237645123113478
 -0.001385037880553471 -0.02849371784394814 0.002099123184647366 0.002111463403980937 -0.01146095150736467 -0.01964954212462192 -0.02498442606168387 -0.007316549430375549 -0.007316425608037554 -0.003638323615448337 -0.006791335172783667 -0.03368992426168139 -0.009695191070165407 -0.003785291527532466 -0.03112528103297873
 0.001168108127951175 0.01475989561940334 -0.004382784869375078 0.03071729680434805 -0.0163520959612096 0.02283307499178682 0.02802630628063843 0.01028637979641303 0.005266936654458237 -0.04099104401829222 -0.03741860357505754 0.01921130517843805 -0.02573672566761255 -0.02714819939072588 0.01569121083970383
 0.01876290679289834 0.01758013985158787 0.008443831641282895 0.01528034180414444 0.003322697984681757 0.01340212655548608 0.02367389485445236 0.002221485096808879 0.006498972638559934 -0.0145501218614598 -0.004550568414716975 0.01506575101331562 -0.002387137099622565 -0.006804505239977564 0.01583710311031362
 -0.0002090052935385934 -0.0336602145821552 0.004553179787784431 -0.006428898546026052 -0.006924332980995764 -0.03228710136245112 -0.03948429737407109 -0.01583528677290389 -0.007891082247655353 0.004616022978100189 0.006084836654928359 -0.04418613143660217 -0.002078681675318658 0.005148180349586169 -0.0362685362915243


# name: iter
# type: scalar
170


# name: c
# type: matrix
# rows: 1
# columns: 15
 0.4148685363337959 0.01471850749625229 0.4163195008468119 0.3420696935611504 0.3903766522397376 0.336062772867458 0.02978566743865375 0.631585874088548 0.1504878752554573 0.4253088760484081 -0.007423145441890185 0.006093125836153328 0.3325201741167642 0.223417070178216 0.2114437886010488


# name: mean_corr
# type: matrix
# rows: 10
# columns: 1
 -0.1321307470853366
 -0.07929474478666657
 -0.07732802277162118
 -0.1218242992350848
 -0.1179079962774783
 -0.1164064388414782
 -0.1106218349636112
 -0.02375983332799338
 -0.01748055103201453
 0.2611756646311044


# name: mean_error
# type: matrix
# rows: 10
# columns: 1
 1.502464202203242
 1.49006905573221
 1.484485388257664
 1.496603698693643
 1.491585392371057
 1.491689304714761
 1.483987710990982
 1.422339701529238
 1.41751976753828
 1.271785057771947


# name: iter_improve
# type: matrix
# rows: 10
# columns: 1
 1
 11
 24
 31
 36
 64
 91
 93
 112
 170


# name: optim_start
# type: scalar
170


# name: optim_steps
# type: scalar
10


# name: VPVP_params
# type: scalar struct
# ndims: 2
 1 1
# length: 8
# name: lambda
# type: scalar
300000000


# name: downsample
# type: scalar
10


# name: MaxIter_X
# type: scalar
200


# name: MaxIter
# type: scalar
50


# name: optTol_X
# type: scalar
1e-06


# name: progTol_X
# type: scalar
1e-10


# name: optTol_aW
# type: scalar
0.0001


# name: progTol_aW
# type: scalar
1e-07




