# Created by Octave 3.8.1, Wed Nov 29 00:12:16 2017 ART <gabrevaya@ws5.labo5>
# name: y_start
# type: matrix
# rows: 15
# columns: 1
 -0.3651921340636926
 -1.014972330389487
 -0.3072866289267904
 -0.585439403563525
 -0.6083201148723361
 -0.1597259834164062
 -0.1695412999438967
 0.4455663806685593
 -0.9630808547154898
 1.421921864583389
 -0.3885447540204769
 0.6289643631745534
 -1.001469012332774
 0.3834727343872472
 0.06638430290183137


# name: alphas
# type: cell
# rows: 1
# columns: 3
# name: <cell-element>
# type: matrix
# rows: 15
# columns: 1
 0.9805942388930554
 0.3889001083859604
 0.6016237922134874
 0.4156866872406298
 0.4786274084335421
 0.4696286059596882
 0.6352299919308199
 0.556617210648732
 0.08958668266082598
 0.810553795497584
 0.6006440458641015
 0.6013055314388996
 0.6017159194488582
 0.5775065858437098
 0.6282941128233115



# name: <cell-element>
# type: matrix
# rows: 15
# columns: 1
 0.4880055928151935
 1.124056174927615
 1.198934189611178
 0.8613528482783707
 0.940291755976329
 1.078788524737716
 1.130048327792917
 1.172048305675448
 1.050947807346715
 0.9024730863703414
 0.9374771112815088
 1.19912779583631
 0.9565872075038325
 0.9673411508709934
 1.220020235390575



# name: <cell-element>
# type: matrix
# rows: 15
# columns: 1
 11.36615865368678
 11.57860819310845
 11.25689167733034
 11.35502347228294
 11.6246090802992
 11.45388812341279
 11.36817800116154
 11.14689564049181
 11.28646847918211
 11.2494233853944
 11.41068757049982
 11.47845294927585
 11.21731222248644
 11.54548098704554
 11.3483927200723





# name: W
# type: matrix
# rows: 15
# columns: 15
 0 0 0 0 0 0 0 0 0 0 0 0 0 0 0
 0 0 0 0 0 0 0 0 0 0 0 0 0 0 0
 0 0 0 0 0 0 0 0 0 0 0 0 0 0 0
 0 0 0 0 0 0 0 0 0 0 0 0 0 0 0
 0 0 0 0 0 0 0 0 0 0 0 0 0 0 0
 0 0 0 0 0 0 0 0 0 0 0 0 0 0 0
 0 0 0 0 0 0 0 0 0 0 0 0 0 0 0
 0 0 0 0 0 0 0 0 0 0 0 0 0 0 0
 0 0 0 0 0 0 0 0 0 0 0 0 0 0 0
 0 0 0 0 0 0 0 0 0 0 0 0 0 0 0
 0 0 0 0 0 0 0 0 0 0 0 0 0 0 0
 0 0 0 0 0 0 0 0 0 0 0 0 0 0 0
 0 0 0 0 0 0 0 0 0 0 0 0 0 0 0
 0 0 0 0 0 0 0 0 0 0 0 0 0 0 0
 0 0 0 0 0 0 0 0 0 0 0 0 0 0 0


# name: iter
# type: scalar
170


# name: c
# type: matrix
# rows: 1
# columns: 15
 -0.07996220767690135 -0.0498222520794333 -0.1730642617492351 -0.2090108382933517 0.3452470532947171 0.03353269314879298 -0.05470559443720788 0.4905234755585841 0.02136784794967113 -0.2710843627651586 -0.02265470575628298 -0.03373593854906583 -0.1397109023934076 0.1590715377749557 -0.2161248764080921


# name: mean_corr
# type: matrix
# rows: 9
# columns: 1
 -0.1321307470853366
 -0.07929474478666657
 -0.07732802277162118
 -0.1218242992350848
 -0.1179079962774783
 -0.1164064388414782
 -0.1106218349636112
 -0.02375983332799338
 -0.01748055103201453


# name: mean_error
# type: matrix
# rows: 9
# columns: 1
 1.502464202203242
 1.49006905573221
 1.484485388257664
 1.496603698693643
 1.491585392371057
 1.491689304714761
 1.483987710990982
 1.422339701529238
 1.41751976753828


# name: iter_improve
# type: matrix
# rows: 9
# columns: 1
 1
 11
 24
 31
 36
 64
 91
 93
 112


# name: optim_start
# type: scalar
170


# name: optim_steps
# type: matrix
# rows: 0
# columns: 0


# name: VPVP_params
# type: scalar struct
# ndims: 2
 1 1
# length: 8
# name: lambda
# type: scalar
300000000


# name: downsample
# type: scalar
10


# name: MaxIter_X
# type: scalar
200


# name: MaxIter
# type: scalar
50


# name: optTol_X
# type: scalar
1e-06


# name: progTol_X
# type: scalar
1e-10


# name: optTol_aW
# type: scalar
0.0001


# name: progTol_aW
# type: scalar
1e-07




