# Created by Octave 3.8.1, Tue Nov 28 20:03:31 2017 ART <gabrevaya@ws17.labo1>
# name: y_start
# type: matrix
# rows: 15
# columns: 1
 1.729161152206234
 -0.1321908082392885
 -0.01163096227246369
 1.811166270026697
 -0.3616733629187365
 1.553070205475928
 0.1914537953382099
 0.9626050801373338
 1.571207255551018
 -0.4026946068077799
 0.7960765882140193
 0.7493436181387862
 -1.87376833612727
 -0.8484652848716415
 -0.6569356548883587


# name: alphas
# type: cell
# rows: 1
# columns: 3
# name: <cell-element>
# type: matrix
# rows: 15
# columns: 1
 0.4913260055966621
 0.5966601984584006
 0.6155427481674388
 0.5690216479262129
 0.7029374685536662
 0.3788601285291232
 0.595986479218146
 0.408989356895818
 0.3625326217667432
 0.6292138183134467
 0.5515226224162383
 0.513310262707229
 0.5290697715979809
 0.5176926597552416
 0.5328761234101153



# name: <cell-element>
# type: matrix
# rows: 15
# columns: 1
 0.169840308114521
 1.409824306231193
 1.293776870692094
 1.539049573054677
 0.4314992448141557
 1.63528236449699
 0.7448847745702607
 0.4345682882630049
 1.100983351295302
 0.7555125475429646
 1.412147955271293
 0.945849553365898
 0.4257955853171472
 0.6235812506267044
 0.3087980365146211



# name: <cell-element>
# type: matrix
# rows: 15
# columns: 1
 11.42216990366243
 11.51039199577857
 11.36913539734724
 11.51547525568501
 11.25735249971552
 11.24213628945176
 11.51592341723165
 11.36151572782982
 11.3512691028518
 11.37093021149875
 11.42886516751212
 11.38406927414592
 11.44723413194908
 11.36799380511138
 11.35465570559141





# name: W
# type: matrix
# rows: 15
# columns: 15
 -0.2033131468254907 0.1182822878525393 0.0100671907675895 0.1449993632190404 -0.1840181766635843 0.09927454897014365 0.1655667652923873 0.06158330889953854 -0.08151651669443587 0.02615457175437989 -0.2101265041045925 0.06399171899986346 0.05827276906759939 -0.02364877440588062 0.1333010398368069
 0.132862221260282 -0.02036352418709058 -0.1310403696837659 -0.2470106556835563 0.05119805334705929 -0.2290150111551033 -0.2262782430953164 0.1375599579998411 -0.08988198488028919 0.1360392892556861 0.2237321005230069 -0.196096024262549 0.1215299342596421 0.0749727069707269 -0.2305715855880539
 -0.01457916420298347 -0.02316548056433361 -0.02878678372308698 -0.01775815411497427 0.0350833112093146 -0.03394440789100686 0.05865882997556469 -0.1886298394357891 -0.1138491848386409 0.1963012001377459 0.001177259914431248 -0.1449170919273573 0.1198969455459525 -0.01636087092982353 0.03586714823107329
 0.0907478038792572 -0.01978956571926348 -0.1564603628113709 -0.2040224930860112 0.09150534347273324 -0.1082662381339289 -0.01523824781629537 0.05010979774878605 0.01931409269297757 0.07537980617395465 0.09498219681548638 -0.01370695231745787 0.1482924854990759 0.0944238085781029 -0.07245304870958497
 -0.01062973075533861 0.308571843874473 -0.06678449262421832 0.2052487290757302 0.1017997175424772 0.1512255019018308 0.2732869688973475 -0.2705040662928929 -0.2076270749182589 0.01375033774594367 -0.3071272047757588 -0.1208624299025788 -0.0510373340170711 0.09760619812182961 0.1955904667427846
 0.01935997919638929 0.04966313844377172 -0.05552780430275083 -0.23890468294101 0.06582609615440008 -0.1696577702879575 -0.1040257974606422 0.07178027351604027 -0.07280652638956431 0.008387844215657671 0.02326189869474171 -0.08159961705822139 0.07600573170767773 0.0914214157598756 -0.1515587201541429
 -0.02547439792442513 -0.008644625363860547 -0.04364155264165554 -0.160720148415705 -0.01664093209138677 -0.1441999414592817 -0.4365529712211962 0.1406080932740374 -0.137061064013321 0.1332827511218376 0.09504999915349813 -0.1623203097331527 -0.05564650909775735 -0.03943520472891808 -0.1304686427453906
 0.2950854443051595 -0.01485614728070472 -0.2537038703833663 -0.2121516734304661 0.3628152255839187 -0.02101299281607844 0.2212942365992048 -0.2926998174849476 -0.2709765536172776 0.2679849299124878 -0.1051404819002941 -0.5613838018763506 0.4198856445219655 0.3552084337191892 -0.1861606267821511
 -0.05569164756861782 0.2274279427011449 -0.0556772640474166 0.1010131996084368 -0.01460909675451588 0.03963580479340354 0.07792439290334408 -0.1755477521569149 -0.1390547074737492 0.1815986049093863 -0.09713371818116776 -0.04568649505515444 0.01175030680135618 -0.08919413546198741 0.1744996073678482
 -0.18008754164665 0.08653348763173251 0.0285202384890814 0.1341934888217582 -0.08928459317528308 0.0942536744945202 0.1773421790626928 -0.07025680759012448 -0.01436923712901776 -0.1452989354428287 -0.1380513110304855 0.1239603818686455 -0.09144298485301978 -0.03224540303111216 0.2558343017725394
 -0.01366367404055824 0.3091578805074888 -0.04556597647149266 0.2943266347011905 -0.0005320386111215336 0.1983811464427272 0.1751187268793807 0.02483649712491148 -0.0427258982617397 0.01202763201525184 -0.3134744177631671 0.07580437218471819 0.02322515648390566 -0.02724923272354765 0.09121453398618272
 0.03589608343073811 0.08646249798409805 0.01305659403692469 -0.03007388533332083 0.02559335885840932 -0.02270106337488702 -0.05490550446826374 -0.04491095583003979 -0.1907377534440328 0.1286430712700491 -0.07626341917567407 -0.3590140365705558 0.07835905346929929 0.004808792591242222 -0.09962315194227449
 -0.1643768092720624 0.1895054819037002 -0.02707890210026275 0.2000972270378738 -0.01456222340443665 0.1410851836739785 0.245229705611568 -0.09565742183590958 -0.0419482677152276 -0.09608693000854031 -0.1544807296520473 0.09388244630163514 -0.1813262852247138 -0.01388191240476628 0.2574700652581042
 0.0858274151732573 0.2830973353041987 -0.03525988502255475 0.1703810467285313 0.007671012848405396 0.08921291789958791 0.2681996123506358 0.012346243408383 -0.1669603851958383 -0.03409339017559611 -0.2379012715381161 -0.08122863379766299 0.02408250950671514 0.2152146263342938 0.05656490828611421
 -0.05186462357342863 -0.1466002291056533 0.0640196522406534 -0.1048796331021415 -0.03696006620630615 -0.1460410537248453 -0.2324431327301259 0.1380338020727309 0.1303936110367045 -0.05556243345663139 0.2275330787558105 0.12478866863572 -0.06665082632711021 -0.07929617544272072 -0.3452458457430652


# name: iter
# type: scalar
62


# name: c
# type: matrix
# rows: 1
# columns: 15
 0.4908095572923412 0.3360355865268255 0.469453735883091 0.393717612185226 0.7305384695542907 0.5028139672515312 -0.02540480891424565 0.4761250825177255 0.396553515168148 0.5167069010933475 0.09395736985167895 0.1080341736870245 0.4763697685579129 0.6720197291059711 0.5507927983245251


# name: mean_corr
# type: matrix
# rows: 4
# columns: 1
 -0.1194358206294556
 -0.1134045792738257
 -0.03409846350013
 0.4125682305390262


# name: mean_error
# type: matrix
# rows: 4
# columns: 1
 1.472877815715861
 1.470010090561556
 1.425399437645621
 1.228490598991324


# name: iter_improve
# type: matrix
# rows: 4
# columns: 1
 1
 16
 31
 62


# name: optim_start
# type: scalar
62


# name: optim_steps
# type: scalar
4


# name: VPVP_params
# type: scalar struct
# ndims: 2
 1 1
# length: 8
# name: lambda
# type: scalar
300000000


# name: downsample
# type: scalar
10


# name: MaxIter_X
# type: scalar
200


# name: MaxIter
# type: scalar
50


# name: optTol_X
# type: scalar
1e-06


# name: progTol_X
# type: scalar
1e-10


# name: optTol_aW
# type: scalar
0.0001


# name: progTol_aW
# type: scalar
1e-07




