# Created by Octave 3.8.1, Tue Nov 28 19:55:40 2017 ART <gabrevaya@ws17.labo1>
# name: y_start
# type: matrix
# rows: 15
# columns: 1
 1.729161153827088
 -0.132190796216322
 -0.01163095545231088
 1.811166270743238
 -0.3616733494011004
 1.553070201429378
 0.1914537947000287
 0.9626050738338642
 1.571207258750821
 -0.4026945980062473
 0.7960765916057092
 0.7493436186440383
 -1.87376833353657
 -0.8484652826172725
 -0.6569356548162076


# name: alphas
# type: cell
# rows: 1
# columns: 3
# name: <cell-element>
# type: matrix
# rows: 15
# columns: 1
 0.5675191815428998
 0.5739653881144886
 0.6465054460721278
 0.6236335716180376
 0.6712378652345889
 0.4732510357699632
 0.7594198094905431
 0.5865482311274978
 0.4359260755446759
 0.6716359143915465
 0.6382900024139265
 0.6343626538945908
 0.5843872552311806
 0.4472833814282514
 0.5566148845210525



# name: <cell-element>
# type: matrix
# rows: 15
# columns: 1
 0.8653848013852186
 1.086188693648158
 0.871218121395416
 1.083990671671622
 0.9853371770883371
 1.19360039004997
 1.09753248087109
 0.9192700859460405
 0.9237603577124951
 0.8476746895811709
 1.125354143471097
 0.8712230685894577
 0.9858958981679828
 1.039509562270292
 1.006155926972488



# name: <cell-element>
# type: matrix
# rows: 15
# columns: 1
 11.46340639150201
 11.47725184688015
 11.33320388916146
 11.46987319347684
 11.31302158162895
 11.18312984579028
 11.54650570823736
 11.41527012009166
 11.33292862626941
 11.42931009952556
 11.39666949905463
 11.37835328643878
 11.49864261895312
 11.4120748808096
 11.41421212805653





# name: W
# type: matrix
# rows: 15
# columns: 15
 0 0 0 0 0 0 0 0 0 0 0 0 0 0 0
 0 0 0 0 0 0 0 0 0 0 0 0 0 0 0
 0 0 0 0 0 0 0 0 0 0 0 0 0 0 0
 0 0 0 0 0 0 0 0 0 0 0 0 0 0 0
 0 0 0 0 0 0 0 0 0 0 0 0 0 0 0
 0 0 0 0 0 0 0 0 0 0 0 0 0 0 0
 0 0 0 0 0 0 0 0 0 0 0 0 0 0 0
 0 0 0 0 0 0 0 0 0 0 0 0 0 0 0
 0 0 0 0 0 0 0 0 0 0 0 0 0 0 0
 0 0 0 0 0 0 0 0 0 0 0 0 0 0 0
 0 0 0 0 0 0 0 0 0 0 0 0 0 0 0
 0 0 0 0 0 0 0 0 0 0 0 0 0 0 0
 0 0 0 0 0 0 0 0 0 0 0 0 0 0 0
 0 0 0 0 0 0 0 0 0 0 0 0 0 0 0
 0 0 0 0 0 0 0 0 0 0 0 0 0 0 0


# name: iter
# type: scalar
62


# name: c
# type: matrix
# rows: 1
# columns: 15
 -0.3702695734980333 -0.151824536630175 -0.1686584478522673 0.03320310722678776 0.3543826483524078 0.2299989875000498 -0.2256422030794372 -0.5118126198084876 0.05337006948055473 -0.01739053554628346 -0.2878161253566514 -0.04945104195428459 -0.1487441700256551 -0.06883381408744994 -0.05790038717329473


# name: mean_corr
# type: matrix
# rows: 3
# columns: 1
 -0.1194358206294556
 -0.1134045792738257
 -0.03409846350013


# name: mean_error
# type: matrix
# rows: 3
# columns: 1
 1.472877815715861
 1.470010090561556
 1.425399437645621


# name: iter_improve
# type: matrix
# rows: 3
# columns: 1
 1
 16
 31


# name: optim_start
# type: scalar
62


# name: optim_steps
# type: matrix
# rows: 0
# columns: 0


# name: VPVP_params
# type: scalar struct
# ndims: 2
 1 1
# length: 8
# name: lambda
# type: scalar
300000000


# name: downsample
# type: scalar
10


# name: MaxIter_X
# type: scalar
200


# name: MaxIter
# type: scalar
50


# name: optTol_X
# type: scalar
1e-06


# name: progTol_X
# type: scalar
1e-10


# name: optTol_aW
# type: scalar
0.0001


# name: progTol_aW
# type: scalar
1e-07




