# Created by Octave 3.8.1, Sun Jan 07 19:07:50 2018 ART <gabrevaya@ws16.labo2>
# name: y_start
# type: matrix
# rows: 10
# columns: 1
 -0.07345795992986441
 0.102746096011126
 2.2269830110935
 -0.2765180048331694
 -0.1075106731826915
 1.06370857429308
 -1.767160041244928
 0.4473442785168657
 -0.2911401224267421
 1.216237435446738


# name: alphas
# type: cell
# rows: 1
# columns: 3
# name: <cell-element>
# type: matrix
# rows: 10
# columns: 1
 -0.2654127211107561
 0.6700419325365993
 0.8162908459998464
 0.06718188148543938
 0.1744114109611805
 0.9031055780987894
 0.7281560493533566
 0.8134342227544435
 0.7326460706403191
 1.013579220395115



# name: <cell-element>
# type: matrix
# rows: 10
# columns: 1
 0.5997338935558213
 1.042493760003828
 0.5769768143856699
 0.5679225221842544
 0.8892665102533021
 0.6301400533544711
 0.7733372187075143
 0.4592739957031582
 1.262499463618512
 0.633703921238673



# name: <cell-element>
# type: matrix
# rows: 10
# columns: 1
 11.45252447046927
 10.7182111794265
 11.37492510249896
 11.38643877653953
 11.06027777291108
 11.11243720055601
 11.22777740352808
 11.78544584150556
 10.79402617504004
 11.12930177388342





# name: W
# type: matrix
# rows: 10
# columns: 10
 0.02437579558868522 -0.1603053074316284 -0.01584854322928297 -0.0350803578682923 0.2083632725067989 -0.00238539880791039 0.06475881021758206 -0.4272746555789608 -0.9129956666829382 0.3050999924291942
 0.08221223991608677 0.04335647002713958 -0.06710709172086804 0.03050496941560055 -0.04874548907590825 0.1184353463731345 0.2058234139031998 -0.196629829625921 0.2718357083235493 -0.04137974591758181
 -0.1146829558527558 0.02257744934245884 -0.1086375218482054 0.2337666725966773 0.2652474511956555 -0.1996224565835492 0.03793915490121875 0.5535204509913517 0.2500651455722824 -0.2978328658658766
 -0.3649777868741961 -0.124161863576409 0.4285988352363529 0.256016199391596 0.1415119792753032 -0.07840771933936111 -0.1295495994567697 -0.08014266214482207 -0.04313009112619493 -0.1703424191654034
 0.1401884015256692 -0.2442213071271246 0.1018784326938046 0.1534754947230258 0.3138045255762387 0.201511446909274 0.07297210803628437 -0.3873321666736455 -0.4910790702815414 -0.1531171541541887
 -0.141769787932724 -0.1001984717356027 0.0348158172732549 0.02939534380049455 -0.02748065658291686 -0.2061420849964093 0.006937569104759804 0.09624240019129648 -0.1691607046885618 0.1273836939538013
 -0.09772918192598043 -0.02649680551664102 0.2443918425087692 -0.03199357979671617 -0.01069920312498398 0.07093939252650175 -0.1391786982196676 -0.2325027250280242 -0.1816639261251461 0.1194042692865508
 0.002160860090480323 -0.1868394654733841 -0.2250750123978647 0.1549772510116608 -0.3170462280866337 -0.2515736148686811 0.09680035683053138 -0.3139399135535123 -0.2178748199657974 0.09480403759298445
 0.1003547721116121 -0.03984278930896885 -0.09460357411652197 -0.09362091247218284 -0.05460779562229225 0.008193559780737577 0.3008780295604036 -0.2822328107572631 -0.2463499514641823 0.4376199017737297
 0.163952331204844 -0.07706117427326595 -0.2723912970047695 0.1095779542449336 -0.09758295685786675 0.1361914696178728 0.4450986547173402 0.2595255754057573 0.183627841474386 -0.8416631194848226


# name: iter
# type: scalar
200000


# name: c
# type: matrix
# rows: 1
# columns: 10
 NaN NaN NaN NaN NaN NaN NaN NaN NaN NaN


# name: mean_corr
# type: matrix
# rows: 302
# columns: 1
 -0.0144391487991742
 -0.01397580285137791
 0.002312842521337017
 0.08267605857605884
 0.0493194273155027
 0.07342659903179485
 0.08101797954272126
 0.08957224737808203
 0.1295635241606822
 0.1485663140305766
 0.1723542249857416
 0.2215551203835712
 0.2306141624852089
 0.2339349604378112
 0.2569202214065206
 0.2995432430332844
 0.3112311436385617
 0.3140779661947331
 0.3333603854953684
 0.3467393332386658
 0.347572990158676
 0.347621967931666
 0.4759529129378137
 0.4687600672841262
 0.4670964045624449
 0.4677279840301847
 0.4691560336944652
 0.450942778335892
 0.4525647997266004
 0.4392532854490938
 0.4029508252774349
 0.4042717500941418
 0.4051837056374984
 0.3925509856210915
 0.3868840227078458
 0.3854715430128389
 0.3861767503987887
 0.3805551803694663
 0.3733953841387451
 0.3538797484966361
 0.3513866648686911
 0.352091142517337
 0.4991867246832559
 0.4957482801961925
 0.4871878243355358
 0.4804385868183855
 0.481106481772153
 0.4591976117249662
 0.459743086123497
 0.4471152288109017
 0.438668285073448
 0.4264063255229953
 0.4224219764535757
 0.4249809659986968
 0.4261283494438012
 0.3910101756861165
 0.3957961624229594
 0.3961250591489654
 0.3993693003821354
 0.4010841510230304
 0.4099618770787375
 0.4102460600200932
 0.4061872623962765
 0.405138732513448
 0.3977625699664
 0.4052726829868821
 0.4014376489283455
 0.4000834326251977
 0.3798808917870384
 0.3924956689651312
 0.3945769846876693
 0.4017552031291768
 0.4000054126183124
 0.4049541003899886
 0.4065877949769319
 0.4133711742306884
 0.4102519183153494
 0.4094425726930828
 0.4100960370575796
 0.4155960568351679
 0.4137352592673559
 0.4087349097762153
 0.412567950785191
 0.415089836590753
 0.4221832189900169
 0.4293170964480009
 0.414820267623015
 0.4111473694239354
 0.5092144372787654
 0.5046194695495723
 0.4996445167744841
 0.4767770379175092
 0.4797141056748154
 0.477684285779722
 0.4760663093975479
 0.4792261959984088
 0.4793031013117181
 0.4726001798133292
 0.4608405784652326
 0.4497032555984825
 0.4513485379531444
 0.444672398082976
 0.4397179801811664
 0.4402820948739752
 NaN
 NaN
 NaN
 NaN
 NaN
 NaN
 NaN
 NaN
 NaN
 NaN
 NaN
 NaN
 NaN
 NaN
 NaN
 NaN
 NaN
 NaN
 NaN
 NaN
 NaN
 NaN
 NaN
 NaN
 NaN
 NaN
 NaN
 NaN
 NaN
 NaN
 NaN
 NaN
 NaN
 NaN
 NaN
 NaN
 NaN
 NaN
 NaN
 NaN
 NaN
 NaN
 NaN
 NaN
 NaN
 NaN
 NaN
 NaN
 NaN
 NaN
 NaN
 NaN
 NaN
 NaN
 NaN
 NaN
 NaN
 NaN
 NaN
 NaN
 NaN
 NaN
 NaN
 NaN
 NaN
 NaN
 NaN
 NaN
 NaN
 NaN
 NaN
 NaN
 NaN
 NaN
 NaN
 NaN
 NaN
 NaN
 NaN
 NaN
 NaN
 NaN
 NaN
 NaN
 NaN
 NaN
 NaN
 NaN
 NaN
 NaN
 NaN
 NaN
 NaN
 NaN
 NaN
 NaN
 NaN
 NaN
 NaN
 NaN
 NaN
 NaN
 NaN
 NaN
 NaN
 NaN
 NaN
 NaN
 NaN
 NaN
 NaN
 NaN
 NaN
 NaN
 NaN
 NaN
 NaN
 NaN
 NaN
 NaN
 NaN
 NaN
 NaN
 NaN
 NaN
 NaN
 NaN
 NaN
 NaN
 NaN
 NaN
 NaN
 NaN
 NaN
 NaN
 NaN
 NaN
 NaN
 NaN
 NaN
 NaN
 NaN
 NaN
 NaN
 NaN
 NaN
 NaN
 NaN
 NaN
 NaN
 NaN
 NaN
 NaN
 NaN
 NaN
 NaN
 NaN
 NaN
 NaN
 NaN
 NaN
 NaN
 NaN
 NaN
 NaN
 NaN
 NaN
 NaN
 NaN
 NaN
 NaN
 NaN
 NaN
 NaN
 NaN
 NaN
 NaN
 NaN
 NaN
 NaN
 NaN
 NaN
 NaN
 NaN
 NaN
 NaN
 NaN
 NaN
 NaN
 NaN
 NaN
 NaN
 NaN
 NaN
 NaN
 NaN
 NaN
 NaN


