# Created by Octave 3.8.1, Sun Jan 07 06:00:49 2018 ART <gabrevaya@ws16.labo2>
# name: y_start
# type: matrix
# rows: 10
# columns: 1
 -0.0737827830373903
 0.1023881757081297
 2.22658494037328
 -0.2768567286845208
 -0.1077480560317363
 1.063737775934169
 -1.76765276670812
 0.4473741380816312
 -0.2917484228307723
 1.216274547011551


# name: alphas
# type: cell
# rows: 1
# columns: 3
# name: <cell-element>
# type: matrix
# rows: 10
# columns: 1
 -0.2654133100936342
 0.6700425332793996
 0.8162914509931449
 0.06718246470704456
 0.1744119972992462
 0.9031050230770891
 0.7281554892470185
 0.8134348276647184
 0.7326455106644763
 1.013579831122294



# name: <cell-element>
# type: matrix
# rows: 10
# columns: 1
 0.599734492255227
 1.042494371571365
 0.5769774124236767
 0.5679231199591119
 0.8892671173675256
 0.6301394903994494
 0.7733366599142971
 0.4592745903203142
 1.262498919042039
 0.6337033583872296



# name: <cell-element>
# type: matrix
# rows: 10
# columns: 1
 11.45252422205012
 10.71821090966567
 11.37492601436263
 11.3864385261997
 11.06027867563001
 11.11243694225274
 11.227777148577
 11.78544560276226
 10.79402590748265
 11.12930267860842





# name: W
# type: matrix
# rows: 10
# columns: 10
 0.02437585442403678 -0.1603052539637475 -0.01584860181680313 -0.03508041701475538 0.2083632204356486 -0.002385457004145082 0.0647588702266035 -0.4272747261239445 -0.9129957513446522 0.3051000594233606
 0.0822121841785516 0.04335641316032157 -0.06710703554432511 0.03050502842908706 -0.04874543236571372 0.1184352916883679 0.2058233617582323 -0.1966297772137562 0.2718356580971271 -0.04137980524712691
 -0.1146829010589317 0.02257750812554426 -0.1086375831324937 0.2337666212638373 0.2652474007777559 -0.1996224042583605 0.03793921413076837 0.5535204089516604 0.2500652109669456 -0.2978328163950215
 -0.3649777393548043 -0.1241618090580747 0.4285987895660086 0.2560161487054043 0.1415119252612232 -0.07840777974506698 -0.1295496613488352 -0.08014272260095133 -0.04313015050661107 -0.1703423659892356
 0.1401884637269349 -0.2442212560981324 0.1018783775278369 0.1534754410566469 0.3138044765695748 0.2015113946389859 0.07297205203019902 -0.3873322360577627 -0.4910791426809015 -0.1531171004773953
 -0.1417697339261369 -0.1001984165208095 0.03481576015821602 0.02939528652791798 -0.0274807155085064 -0.2061421491145171 0.006937511179482756 0.09624234486152626 -0.1691607677318628 0.1273837557829181
 -0.09772924289323477 -0.02649674815982293 0.2443919077385469 -0.03199363885346685 -0.01069926156284654 0.07093933646133871 -0.139178760391588 -0.2325026736584496 -0.181663989531834 0.1194042146299445
 0.002160918280189144 -0.1868394127766775 -0.2250750770662285 0.154977197388928 -0.3170462954279988 -0.2515735640533727 0.09680030151697724 -0.3139399808045969 -0.2178747681710852 0.09480409847522396
 0.1003548331551751 -0.03984273234003109 -0.09460363499293525 -0.09362097332003662 -0.05460785533629016 0.008193501891963956 0.3008779801780513 -0.2822328770868303 -0.2463500167508694 0.4376199726193822
 0.1639522778429582 -0.07706123463983652 -0.272391363048308 0.1095780155565541 -0.09758290156705765 0.1361914154491604 0.4450987257803509 0.2595256410753737 0.1836277886843383 -0.8416632020733662


# name: iter
# type: scalar
100000


# name: c
# type: matrix
# rows: 1
# columns: 10
 NaN NaN NaN NaN NaN NaN NaN NaN NaN NaN


# name: mean_corr
# type: matrix
# rows: 202
# columns: 1
 -0.0144391487991742
 -0.01397580285137791
 0.002312842521337017
 0.08267605857605884
 0.0493194273155027
 0.07342659903179485
 0.08101797954272126
 0.08957224737808203
 0.1295635241606822
 0.1485663140305766
 0.1723542249857416
 0.2215551203835712
 0.2306141624852089
 0.2339349604378112
 0.2569202214065206
 0.2995432430332844
 0.3112311436385617
 0.3140779661947331
 0.3333603854953684
 0.3467393332386658
 0.347572990158676
 0.347621967931666
 0.4759529129378137
 0.4687600672841262
 0.4670964045624449
 0.4677279840301847
 0.4691560336944652
 0.450942778335892
 0.4525647997266004
 0.4392532854490938
 0.4029508252774349
 0.4042717500941418
 0.4051837056374984
 0.3925509856210915
 0.3868840227078458
 0.3854715430128389
 0.3861767503987887
 0.3805551803694663
 0.3733953841387451
 0.3538797484966361
 0.3513866648686911
 0.352091142517337
 0.4991867246832559
 0.4957482801961925
 0.4871878243355358
 0.4804385868183855
 0.481106481772153
 0.4591976117249662
 0.459743086123497
 0.4471152288109017
 0.438668285073448
 0.4264063255229953
 0.4224219764535757
 0.4249809659986968
 0.4261283494438012
 0.3910101756861165
 0.3957961624229594
 0.3961250591489654
 0.3993693003821354
 0.4010841510230304
 0.4099618770787375
 0.4102460600200932
 0.4061872623962765
 0.405138732513448
 0.3977625699664
 0.4052726829868821
 0.4014376489283455
 0.4000834326251977
 0.3798808917870384
 0.3924956689651312
 0.3945769846876693
 0.4017552031291768
 0.4000054126183124
 0.4049541003899886
 0.4065877949769319
 0.4133711742306884
 0.4102519183153494
 0.4094425726930828
 0.4100960370575796
 0.4155960568351679
 0.4137352592673559
 0.4087349097762153
 0.412567950785191
 0.415089836590753
 0.4221832189900169
 0.4293170964480009
 0.414820267623015
 0.4111473694239354
 0.5092144372787654
 0.5046194695495723
 0.4996445167744841
 0.4767770379175092
 0.4797141056748154
 0.477684285779722
 0.4760663093975479
 0.4792261959984088
 0.4793031013117181
 0.4726001798133292
 0.4608405784652326
 0.4497032555984825
 0.4513485379531444
 0.444672398082976
 0.4397179801811664
 0.4402820948739752
 NaN
 NaN
 NaN
 NaN
 NaN
 NaN
 NaN
 NaN
 NaN
 NaN
 NaN
 NaN
 NaN
 NaN
 NaN
 NaN
 NaN
 NaN
 NaN
 NaN
 NaN
 NaN
 NaN
 NaN
 NaN
 NaN
 NaN
 NaN
 NaN
 NaN
 NaN
 NaN
 NaN
 NaN
 NaN
 NaN
 NaN
 NaN
 NaN
 NaN
 NaN
 NaN
 NaN
 NaN
 NaN
 NaN
 NaN
 NaN
 NaN
 NaN
 NaN
 NaN
 NaN
 NaN
 NaN
 NaN
 NaN
 NaN
 NaN
 NaN
 NaN
 NaN
 NaN
 NaN
 NaN
 NaN
 NaN
 NaN
 NaN
 NaN
 NaN
 NaN
 NaN
 NaN
 NaN
 NaN
 NaN
 NaN
 NaN
 NaN
 NaN
 NaN
 NaN
 NaN
 NaN
 NaN
 NaN
 NaN
 NaN
 NaN
 NaN
 NaN
 NaN
 NaN
 NaN
 NaN
 NaN
 NaN


