# Created by Octave 3.8.1, Tue Nov 28 20:08:44 2017 ART <gabrevaya@ws6.labo2>
# name: y_start
# type: matrix
# rows: 15
# columns: 1
 1.915139909509054
 0.0553304740724267
 -0.5438769201915933
 2.197979843191968
 -0.6998887184856407
 0.2800582559581559
 -0.052804294355833
 -0.2492869535633107
 0.4233047261144953
 0.5221323064516089
 -1.831722509434886
 -1.457232911005191
 -1.740935797517018
 -1.770005278225298
 0.04750214347471144


# name: alphas
# type: cell
# rows: 1
# columns: 3
# name: <cell-element>
# type: matrix
# rows: 15
# columns: 1
 0.3267026263335194
 0.7508312505761148
 0.5598972050742278
 0.6144478839523696
 0.5755420428714662
 0.4588056146615817
 0.4944318327533333
 0.612699097255306
 0.5642249898809629
 0.4418739958461281
 0.5361800272121848
 0.4888977774121999
 0.6226882173389179
 0.5488851416310379
 0.5793096797775197



# name: <cell-element>
# type: matrix
# rows: 15
# columns: 1
 1.267902469919435
 0.8521145310544619
 0.9457125208006608
 0.7687042155163036
 0.8345217812676968
 1.143125882396521
 0.9906120807122905
 0.9906868297519049
 0.9934012712393383
 1.113565973211246
 0.899458363406598
 0.9586779741501714
 0.8618100884091004
 0.7822434765610784
 0.9146910514701277



# name: <cell-element>
# type: matrix
# rows: 15
# columns: 1
 11.54292306350535
 11.19409370671849
 11.37436416353045
 11.31757158782295
 11.34139003581673
 11.45453461173007
 11.37958411557132
 11.3787207678168
 11.37986465764534
 11.51597837157515
 11.36758310979466
 11.37890435733087
 11.54240740582928
 11.36235042092835
 11.37066271436479





# name: W
# type: matrix
# rows: 15
# columns: 15
 -0.09751059590832797 -0.003891829896446044 0.05397642857347611 -0.007706463503394047 -0.09277832875504509 0.05066681370472972 -0.005941915307198732 -0.1048319169787972 -0.01042371512833587 -0.09874862737494344 -0.1139195467765487 0.03041592303064604 -0.09198044843222306 -0.03943950971749254 0.1434991577227261
 0.1174611265383022 -0.1415408799694635 -0.06649943873256239 0.01769610377929739 0.09938509034689545 -0.1125643467018737 -0.1029924041646312 0.05450551433876578 -0.01609178788997627 0.1543065184958098 0.2056478867731578 -0.1653475623707605 0.09132654166648395 0.06419066316398127 -0.287387163994001
 0.04579545178531634 -0.0651981095640658 -0.02156768418127593 0.03886641161920698 -0.03542434267026085 -0.07225966227890063 -0.05254852343795167 -0.02898430675806889 0.02637465460364834 0.09511602643513689 -0.03299451095839144 -0.08130747284522565 -0.02421062306059488 -0.07200090806139589 -0.02548954065164741
 -0.06368541061445965 0.03395874674670452 -0.02635823967520675 -0.106045018524617 0.08072200185870958 -0.01906768473536944 0.006808966919472942 0.08472420606791126 -0.0119977005867418 0.0007832285221175556 0.1286268733116208 0.005341145339572209 0.1227473256560218 0.08051650933149644 -0.1014135014803149
 -0.01715909877128399 0.07831181091687281 -0.05010989330265579 0.2104517465987684 0.001545140023700171 0.01944681029950209 0.05417370015021766 0.04005880348711473 0.001697723301448132 -0.0161413722567315 0.02208298552833061 0.01160947548832834 -0.07536206493338869 0.01611392605102977 -0.01750065024805713
 -0.01694204786741794 -0.08963063328907495 -0.01530660157788211 -0.03149862659478789 0.01897763442457982 -0.08929045072113705 -0.1123489584248922 -0.02391070113951474 -0.02154255446833864 0.06134855739096546 0.06885548379832979 -0.1043386903401873 0.001005925510909655 0.04089663166591118 -0.09953137819997253
 -0.007663816379583606 -0.1442025440810483 -0.01955207226896169 -0.05133746159163226 0.0378399238817145 -0.1267160173095847 -0.1817029292273336 -0.0269513142861625 -0.02378568387463011 0.1109258987275781 0.1382909469392122 -0.1929458723863254 0.0436299363828772 0.04688672001799822 -0.2166552133894097
 0.08596635807765401 0.05863776126415679 -0.03109454506347618 0.005322859049687208 0.05623819988372689 0.06275978295288613 0.07838299722000951 0.07361700725125139 0.006611812558617649 -0.02763512037644619 0.05720126087572038 0.03732707135185375 0.08544152095463124 0.009370410670766724 -0.06547986188726589
 -0.01201714645300949 -0.03781198263402483 0.01099948563507294 -0.08221194865632837 0.008709286209956556 -0.02226929360340996 -0.0238623050661223 -0.006134296263565324 -0.0161770991336747 0.01598166040887749 0.0297062947206957 -0.01690159746677318 0.04099689900528177 0.01187383775029933 -0.02682025459256747
 -0.1024427475157797 0.07472083917207566 0.06738962455365417 -0.1132957175763318 -0.0527290855695599 0.09681219284432858 0.1267525512627679 -0.01098507268371107 0.01337871103855864 -0.1397331352372167 -0.09609156256701488 0.1883816268396105 0.0458770837261476 -0.02114137062884874 0.2240204605771538
 0.08832520393968021 0.1431742345318489 -0.007132774426486816 0.261939686505154 -0.02893824207195917 0.05561433314487266 0.1385620260848971 0.04028820544262771 0.03870735398729856 -0.008000505721518539 -0.1685933585342282 0.1146467153852317 -0.1425633263042344 -0.06882723700247952 0.1848371250398364
 -0.07294894250897072 -0.1094484314452889 -0.03728541488362359 0.08178065545493671 0.02099398341549913 -0.06294284379294034 -0.1705379247815679 -0.06098814647540007 -0.03792589598736857 0.03064552625675246 0.08331817813327143 -0.2018207854410154 -0.08800266520055863 0.04528420234105785 -0.1788205671324254
 0.06866197297173247 0.044966892796142 0.0002101903836906353 0.1385904104260148 -0.02893830457755545 0.03975441906236329 0.08226039602640688 0.003606317926179868 0.02520099528039331 0.0008287860154365134 -0.09838957007668597 0.05353490043973005 -0.09283763467571395 -0.06712205651271204 0.1085878825378576
 0.05045859847215132 0.07621070740176132 -0.04612189065081323 0.3691954175539423 0.002804455169353316 -0.02790088081473511 0.03217851176569651 0.014559253655572 0.02329224696544021 0.06853490713490569 -0.03070155401371069 -0.0396056860291466 -0.1621744852927333 -0.03448426425311435 -0.0009975989498875034
 -0.1180877649731867 -0.1160442524513166 -0.02790294229266642 -0.06204538479076176 0.04418969621001851 -0.08055831918652431 -0.1503689654548316 -0.0253955155039558 -0.02346615259113174 0.04565295452448814 0.1230854653344032 -0.1738034200727036 0.05384828652962047 0.04905896282903497 -0.2351623058996913


# name: iter
# type: scalar
334


# name: c
# type: matrix
# rows: 1
# columns: 15
 0.5301951920104718 0.4572891135608003 0.4560978769957639 0.3744421299854349 0.5170808309566224 0.3730888425234338 0.1448972707901793 0.6574179378170441 0.3054702163374909 0.2855894554257306 0.2455089526434787 0.03880576996782353 0.383440390010226 0.5553110254358803 0.1643965811722603


# name: mean_corr
# type: matrix
# rows: 13
# columns: 1
 -0.0640605767219968
 -0.05714424979001096
 -0.04935141334073526
 -0.03627352819262789
 -0.03401646468534368
 -0.02457289469930806
 -0.0224919042526964
 0.005866388225498209
 0.02430218320645029
 0.04018674506648955
 0.04598802608823519
 0.06698644078893758
 0.3659354390421761


# name: mean_error
# type: matrix
# rows: 13
# columns: 1
 1.452183231406406
 1.445377561542618
 1.443885133907808
 1.434837086622175
 1.433221417638025
 1.431671286921378
 1.431838403190316
 1.408291389776921
 1.396925919731689
 1.388130765272835
 1.385539473945496
 1.371116987953245
 1.30436109605436


# name: iter_improve
# type: matrix
# rows: 13
# columns: 1
 1
 29
 43
 45
 59
 65
 85
 95
 120
 150
 199
 333
 334


# name: optim_start
# type: scalar
334


# name: optim_steps
# type: scalar
13


# name: VPVP_params
# type: scalar struct
# ndims: 2
 1 1
# length: 8
# name: lambda
# type: scalar
300000000


# name: downsample
# type: scalar
10


# name: MaxIter_X
# type: scalar
200


# name: MaxIter
# type: scalar
50


# name: optTol_X
# type: scalar
1e-06


# name: progTol_X
# type: scalar
1e-10


# name: optTol_aW
# type: scalar
0.0001


# name: progTol_aW
# type: scalar
1e-07




