# Created by Octave 3.8.1, Sat Jan 06 20:49:28 2018 ART <gabrevaya@ws16.labo2>
# name: y_start
# type: matrix
# rows: 10
# columns: 1
 -0.2082137006203029
 0.2610932003938386
 2.001996083805138
 -0.4467741957188846
 -0.1826951509886309
 0.8928060355012176
 -1.884848426230211
 0.6265047421637955
 0.02487173107499702
 0.6126968025503035


# name: alphas
# type: cell
# rows: 1
# columns: 3
# name: <cell-element>
# type: matrix
# rows: 10
# columns: 1
 0.3611326545591737
 0.5169213576892436
 0.5242692805983
 0.4245624825334954
 0.4902866098016169
 0.5653428818900392
 0.4659122051196953
 0.6216509438793856
 0.4481940158201641
 1.022384629115493



# name: <cell-element>
# type: matrix
# rows: 10
# columns: 1
 0.5490038250687926
 1.000398298693237
 0.7298192272476174
 0.7474213792348547
 0.9131119280871812
 0.5944917390273966
 0.8265676120921244
 0.51747051124929
 1.238304307423729
 0.8972359505767538



# name: <cell-element>
# type: matrix
# rows: 10
# columns: 1
 11.4606540517642
 10.86416754650233
 11.09674978060733
 11.30104526341746
 11.12690744445083
 11.15468514325831
 11.19480788356579
 11.40116820376259
 10.92765816106164
 11.25708605039531





# name: W
# type: matrix
# rows: 10
# columns: 10
 0.03110702693151025 -0.02925915039261966 0.0337844440319967 -0.01292592920167592 0.0589346348540707 0.1255440255763833 0.01177025521679579 -0.4116175440724059 -0.2560292976920155 0.07821901304389497
 0.06599496057886897 0.03066681070226696 -0.06668027998260241 -0.02731377517950067 -0.03965602844337027 0.0682427627687054 0.06766822870596421 -0.08387193964748628 0.1437642604197646 -0.03419472857533593
 0.01275157714286868 -0.05018734895900411 -0.1074393161751353 0.1257128483438848 0.0940073766371496 -0.1023336651440796 0.1332577848080808 0.3611371969584972 0.04445170233360547 -0.1959451456950698
 -0.1878178591238977 -0.05731748620853266 0.2783724516190788 0.1216536570165409 0.1461498485172664 -0.03694895860775492 -0.137518662489053 0.02346784228774841 -0.018926106181245 -0.01887264757008051
 0.05043821288632878 -0.09054431673217905 0.03877919182006702 0.1150099880930265 0.2073941585207971 0.1007338804031388 0.09966375301125437 -0.1723409089612101 -0.1428172639516207 -0.07427088561733622
 -0.06645213163606577 -0.02559606681705198 0.0485352696180533 0.0208215353998537 0.01193795465988877 -0.07430452453841924 -0.05410701825120712 0.04869720528852262 -0.04560714663138124 0.03693033193217432
 -0.04998110655228456 0.01273415453423559 0.09287432062581048 -0.03314385248960077 -0.02424927175942668 0.01790251416302917 -0.09234749012404597 -0.1004695920679436 -0.04714889545526007 0.06494738285968721
 0.002704558758468141 -0.01335392661436663 -0.1137263166885273 -0.01727766335607564 -0.05418285676139092 -0.09461224161113577 0.03770766875468416 -0.08635013246402001 -0.07287227832143849 0.099632159615543
 0.02847995700484569 0.02829718489029306 -0.0347679468973347 -0.063623977193296 0.005428563911982455 0.008783273077500597 0.06722466440948312 -0.1205430282696573 -0.1980573411937248 0.2469261108099722
 0.08854088082623317 -0.05099358520649739 -0.07637838725726072 0.09326758730075224 0.04751810860343268 0.1028971110638155 0.1143231413205471 -0.04854206920746557 0.002371440436336362 -0.3454450230715029


# name: iter
# type: scalar
722


# name: c
# type: matrix
# rows: 1
# columns: 10
 0.540581056987986 0.4517454242248078 0.4780178051138043 0.5680717013529194 0.7128027866854225 0.4227433316734736 0.5468703464290182 0.5136781756297515 0.3456713808940667 0.1793471203868873


# name: mean_corr
# type: matrix
# rows: 23
# columns: 1
 -0.0144391487991742
 -0.01397580285137791
 0.002312842521337017
 0.08267605857605884
 0.0493194273155027
 0.07342659903179485
 0.08101797954272126
 0.08957224737808203
 0.1295635241606822
 0.1485663140305766
 0.1723542249857416
 0.2215551203835712
 0.2306141624852089
 0.2339349604378112
 0.2569202214065206
 0.2995432430332844
 0.3112311436385617
 0.3140779661947331
 0.3333603854953684
 0.3467393332386658
 0.347572990158676
 0.347621967931666
 0.4759529129378137


# name: mean_error
# type: matrix
# rows: 23
# columns: 1
 1.493638787169703
 1.493106251389066
 1.48463280217476
 1.411153824494344
 1.41154143315111
 1.39975306456688
 1.396776785935653
 1.39755283034697
 1.36989630743681
 1.360239475996894
 1.353098245244239
 1.329214635768676
 1.322767049472823
 1.323186797625013
 1.316231237930109
 1.30176497167294
 1.283952803598798
 1.276354627769811
 1.269426814149635
 1.265569064783838
 1.263601671044518
 1.26159141930574
 1.230771666984719


# name: iter_improve
# type: matrix
# rows: 23
# columns: 1
 1
 8
 20
 31
 62
 81
 112
 115
 124
 142
 153
 154
 209
 232
 251
 253
 263
 321
 397
 414
 420
 676
 722


# name: optim_start
# type: scalar
722


# name: optim_steps
# type: scalar
23


# name: VPVP_params
# type: scalar struct
# ndims: 2
 1 1
# length: 8
# name: lambda
# type: scalar
300000000


# name: downsample
# type: scalar
10


# name: MaxIter_X
# type: scalar
200


# name: MaxIter
# type: scalar
50


# name: optTol_X
# type: scalar
1e-06


# name: progTol_X
# type: scalar
1e-10


# name: optTol_aW
# type: scalar
0.0001


# name: progTol_aW
# type: scalar
1e-07




