# Created by Octave 3.8.1, Tue Nov 28 20:05:51 2017 ART <gabrevaya@ws6.labo2>
# name: y_start
# type: matrix
# rows: 15
# columns: 1
 1.915139903062697
 0.05533047666946668
 -0.5438769206089358
 2.197979857086758
 -0.6998887146998563
 0.2800582574681093
 -0.05280429459022914
 -0.2492869644444561
 0.4233047253491766
 0.5221323164234294
 -1.831722502693853
 -1.457232917894524
 -1.740935802688091
 -1.77000525133525
 0.0475021350850705


# name: alphas
# type: cell
# rows: 1
# columns: 3
# name: <cell-element>
# type: matrix
# rows: 15
# columns: 1
 0.3803144924177142
 0.8411599543335808
 0.578
 0.6265191529545672
 0.60355465448544
 0.5286386433307372
 0.578
 0.578
 0.578
 0.5355908511573758
 0.578
 0.578
 0.6684631029262009
 0.578
 0.578



# name: <cell-element>
# type: matrix
# rows: 15
# columns: 1
 1.089349226220408
 1.089755709217052
 1
 0.8429652560311713
 0.863422417617956
 1.054222364891444
 1
 1
 1
 1.133470374805808
 1
 1
 0.8762073597933281
 1
 1



# name: <cell-element>
# type: matrix
# rows: 15
# columns: 1
 11.52747821579937
 11.21527677661695
 11.38
 11.32378741706514
 11.34547373578597
 11.44528694341697
 11.38
 11.38
 11.38
 11.5160451795076
 11.38
 11.38
 11.54390598696934
 11.38
 11.38





# name: W
# type: matrix
# rows: 15
# columns: 15
 0 0 0 0 0 0 0 0 0 0 0 0 0 0 0
 0 0 0 0 0 0 0 0 0 0 0 0 0 0 0
 0 0 0 0 0 0 0 0 0 0 0 0 0 0 0
 0 0 0 0 0 0 0 0 0 0 0 0 0 0 0
 0 0 0 0 0 0 0 0 0 0 0 0 0 0 0
 0 0 0 0 0 0 0 0 0 0 0 0 0 0 0
 0 0 0 0 0 0 0 0 0 0 0 0 0 0 0
 0 0 0 0 0 0 0 0 0 0 0 0 0 0 0
 0 0 0 0 0 0 0 0 0 0 0 0 0 0 0
 0 0 0 0 0 0 0 0 0 0 0 0 0 0 0
 0 0 0 0 0 0 0 0 0 0 0 0 0 0 0
 0 0 0 0 0 0 0 0 0 0 0 0 0 0 0
 0 0 0 0 0 0 0 0 0 0 0 0 0 0 0
 0 0 0 0 0 0 0 0 0 0 0 0 0 0 0
 0 0 0 0 0 0 0 0 0 0 0 0 0 0 0


# name: iter
# type: scalar
334


# name: c
# type: matrix
# rows: 1
# columns: 15
 0.05604557720834446 -0.1129080973811069 -0.116881129917096 0.02482391361986467 0.1137629719136828 -0.1307698137679641 -0.04897939295701354 0.6245911260310925 0.1871433905681246 -0.1034715498914729 -0.0006443719051389794 0.0854131333491361 0.1855746492707886 0.223117735667988 0.1138458450362635


# name: mean_corr
# type: matrix
# rows: 12
# columns: 1
 -0.0640605767219968
 -0.05714424979001096
 -0.04935141334073526
 -0.03627352819262789
 -0.03401646468534368
 -0.02457289469930806
 -0.0224919042526964
 0.005866388225498209
 0.02430218320645029
 0.04018674506648955
 0.04598802608823519
 0.06698644078893758


# name: mean_error
# type: matrix
# rows: 12
# columns: 1
 1.452183231406406
 1.445377561542618
 1.443885133907808
 1.434837086622175
 1.433221417638025
 1.431671286921378
 1.431838403190316
 1.408291389776921
 1.396925919731689
 1.388130765272835
 1.385539473945496
 1.371116987953245


# name: iter_improve
# type: matrix
# rows: 12
# columns: 1
 1
 29
 43
 45
 59
 65
 85
 95
 120
 150
 199
 333


# name: optim_start
# type: scalar
334


# name: optim_steps
# type: matrix
# rows: 0
# columns: 0


# name: VPVP_params
# type: scalar struct
# ndims: 2
 1 1
# length: 8
# name: lambda
# type: scalar
300000000


# name: downsample
# type: scalar
10


# name: MaxIter_X
# type: scalar
200


# name: MaxIter
# type: scalar
50


# name: optTol_X
# type: scalar
1e-06


# name: progTol_X
# type: scalar
1e-10


# name: optTol_aW
# type: scalar
0.0001


# name: progTol_aW
# type: scalar
1e-07




