# Created by Octave 3.8.1, Sat Jan 06 20:47:46 2018 ART <gabrevaya@ws16.labo2>
# name: y_start
# type: matrix
# rows: 10
# columns: 1
 -0.2082136909559564
 0.2610932046133262
 2.001996090685295
 -0.4467741888740336
 -0.1826951567125384
 0.8928060419027343
 -1.884848423392712
 0.6265047532178835
 0.02487173187525377
 0.6126967977838457


# name: alphas
# type: cell
# rows: 1
# columns: 3
# name: <cell-element>
# type: matrix
# rows: 10
# columns: 1
 0.3383014884565629
 0.5013897547969197
 0.5085598709934946
 0.4074614034026128
 0.3847101176932194
 0.6139185616454437
 0.5032854507986522
 0.6290804218888333
 0.5899306910051013
 1.043669145122776



# name: <cell-element>
# type: matrix
# rows: 10
# columns: 1
 0.7385409728965276
 0.9704819038203132
 0.7701348029571935
 0.9683038942430839
 1.040136191576827
 0.6731834653950673
 0.8507590661973516
 0.5274793157734349
 1.342022873719754
 0.9686612767438177



# name: <cell-element>
# type: matrix
# rows: 10
# columns: 1
 11.47155622255814
 10.85962611296797
 11.09645816962685
 11.32400009297813
 11.13732008083942
 11.1592053155202
 11.20113199554496
 11.39938654216346
 10.94206594455692
 11.26570183731439





# name: W
# type: matrix
# rows: 10
# columns: 10
 0 0 0 0 0 0 0 0 0 0
 0 0 0 0 0 0 0 0 0 0
 0 0 0 0 0 0 0 0 0 0
 0 0 0 0 0 0 0 0 0 0
 0 0 0 0 0 0 0 0 0 0
 0 0 0 0 0 0 0 0 0 0
 0 0 0 0 0 0 0 0 0 0
 0 0 0 0 0 0 0 0 0 0
 0 0 0 0 0 0 0 0 0 0
 0 0 0 0 0 0 0 0 0 0


# name: iter
# type: scalar
722


# name: c
# type: matrix
# rows: 1
# columns: 10
 0.1510940185309419 0.3113132761406145 0.294094804589235 0.320684128254788 0.574076722599419 0.3544814443841138 0.502882570260055 0.4927966252569532 0.2143145381886018 0.1436440846447068


# name: mean_corr
# type: matrix
# rows: 22
# columns: 1
 -0.0144391487991742
 -0.01397580285137791
 0.002312842521337017
 0.08267605857605884
 0.0493194273155027
 0.07342659903179485
 0.08101797954272126
 0.08957224737808203
 0.1295635241606822
 0.1485663140305766
 0.1723542249857416
 0.2215551203835712
 0.2306141624852089
 0.2339349604378112
 0.2569202214065206
 0.2995432430332844
 0.3112311436385617
 0.3140779661947331
 0.3333603854953684
 0.3467393332386658
 0.347572990158676
 0.347621967931666


# name: mean_error
# type: matrix
# rows: 22
# columns: 1
 1.493638787169703
 1.493106251389066
 1.48463280217476
 1.411153824494344
 1.41154143315111
 1.39975306456688
 1.396776785935653
 1.39755283034697
 1.36989630743681
 1.360239475996894
 1.353098245244239
 1.329214635768676
 1.322767049472823
 1.323186797625013
 1.316231237930109
 1.30176497167294
 1.283952803598798
 1.276354627769811
 1.269426814149635
 1.265569064783838
 1.263601671044518
 1.26159141930574


# name: iter_improve
# type: matrix
# rows: 22
# columns: 1
 1
 8
 20
 31
 62
 81
 112
 115
 124
 142
 153
 154
 209
 232
 251
 253
 263
 321
 397
 414
 420
 676


# name: optim_start
# type: scalar
722


# name: optim_steps
# type: matrix
# rows: 0
# columns: 0


# name: VPVP_params
# type: scalar struct
# ndims: 2
 1 1
# length: 8
# name: lambda
# type: scalar
300000000


# name: downsample
# type: scalar
10


# name: MaxIter_X
# type: scalar
200


# name: MaxIter
# type: scalar
50


# name: optTol_X
# type: scalar
1e-06


# name: progTol_X
# type: scalar
1e-10


# name: optTol_aW
# type: scalar
0.0001


# name: progTol_aW
# type: scalar
1e-07




