# Created by Octave 3.8.1, Sun Jan 07 19:03:45 2018 ART <gabrevaya@ws16.labo2>
# name: y_start
# type: matrix
# rows: 10
# columns: 1
 -0.07346115190755892
 0.1027425900021536
 2.226979103334349
 -0.2765213314360924
 -0.1075130111195754
 1.063708862577839
 -1.767164869981421
 0.4473445720495496
 -0.2911460970149705
 1.21623780267547


# name: alphas
# type: cell
# rows: 1
# columns: 3
# name: <cell-element>
# type: matrix
# rows: 10
# columns: 1
 -0.265412726984762
 0.6700419385278885
 0.8162908520335265
 0.0671818873019874
 0.1744114168088094
 0.9031055725634829
 0.7281560437673403
 0.8134342287872957
 0.7326460650556041
 1.01357922648598



# name: <cell-element>
# type: matrix
# rows: 10
# columns: 1
 0.5997338995267315
 1.042493766103074
 0.576976820349984
 0.567922528145944
 0.8892665163081344
 0.6301400477400445
 0.7733372131345939
 0.4592740016333556
 1.262499458187377
 0.6337039156252794



# name: <cell-element>
# type: matrix
# rows: 10
# columns: 1
 11.45252446799175
 10.71821117673614
 11.3749251115931
 11.38643877404286
 11.06027778191402
 11.11243719797991
 11.22777740098542
 11.78544583912454
 10.79402617237165
 11.12930178290636





# name: W
# type: matrix
# rows: 10
# columns: 10
 0.02437579617545814 -0.160305306898386 -0.01584854381358424 -0.03508035845816798 0.2083632719874863 -0.002385399388309317 0.06475881081606016 -0.4272746562825155 -0.9129956675272809 0.3050999930973361
 0.08221223936020879 0.0433564694599991 -0.06710709116061177 0.03050497000415004 -0.04874548851032981 0.1184353458277559 0.205823413383151 -0.1966298291032074 0.2718357078226344 -0.0413797465092834
 -0.1146829553062896 0.02257744992871051 -0.1086375224594019 0.233766672084728 0.2652474506928309 -0.199622456061703 0.03793915549192307 0.5535204505720842 0.2500651462244722 -0.297832865372497
 -0.3649777864002788 -0.1241618630326903 0.4285988347808763 0.2560161988860957 0.1415119787366134 -0.07840771994179539 -0.1295496000740277 -0.08014266274775923 -0.04313009171840386 -0.1703424186350703
 0.1401884021460108 -0.2442213066182056 0.101878432143627 0.1534754941878037 0.3138045250874886 0.2015114463879753 0.0729721074777281 -0.3873321673656226 -0.4910790710035901 -0.1531171536188628
 -0.141769787394109 -0.1001984711849381 0.03481581670363888 0.02939534322930739 -0.02748065717058975 -0.2061420856358679 0.006937568527063175 0.09624239963948519 -0.1691607053173011 0.1273836945704314
 -0.09772918253401511 -0.02649680494461371 0.2443918431593146 -0.03199358038569714 -0.0106992037077927 0.07093939196735628 -0.1391786988397166 -0.2325027245157085 -0.1816639267575096 0.1194042687414531
 0.002160860670814166 -0.1868394649478328 -0.225075013042811 0.154977250476874 -0.3170462287582383 -0.2515736143618932 0.09680035627888182 -0.3139399142242165 -0.2178748194492417 0.09480403820017126
 0.1003547727204078 -0.03984278874080992 -0.09460357472365068 -0.09362091307902672 -0.05460779621782804 0.008193559203405001 0.3008780290679067 -0.2822328114187769 -0.2463499521152953 0.437619902480283
 0.1639523306726587 -0.07706117487530993 -0.2723912976634306 0.1095779548564027 -0.09758295630644402 0.1361914690776409 0.4450986554260612 0.2595255760606893 0.1836278409479037 -0.8416631203084893


# name: iter
# type: scalar
200000


# name: c
# type: matrix
# rows: 1
# columns: 10
 NaN NaN NaN NaN NaN NaN NaN NaN NaN NaN


# name: mean_corr
# type: matrix
# rows: 301
# columns: 1
 -0.0144391487991742
 -0.01397580285137791
 0.002312842521337017
 0.08267605857605884
 0.0493194273155027
 0.07342659903179485
 0.08101797954272126
 0.08957224737808203
 0.1295635241606822
 0.1485663140305766
 0.1723542249857416
 0.2215551203835712
 0.2306141624852089
 0.2339349604378112
 0.2569202214065206
 0.2995432430332844
 0.3112311436385617
 0.3140779661947331
 0.3333603854953684
 0.3467393332386658
 0.347572990158676
 0.347621967931666
 0.4759529129378137
 0.4687600672841262
 0.4670964045624449
 0.4677279840301847
 0.4691560336944652
 0.450942778335892
 0.4525647997266004
 0.4392532854490938
 0.4029508252774349
 0.4042717500941418
 0.4051837056374984
 0.3925509856210915
 0.3868840227078458
 0.3854715430128389
 0.3861767503987887
 0.3805551803694663
 0.3733953841387451
 0.3538797484966361
 0.3513866648686911
 0.352091142517337
 0.4991867246832559
 0.4957482801961925
 0.4871878243355358
 0.4804385868183855
 0.481106481772153
 0.4591976117249662
 0.459743086123497
 0.4471152288109017
 0.438668285073448
 0.4264063255229953
 0.4224219764535757
 0.4249809659986968
 0.4261283494438012
 0.3910101756861165
 0.3957961624229594
 0.3961250591489654
 0.3993693003821354
 0.4010841510230304
 0.4099618770787375
 0.4102460600200932
 0.4061872623962765
 0.405138732513448
 0.3977625699664
 0.4052726829868821
 0.4014376489283455
 0.4000834326251977
 0.3798808917870384
 0.3924956689651312
 0.3945769846876693
 0.4017552031291768
 0.4000054126183124
 0.4049541003899886
 0.4065877949769319
 0.4133711742306884
 0.4102519183153494
 0.4094425726930828
 0.4100960370575796
 0.4155960568351679
 0.4137352592673559
 0.4087349097762153
 0.412567950785191
 0.415089836590753
 0.4221832189900169
 0.4293170964480009
 0.414820267623015
 0.4111473694239354
 0.5092144372787654
 0.5046194695495723
 0.4996445167744841
 0.4767770379175092
 0.4797141056748154
 0.477684285779722
 0.4760663093975479
 0.4792261959984088
 0.4793031013117181
 0.4726001798133292
 0.4608405784652326
 0.4497032555984825
 0.4513485379531444
 0.444672398082976
 0.4397179801811664
 0.4402820948739752
 NaN
 NaN
 NaN
 NaN
 NaN
 NaN
 NaN
 NaN
 NaN
 NaN
 NaN
 NaN
 NaN
 NaN
 NaN
 NaN
 NaN
 NaN
 NaN
 NaN
 NaN
 NaN
 NaN
 NaN
 NaN
 NaN
 NaN
 NaN
 NaN
 NaN
 NaN
 NaN
 NaN
 NaN
 NaN
 NaN
 NaN
 NaN
 NaN
 NaN
 NaN
 NaN
 NaN
 NaN
 NaN
 NaN
 NaN
 NaN
 NaN
 NaN
 NaN
 NaN
 NaN
 NaN
 NaN
 NaN
 NaN
 NaN
 NaN
 NaN
 NaN
 NaN
 NaN
 NaN
 NaN
 NaN
 NaN
 NaN
 NaN
 NaN
 NaN
 NaN
 NaN
 NaN
 NaN
 NaN
 NaN
 NaN
 NaN
 NaN
 NaN
 NaN
 NaN
 NaN
 NaN
 NaN
 NaN
 NaN
 NaN
 NaN
 NaN
 NaN
 NaN
 NaN
 NaN
 NaN
 NaN
 NaN
 NaN
 NaN
 NaN
 NaN
 NaN
 NaN
 NaN
 NaN
 NaN
 NaN
 NaN
 NaN
 NaN
 NaN
 NaN
 NaN
 NaN
 NaN
 NaN
 NaN
 NaN
 NaN
 NaN
 NaN
 NaN
 NaN
 NaN
 NaN
 NaN
 NaN
 NaN
 NaN
 NaN
 NaN
 NaN
 NaN
 NaN
 NaN
 NaN
 NaN
 NaN
 NaN
 NaN
 NaN
 NaN
 NaN
 NaN
 NaN
 NaN
 NaN
 NaN
 NaN
 NaN
 NaN
 NaN
 NaN
 NaN
 NaN
 NaN
 NaN
 NaN
 NaN
 NaN
 NaN
 NaN
 NaN
 NaN
 NaN
 NaN
 NaN
 NaN
 NaN
 NaN
 NaN
 NaN
 NaN
 NaN
 NaN
 NaN
 NaN
 NaN
 NaN
 NaN
 NaN
 NaN
 NaN
 NaN
 NaN
 NaN
 NaN
 NaN
 NaN
 NaN
 NaN
 NaN
 NaN
 NaN
 NaN
 NaN


