# Created by Octave 3.8.1, Sun Jan 07 05:57:37 2018 ART <gabrevaya@ws16.labo2>
# name: y_start
# type: matrix
# rows: 10
# columns: 1
 -0.07378609290710342
 0.1023845163441453
 2.226580879708081
 -0.2768601823752906
 -0.1077504691690245
 1.06373807204305
 -1.767657802015399
 0.4473744422264764
 -0.2917546245933361
 1.21627492237832


# name: alphas
# type: cell
# rows: 1
# columns: 3
# name: <cell-element>
# type: matrix
# rows: 10
# columns: 1
 -0.2654133160107578
 0.6700425393146675
 0.8162914570711148
 0.06718247056628854
 0.1744120031897992
 0.903105017501151
 0.7281554836199984
 0.8134348337418542
 0.7326455050387671
 1.013579837257869



# name: <cell-element>
# type: matrix
# rows: 10
# columns: 1
 0.5997344982699663
 1.042494377715382
 0.5769774184317713
 0.5679231259645628
 0.889267123466803
 0.6301394847438104
 0.7733366543004691
 0.4592745962940418
 1.262498913571037
 0.6337033527326312



# name: <cell-element>
# type: matrix
# rows: 10
# columns: 1
 11.45252421955441
 10.71821090695556
 11.37492602352353
 11.3864385236847
 11.06027868469904
 11.11243693965773
 11.22777714601568
 11.78544560036376
 10.79402590479467
 11.1293026876976





# name: W
# type: matrix
# rows: 10
# columns: 10
 0.02437585501511687 -0.1603052534265908 -0.01584860240539342 -0.035080417608961 0.208363219912524 -0.002385457588804387 0.06475887082947468 -0.4272747268326636 -0.9129957521951927 0.3051000600964069
 0.08221218361859323 0.04335641258901804 -0.06710703497995632 0.03050502902195676 -0.04874543179598369 0.118435291138986 0.2058233612343661 -0.1966297766872057 0.2718356575925353 -0.04137980584317184
 -0.1146829005084542 0.02257750871609927 -0.1086375837481767 0.23376662074813 0.2652474002712404 -0.1996224037326837 0.03793921472580871 0.5535204085293153 0.2500652116239228 -0.2978328158980203
 -0.3649777388774083 -0.1241618085103648 0.4285987891071886 0.2560161481961935 0.1415119247185792 -0.07840778035192339 -0.1295496619706241 -0.08014272320831431 -0.04313015110316707 -0.1703423654550096
 0.1401884643518301 -0.2442212555854777 0.1018783769736207 0.1534754405174961 0.313804476077237 0.2015113941138607 0.07297205146754271 -0.3873322367548193 -0.4910791434082503 -0.1531170999381398
 -0.1417697333835682 -0.1001984159661028 0.03481575958441879 0.02939528595253806 -0.02748071610049306 -0.2061421497586696 0.006937510597545585 0.09624234430566445 -0.1691607683652174 0.1273837564040745
 -0.09772924350573269 -0.02649674758359669 0.2443919083938676 -0.03199363944677119 -0.01069926214993332 0.07093933589808887 -0.1391787610161884 -0.2325026731423733 -0.1816639901688393 0.1194042140808455
 0.002160918864782887 -0.1868394122472684 -0.2250750777159091 0.1549771968502157 -0.3170462961045333 -0.2515735635428647 0.09680030096127834 -0.3139399814802243 -0.2178747676507378 0.09480409908686779
 0.1003548337684396 -0.03984273176770163 -0.09460363560452055 -0.09362097393133499 -0.05460785593619744 0.008193501310393512 0.3008779796819392 -0.2822328777531998 -0.2463500174067618 0.4376199733311219
 0.1639522773068664 -0.07706123524629976 -0.2723913637118039 0.1095780161725116 -0.09758290101158724 0.1361914149049629 0.4450987264942742 0.2595256417351132 0.1836277881539914 -0.8416632029030789


# name: iter
# type: scalar
100000


# name: c
# type: matrix
# rows: 1
# columns: 10
 0.6591597226017573 0.4901644598006699 0.5328577901522852 0.577171489735165 0.7613203268652126 0.4233465975060122 0.5589743715969204 0.5882833395084492 0.3512753207141925 0.3895918498308517


# name: mean_corr
# type: matrix
# rows: 201
# columns: 1
 -0.0144391487991742
 -0.01397580285137791
 0.002312842521337017
 0.08267605857605884
 0.0493194273155027
 0.07342659903179485
 0.08101797954272126
 0.08957224737808203
 0.1295635241606822
 0.1485663140305766
 0.1723542249857416
 0.2215551203835712
 0.2306141624852089
 0.2339349604378112
 0.2569202214065206
 0.2995432430332844
 0.3112311436385617
 0.3140779661947331
 0.3333603854953684
 0.3467393332386658
 0.347572990158676
 0.347621967931666
 0.4759529129378137
 0.4687600672841262
 0.4670964045624449
 0.4677279840301847
 0.4691560336944652
 0.450942778335892
 0.4525647997266004
 0.4392532854490938
 0.4029508252774349
 0.4042717500941418
 0.4051837056374984
 0.3925509856210915
 0.3868840227078458
 0.3854715430128389
 0.3861767503987887
 0.3805551803694663
 0.3733953841387451
 0.3538797484966361
 0.3513866648686911
 0.352091142517337
 0.4991867246832559
 0.4957482801961925
 0.4871878243355358
 0.4804385868183855
 0.481106481772153
 0.4591976117249662
 0.459743086123497
 0.4471152288109017
 0.438668285073448
 0.4264063255229953
 0.4224219764535757
 0.4249809659986968
 0.4261283494438012
 0.3910101756861165
 0.3957961624229594
 0.3961250591489654
 0.3993693003821354
 0.4010841510230304
 0.4099618770787375
 0.4102460600200932
 0.4061872623962765
 0.405138732513448
 0.3977625699664
 0.4052726829868821
 0.4014376489283455
 0.4000834326251977
 0.3798808917870384
 0.3924956689651312
 0.3945769846876693
 0.4017552031291768
 0.4000054126183124
 0.4049541003899886
 0.4065877949769319
 0.4133711742306884
 0.4102519183153494
 0.4094425726930828
 0.4100960370575796
 0.4155960568351679
 0.4137352592673559
 0.4087349097762153
 0.412567950785191
 0.415089836590753
 0.4221832189900169
 0.4293170964480009
 0.414820267623015
 0.4111473694239354
 0.5092144372787654
 0.5046194695495723
 0.4996445167744841
 0.4767770379175092
 0.4797141056748154
 0.477684285779722
 0.4760663093975479
 0.4792261959984088
 0.4793031013117181
 0.4726001798133292
 0.4608405784652326
 0.4497032555984825
 0.4513485379531444
 0.444672398082976
 0.4397179801811664
 0.4402820948739752
 NaN
 NaN
 NaN
 NaN
 NaN
 NaN
 NaN
 NaN
 NaN
 NaN
 NaN
 NaN
 NaN
 NaN
 NaN
 NaN
 NaN
 NaN
 NaN
 NaN
 NaN
 NaN
 NaN
 NaN
 NaN
 NaN
 NaN
 NaN
 NaN
 NaN
 NaN
 NaN
 NaN
 NaN
 NaN
 NaN
 NaN
 NaN
 NaN
 NaN
 NaN
 NaN
 NaN
 NaN
 NaN
 NaN
 NaN
 NaN
 NaN
 NaN
 NaN
 NaN
 NaN
 NaN
 NaN
 NaN
 NaN
 NaN
 NaN
 NaN
 NaN
 NaN
 NaN
 NaN
 NaN
 NaN
 NaN
 NaN
 NaN
 NaN
 NaN
 NaN
 NaN
 NaN
 NaN
 NaN
 NaN
 NaN
 NaN
 NaN
 NaN
 NaN
 NaN
 NaN
 NaN
 NaN
 NaN
 NaN
 NaN
 NaN
 NaN
 NaN
 NaN
 NaN
 NaN
 NaN
 NaN


