# Created by Octave 3.8.1, Sat Jan 06 20:38:02 2018 ART <gabrevaya@ws9.labo2>
# name: y_start
# type: matrix
# rows: 10
# columns: 1
 -1.120008081233192
 0.4867041096433657
 -0.7026818942299542
 -0.690149031975862
 0.08165344894909525
 0.06943253118135659
 -1.29191123203663
 0.3218492252765002
 1.309545356416352
 -0.7059759469372116


# name: alphas
# type: cell
# rows: 1
# columns: 3
# name: <cell-element>
# type: matrix
# rows: 10
# columns: 1
 0.4295509602052193
 0.5357346118320903
 0.4437133995397414
 0.5479099683822068
 0.5493145646311174
 0.548353074566485
 0.4779891985676599
 0.4570188879403343
 0.5328152336450778
 0.5682131635172287



# name: <cell-element>
# type: matrix
# rows: 10
# columns: 1
 0.8997067447864477
 0.9183218468997166
 1.404137989907187
 1.67994000122552
 0.3248348284305011
 0.9425255968187648
 0.8307635711499075
 1.893640999020142
 1.178830560578717
 0.911978849338009



# name: <cell-element>
# type: matrix
# rows: 10
# columns: 1
 11.36887904465014
 11.37499959769658
 11.41997687429105
 11.51747712560595
 11.22341414275349
 11.37448251435889
 11.35772509446832
 11.47600054178912
 11.39825706208434
 11.30396719465598





# name: W
# type: matrix
# rows: 10
# columns: 10
 -0.27931525764122 -0.02871045934629003 0.160300252513695 -0.433497730399866 -0.3695428022433552 0.05163993312156259 -0.07301377014386955 -0.317693765957817 -0.2356945786608884 0.3888410630603472
 0.09801682091005372 -0.02187488846183819 -0.06089802421900592 0.1246731194090553 0.1308881007871822 0.0341915512720704 0.1523649368427038 -0.09422741612430531 0.2827611830864402 -0.01616589954907218
 0.1449553467481791 -0.04838623914440546 -0.3322982848778636 0.1376326897027871 -0.01247851100903403 0.1296280741708844 0.1343690793931556 0.2883470442470117 0.3145099510155305 0.0460266450771005
 -0.04485121867009621 -0.05616801873190172 0.2855877834791194 -0.1880917147357122 -0.09776020919942123 0.216973568405171 -0.1022170235862622 0.1441107350332406 0.02892756086208971 0.3136249196264095
 0.3437432254013902 -0.4237636045548157 -0.8709943681479373 0.2945629952934148 -0.5952265369111701 -0.3850155287126347 0.2793502171157241 0.6855781619394363 0.2571636931491701 -0.6565135909928206
 0.1373171549412088 -0.02150393830328008 -0.0370378522017827 0.08388625215834447 -0.05617101496445656 -0.05032406732020883 0.1738399866283078 -0.1125876561184983 0.1378741806981293 -0.06887893101280483
 -0.05816090831331297 0.0470564170818635 0.08789485424799622 -0.1469459583671627 -0.2249414662097972 0.07089496497390479 -0.2249633564295154 -0.1475373624763152 -0.08116988911209486 0.1637574148914152
 -0.112110857067122 -0.01325839612945871 0.2485138446803027 0.1534480060655412 -0.2620916250704907 0.0685588082488722 -0.1433648151045358 -0.3489434526588044 0.02251824643581616 0.3340785464945744
 0.005025314285428083 0.131389868275404 0.2451552329942058 0.03698561127561714 0.0589267255486029 0.1771334215812725 -0.0477790523060593 -0.1656334776612836 -0.1506934579564806 0.2004280090121173
 0.02215482343112114 0.1310464028272612 0.03340437747915907 0.04875967569475714 0.1689390120268929 0.09497754024196327 0.2707570665436166 0.1596461423683038 0.1722674379518692 -0.6831087973251079


# name: iter
# type: scalar
40


# name: c
# type: matrix
# rows: 1
# columns: 10
 0.5134314132721901 0.4145167560548209 0.4383199466363294 0.4115956316982991 0.2028410887112379 0.2911452383847817 0.5386547354428175 0.4552451716018119 0.3648300697550714 0.1707957696844488


# name: mean_corr
# type: matrix
# rows: 3
# columns: 1
 -0.1023984554079197
 -0.05136623959216659
 0.3801375821241809


# name: mean_error
# type: matrix
# rows: 3
# columns: 1
 1.490041040937435
 1.482443828060982
 1.228720902789904


# name: iter_improve
# type: matrix
# rows: 3
# columns: 1
 1
 21
 40


# name: optim_start
# type: scalar
40


# name: optim_steps
# type: scalar
3


# name: VPVP_params
# type: scalar struct
# ndims: 2
 1 1
# length: 8
# name: lambda
# type: scalar
300000000


# name: downsample
# type: scalar
10


# name: MaxIter_X
# type: scalar
200


# name: MaxIter
# type: scalar
50


# name: optTol_X
# type: scalar
1e-06


# name: progTol_X
# type: scalar
1e-10


# name: optTol_aW
# type: scalar
0.0001


# name: progTol_aW
# type: scalar
1e-07




