# Created by Octave 3.8.1, Tue Nov 28 19:55:15 2017 ART <gabrevaya@ws16.labo1>
# name: y_start
# type: matrix
# rows: 15
# columns: 1
 -0.6848997719214602
 0.2983141184386489
 -0.006604303692459491
 -0.03641329489859441
 -1.411898408871535
 -3.94597525073494
 0.1744205730355047
 -0.6084173917828553
 0.3094716317838742
 -0.2349698393863159
 0.3956402726219161
 1.648137352316699
 1.327684479220941
 -1.997306905746447
 0.8316413431527091


# name: alphas
# type: cell
# rows: 1
# columns: 3
# name: <cell-element>
# type: matrix
# rows: 15
# columns: 1
 1.016944241921581
 0.6573940941230931
 0.578
 0.4249429153188279
 0.578
 0.578
 0.5455542932161654
 0.578
 0.578
 0.8219714993548697
 0.547594321146033
 0.578
 0.5921202297012887
 0.578
 0.578



# name: <cell-element>
# type: matrix
# rows: 15
# columns: 1
 1.345776031104227
 1.125800190645642
 1
 1.104744370693123
 1
 1
 1.023560045773534
 1
 1
 0.8327778714870955
 0.6672301751757207
 1
 1.12762578180084
 1
 1



# name: <cell-element>
# type: matrix
# rows: 15
# columns: 1
 11.35724500436636
 11.2982888090908
 11.38
 11.39309958563388
 11.38
 11.38
 11.35227919439994
 11.38
 11.38
 11.25896303876873
 11.28107619139976
 11.38
 11.39444329747345
 11.38
 11.38





# name: W
# type: matrix
# rows: 15
# columns: 15
 0 0 0 0 0 0 0 0 0 0 0 0 0 0 0
 0 0 0 0 0 0 0 0 0 0 0 0 0 0 0
 0 0 0 0 0 0 0 0 0 0 0 0 0 0 0
 0 0 0 0 0 0 0 0 0 0 0 0 0 0 0
 0 0 0 0 0 0 0 0 0 0 0 0 0 0 0
 0 0 0 0 0 0 0 0 0 0 0 0 0 0 0
 0 0 0 0 0 0 0 0 0 0 0 0 0 0 0
 0 0 0 0 0 0 0 0 0 0 0 0 0 0 0
 0 0 0 0 0 0 0 0 0 0 0 0 0 0 0
 0 0 0 0 0 0 0 0 0 0 0 0 0 0 0
 0 0 0 0 0 0 0 0 0 0 0 0 0 0 0
 0 0 0 0 0 0 0 0 0 0 0 0 0 0 0
 0 0 0 0 0 0 0 0 0 0 0 0 0 0 0
 0 0 0 0 0 0 0 0 0 0 0 0 0 0 0
 0 0 0 0 0 0 0 0 0 0 0 0 0 0 0


# name: iter
# type: scalar
543


# name: c
# type: matrix
# rows: 1
# columns: 15
 0.06924400569483531 -0.06059803583920523 0.1481666785708548 0.1794233958495412 0.3135126022516394 0.09393878421679873 -0.02222245246341419 0.5741031341902179 0.2031971882359597 0.3942949243434961 -0.01765031029903923 0.09714977801745572 0.08807721475905021 0.09090188014996989 0.05457309462308471


# name: mean_corr
# type: matrix
# rows: 16
# columns: 1
 -0.002725602150979739
 -0.0004128632954267742
 0.003057517433355158
 0.005603180539107544
 0.03526007533215347
 0.03818628986350102
 0.05285494106283529
 0.05937522561370531
 0.0613946710122824
 0.08297615621100679
 0.1236097444490441
 0.126851022620191
 0.1294709194605455
 0.1480908383110771
 0.1528078717937467
 0.1558737342004407


# name: mean_error
# type: matrix
# rows: 16
# columns: 1
 1.440501510664795
 1.438325996896393
 1.438051645081497
 1.43567460403734
 1.417444859848936
 1.414870193772805
 1.400767130446691
 1.398635394505654
 1.395184304671719
 1.385445051863134
 1.353435630497606
 1.342198606225356
 1.350796692798905
 1.344038735634794
 1.340719728553796
 1.336548929476358


# name: iter_improve
# type: matrix
# rows: 16
# columns: 1
 1
 26
 52
 53
 69
 116
 131
 135
 144
 145
 146
 207
 258
 304
 416
 435


# name: optim_start
# type: scalar
543


# name: optim_steps
# type: matrix
# rows: 0
# columns: 0


# name: VPVP_params
# type: scalar struct
# ndims: 2
 1 1
# length: 8
# name: lambda
# type: scalar
300000000


# name: downsample
# type: scalar
10


# name: MaxIter_X
# type: scalar
200


# name: MaxIter
# type: scalar
50


# name: optTol_X
# type: scalar
1e-06


# name: progTol_X
# type: scalar
1e-10


# name: optTol_aW
# type: scalar
0.0001


# name: progTol_aW
# type: scalar
1e-07




