# Created by Octave 3.8.1, Wed Nov 29 00:07:28 2017 ART <gabrevaya@ws19.labo5>
# name: y_start
# type: matrix
# rows: 15
# columns: 1
 -1.73239861536558
 0.1643093510369888
 1.087576237934017
 -1.181604667414565
 -0.220771573458168
 0.2446598300465549
 -0.6754171995729609
 2.103733919467232
 -0.2924833987390092
 0.5742734460144243
 -0.8998489172792163
 0.006877257591526972
 -0.3857426486553544
 -0.7706829702871206
 0.3658894899926846


# name: alphas
# type: cell
# rows: 1
# columns: 3
# name: <cell-element>
# type: matrix
# rows: 15
# columns: 1
 0.8127000163154883
 0.541489049835077
 0.5019640138710191
 0.5486929843633421
 0.5998188485194791
 0.7216181830747163
 0.4246525709539546
 0.5972847931257664
 0.5451932669979668
 0.4012926219759237
 0.3919403080700291
 0.5019338616225111
 0.3704859126496849
 0.5634395881899439
 0.7329312021048624



# name: <cell-element>
# type: matrix
# rows: 15
# columns: 1
 0.7867971484990113
 0.7204553908823855
 1.003026790819672
 1.11561814674393
 0.7670676000986951
 0.7979230711850818
 1.011464819167361
 0.7882153831527987
 0.9882861123319757
 0.740142733540414
 0.7035315523547608
 1.087125745949944
 0.8804111382737555
 0.7116501250246731
 0.9326436775328926



# name: <cell-element>
# type: matrix
# rows: 15
# columns: 1
 11.51548348849565
 11.38285106293194
 11.46544817716109
 11.40091503717148
 11.32214089291406
 11.59572732478626
 11.47295371387303
 11.28203047537213
 11.37079913349933
 11.49926958911603
 11.40868553743721
 11.39629953742394
 11.13801761826055
 11.3181848893036
 11.27259027008243





# name: W
# type: matrix
# rows: 15
# columns: 15
 -0.1307271813843301 0.06782642203742474 0.03421194315457223 0.07239166034248558 -0.04164225946470501 0.06148377264693287 0.02606714562156742 0.03635263462045253 -0.01999565788382902 -0.0597055897256264 -0.0942680300092977 0.05110801353790982 -0.09758728934479879 -0.05561382266707381 0.08880004043492311
 0.0194121072982631 -0.05192897535500787 -0.07280082690726188 -0.03239414489024115 0.1170893337674537 -0.03840967736580143 -0.0382051348144976 0.05335873402518918 -0.009234595102344907 0.03024968572041742 0.1435784418428058 -0.06388792536931691 0.06486851134069889 0.1136811836934025 -0.197829861107039
 0.0866623858032389 -0.07859055658651716 -0.00698923181834401 -0.06097841867643037 -0.001382139759589228 -0.04119180776108998 -0.02955940012934002 -0.02113230299265678 0.00702003251016685 0.07538339187711303 0.04172522598052518 -0.03535876977705867 0.06424493810433417 -0.01696210806503251 -0.03499400383083547
 0.0005067621184118073 -0.01356558055093048 0.02514894906023225 -0.1928220494865775 0.02556268262651595 -0.0295950414878991 -0.07182872900659347 0.1049065433585609 0.0136992732295094 0.06879786899966786 0.03668859349311431 -0.09670206644687547 0.08155746338589724 -0.02996408589794958 -0.09238654475697257
 -0.1169582757984966 0.1439247191155141 -0.03155670935502682 0.0864124276972905 0.03162455510002554 0.04345614416033857 0.06019125678847846 0.09923890234456588 0.004139319130773822 -0.09326753369009816 -0.01041038619473217 0.03584611019281035 -0.03942743909264978 0.01284060281852434 -0.02057349388582756
 0.06052757199722285 -0.1055517964524646 -0.01760691810990609 -0.0747288327487725 0.02367447176992096 -0.1617808620024724 -0.08720228523613424 -0.05284533573144728 -0.03111723480153291 0.0588672958165894 0.09726066454994972 -0.09483127526955946 0.03249626827846933 0.002750487201722198 -0.1411341618748872
 0.01755702650708411 -0.05015127720101157 0.006075871787558562 -0.2117073709134111 0.03100002135998165 -0.03556790754625527 -0.1463332833896623 0.06468271135705912 -0.01762498802403045 0.07775205616586506 0.1004274104292591 -0.1589755595660945 0.07268478722599585 -0.006242035873990768 -0.1600823830151692
 0.03650947341844867 -0.01080167897503805 -0.09120349277596085 0.2033247130273274 0.07148874373083038 -0.02370008452636865 0.07577959826742954 -0.001489857883530744 0.004821395228853786 0.02151973613257055 0.05187726883086535 0.05672588415243504 0.0238760967301052 0.06026822073650784 -0.0802647444646859
 0.009416531099935456 -0.03744288526028005 0.01742787765768387 -0.06821130469901412 -0.01575623779078812 -0.003525137056904423 -0.03334104526353612 0.005090894139595365 -0.01275727683620365 0.03257658407896411 -0.003028446339812598 -0.03049522136751816 0.005040336145140823 -0.02510166786461685 -0.003414256429812933
 0.003023748668106127 0.02617001882684692 -0.009434150708570252 0.07348362897720252 0.0009615034586474676 0.002701114828697766 0.04820094918132973 -0.0232811862341054 0.007708905497278524 -0.03656078619841086 -0.02441251104062114 0.04107581949764409 -0.02419725258353278 0.02744237362552015 0.03895674757051425
 -0.1755144254503835 0.2179537458872891 0.02350465714951312 0.1166284275686997 -0.01211009138116218 0.09562047100077775 0.1316409031553791 0.0770522007388955 0.02708216168841773 -0.1746240995982308 -0.1730237697737108 0.1190811243373294 -0.1053493393699817 0.01051409497833434 0.1507184245887922
 -0.05046257061053731 -0.01053985946471805 0.02531881241611816 -0.1818927806672624 0.008811241861140611 0.00151006559739236 -0.1645789988965397 0.04024621884070577 -0.04400077031581245 0.01079678886021251 0.07243257407421841 -0.1854296164866988 -0.005990024872914231 0.02429981310016786 -0.159637554931125
 -0.005266088209901715 0.03608361856845363 0.0008053436847042054 0.1097084436290662 -0.01464721097639938 0.02296139535256995 0.114265559985441 0.009649403046491287 0.02991905458928669 -0.03042226599558173 -0.08635976828247917 0.1124565676770018 -0.02097940460763483 -0.03888999826943199 0.1313980382928553
 -0.1358376282708738 0.1583684898471795 -0.01313694613587117 0.02003122494781827 0.03364905960580902 0.0750743075097885 0.03516813670716191 0.02390678030061167 -0.003576667773537999 -0.186095554788564 -0.01572369796501179 0.01542472781865038 -0.08887794279060027 0.02478236677431353 0.03774663801693252
 0.008739909768747126 -0.08163762106508229 -0.02007979099398175 -0.07952512835136644 0.04727244622459659 -0.04621659055559654 -0.1197383126224551 0.1018457659447738 -0.0328069564638263 0.1243235960163199 0.1041723761644739 -0.1537399080279107 0.06798465722032727 0.02271343848501504 -0.2552304276695315


# name: iter
# type: scalar
521


# name: c
# type: matrix
# rows: 1
# columns: 15
 0.2846247624944437 0.3587863425600282 0.3849186885632295 0.3035024440399036 0.4574018308541349 0.2898284551682028 0.1319550256357907 0.7258451992172805 0.2862511180989477 0.4617684419775975 0.492952970852994 0.08929262939893361 0.4102838523295063 0.5545276844858699 0.1868792047131734


# name: mean_corr
# type: matrix
# rows: 16
# columns: 1
 -0.09215807178961968
 -0.09215044294837529
 0.01477108840416869
 0.01810130963237062
 0.02162184746447282
 0.04552476110058985
 0.08534507519354556
 0.1014571393926537
 0.1051164201374658
 0.124637636686855
 0.1312987672958373
 0.1378969525509395
 0.1409174601851707
 0.1470885507129946
 0.1504040795454279
 0.3612545766926691


# name: mean_error
# type: matrix
# rows: 16
# columns: 1
 1.454603067802933
 1.454593582260581
 1.378072765415199
 1.384449252931744
 1.374429939152984
 1.358426752886934
 1.344413862344209
 1.34520191937002
 1.343629953120441
 1.342684285591472
 1.334412234083824
 1.332200244764893
 1.322034412056968
 1.315820803610815
 1.320413951093697
 1.263691520169723


# name: iter_improve
# type: matrix
# rows: 16
# columns: 1
 1
 12
 31
 48
 53
 89
 134
 150
 175
 200
 212
 331
 438
 488
 502
 521


# name: optim_start
# type: scalar
521


# name: optim_steps
# type: scalar
16


# name: VPVP_params
# type: scalar struct
# ndims: 2
 1 1
# length: 8
# name: lambda
# type: scalar
300000000


# name: downsample
# type: scalar
10


# name: MaxIter_X
# type: scalar
200


# name: MaxIter
# type: scalar
50


# name: optTol_X
# type: scalar
1e-06


# name: progTol_X
# type: scalar
1e-10


# name: optTol_aW
# type: scalar
0.0001


# name: progTol_aW
# type: scalar
1e-07




