# Created by Octave 3.8.1, Wed Nov 29 00:03:51 2017 ART <gabrevaya@ws19.labo5>
# name: y_start
# type: matrix
# rows: 15
# columns: 1
 -1.732398666943662
 0.1643094318912384
 1.087576262764629
 -1.181604674894361
 -0.2207714898838978
 0.2446598336116377
 -0.6754172071688779
 2.103733933982507
 -0.2924833976233382
 0.5742734110792574
 -0.8998488796803308
 0.006877248880051812
 -0.3857426554411588
 -0.7706828811004417
 0.3658894802749358


# name: alphas
# type: cell
# rows: 1
# columns: 3
# name: <cell-element>
# type: matrix
# rows: 15
# columns: 1
 0.8797052285007444
 0.6096585081006251
 0.5136732671285344
 0.6068004566841888
 0.6145449878899046
 0.8189748478716602
 0.4791139668970208
 0.620959598873333
 0.556996830619111
 0.4195166910943278
 0.4601825900342488
 0.5841802262903811
 0.386779302701123
 0.5563990554412594
 0.7619022316997281



# name: <cell-element>
# type: matrix
# rows: 15
# columns: 1
 0.8093227492059208
 0.7263523625806367
 0.9986375836573267
 1.083507159295075
 0.89052709653439
 0.7159250413976342
 1.010587983161939
 0.8160566288426419
 1.035619911484552
 0.8344719554638703
 0.9495694142834007
 1.10604649710085
 0.9062363030593498
 0.6994484414506981
 0.9950737553316253



# name: <cell-element>
# type: matrix
# rows: 15
# columns: 1
 11.51424550528526
 11.38556384423439
 11.46191729155745
 11.39751540680805
 11.33157020306852
 11.59136044366771
 11.4725288867194
 11.28560817430929
 11.37514012454015
 11.50689124251682
 11.42902874348191
 11.39837733029668
 11.14214326472499
 11.32780699145741
 11.27995009881122





# name: W
# type: matrix
# rows: 15
# columns: 15
 0 0 0 0 0 0 0 0 0 0 0 0 0 0 0
 0 0 0 0 0 0 0 0 0 0 0 0 0 0 0
 0 0 0 0 0 0 0 0 0 0 0 0 0 0 0
 0 0 0 0 0 0 0 0 0 0 0 0 0 0 0
 0 0 0 0 0 0 0 0 0 0 0 0 0 0 0
 0 0 0 0 0 0 0 0 0 0 0 0 0 0 0
 0 0 0 0 0 0 0 0 0 0 0 0 0 0 0
 0 0 0 0 0 0 0 0 0 0 0 0 0 0 0
 0 0 0 0 0 0 0 0 0 0 0 0 0 0 0
 0 0 0 0 0 0 0 0 0 0 0 0 0 0 0
 0 0 0 0 0 0 0 0 0 0 0 0 0 0 0
 0 0 0 0 0 0 0 0 0 0 0 0 0 0 0
 0 0 0 0 0 0 0 0 0 0 0 0 0 0 0
 0 0 0 0 0 0 0 0 0 0 0 0 0 0 0
 0 0 0 0 0 0 0 0 0 0 0 0 0 0 0


# name: iter
# type: scalar
521


# name: c
# type: matrix
# rows: 1
# columns: 15
 0.2005256654080108 0.2832945450976642 -0.1530537397397305 0.2060336844017591 0.3106051558627094 0.03007566417126926 0.01589109007217825 0.4819452245056721 0.1444365200641884 0.1179149193694179 -0.006326140868091147 0.04999918514219402 0.0267232868783804 0.02871238434441039 0.08020171258715146


# name: mean_corr
# type: matrix
# rows: 15
# columns: 1
 -0.09215807178961968
 -0.09215044294837529
 0.01477108840416869
 0.01810130963237062
 0.02162184746447282
 0.04552476110058985
 0.08534507519354556
 0.1014571393926537
 0.1051164201374658
 0.124637636686855
 0.1312987672958373
 0.1378969525509395
 0.1409174601851707
 0.1470885507129946
 0.1504040795454279


# name: mean_error
# type: matrix
# rows: 15
# columns: 1
 1.454603067802933
 1.454593582260581
 1.378072765415199
 1.384449252931744
 1.374429939152984
 1.358426752886934
 1.344413862344209
 1.34520191937002
 1.343629953120441
 1.342684285591472
 1.334412234083824
 1.332200244764893
 1.322034412056968
 1.315820803610815
 1.320413951093697


# name: iter_improve
# type: matrix
# rows: 15
# columns: 1
 1
 12
 31
 48
 53
 89
 134
 150
 175
 200
 212
 331
 438
 488
 502


# name: optim_start
# type: scalar
521


# name: optim_steps
# type: matrix
# rows: 0
# columns: 0


# name: VPVP_params
# type: scalar struct
# ndims: 2
 1 1
# length: 8
# name: lambda
# type: scalar
300000000


# name: downsample
# type: scalar
10


# name: MaxIter_X
# type: scalar
200


# name: MaxIter
# type: scalar
50


# name: optTol_X
# type: scalar
1e-06


# name: progTol_X
# type: scalar
1e-10


# name: optTol_aW
# type: scalar
0.0001


# name: progTol_aW
# type: scalar
1e-07




