# Created by Octave 3.8.1, Mon Jan 08 10:17:47 2018 ART <gabrevaya@ws9.labo2>
# name: y_start
# type: matrix
# rows: 10
# columns: 1
 -2.790951552451991e-06
 1.884487667338481e-05
 -4.538282619801443e-07
 -9.131455735420886e-07
 -4.168237383238876e-06
 6.156256115274898e-06
 -4.624140031056343e-06
 -3.199115833706825e-06
 4.127259658992311e-06
 -9.297564886771921e-07


# name: alphas
# type: cell
# rows: 1
# columns: 3
# name: <cell-element>
# type: matrix
# rows: 10
# columns: 1
 -0.1632457201252272
 1.212297983435772
 0.3569490712476667
 0.6319627137293813
 0.3278166636535799
 1.059338591492822
 0.4981393105421402
 0.63812401421849
 0.02441053977919369
 0.8330868045895811



# name: <cell-element>
# type: matrix
# rows: 10
# columns: 1
 1.006990472915913
 0.9801119567133318
 0.6375067059460265
 0.3195154193019158
 1.157850549357876
 0.5611256312168826
 0.9503539192921021
 0.4207679435652738
 1.024444069703809
 0.3080545941008497



# name: <cell-element>
# type: matrix
# rows: 10
# columns: 1
 10.90132684297888
 12.34241966836225
 10.83868971053256
 11.20436001495374
 11.92311645194778
 12.33374208784624
 11.33794379386716
 11.43573356149808
 10.90604120994836
 10.12097066269173





# name: W
# type: matrix
# rows: 10
# columns: 10
 0.3527509679110272 -1.043240572692365 0.008866393433311512 -0.1400214121672998 -0.000755233829980125 0.6258781087720016 -0.9366477344245695 -1.125778362160897 -1.941244596034492 0.9160307172463569
 0.1008334996676627 -0.2619396596114105 -0.596802393204299 0.5931999780997292 -0.5322434726656662 0.6271964290388744 0.07643002096658839 -0.3660975864730548 0.3148217971638204 -0.5713816667874021
 -0.8053218649383864 -0.2816083836155634 -0.4972628902976428 0.1102929709970522 -0.1578237407268441 -0.3619857953434465 0.1756199149396096 0.1983020339339008 0.6744586319180247 -0.961167451888833
 -1.107847020543383 -0.7895128699816115 0.6077853482066365 0.07950684656932772 0.1034098409244935 0.2499219733754592 -0.711114723977545 -0.5118480442101727 -0.1298673270314103 -1.027348217048219
 0.1072987699807022 -0.5429477181300401 -0.594364619411368 0.2509971416959918 0.2840517682071402 0.6490637000069863 0.3658394085059094 -0.5196976582698284 -0.422727612267336 -0.3552059165450776
 -0.2705409543993661 -0.5481025083332124 0.2953687649101065 -0.3609718116369482 0.378253290350099 -0.2868187001544328 -0.3570240485568431 -0.1523212993089408 -0.1903307657013877 0.1184595500884845
 0.348936607633592 -0.4797642579879515 -0.19467303801374 -0.1554720606736572 -0.1678989008977495 -0.06482073802316626 -0.20621340080875 0.1559134755570984 -0.6933716776643662 0.7983901675370013
 -0.2889524835401352 -0.816740863365782 -0.2419689620253463 0.05137174010883597 0.0004120917022097296 -0.1869867935018675 -0.4800452277351598 -0.5545506530294713 -0.4626801721264808 -0.04546467077023286
 0.2869649252076665 -0.6779401474158732 -0.2090173050928252 -0.03094177180437073 0.2010606205556093 0.06441512608443317 -0.2455963706423825 -0.5311242229265406 -0.3522048081008964 0.295261539969102
 -0.01659884947046733 -0.134103688954572 -0.882046699505837 0.5239586900400441 -0.3388798419078227 -0.0053943023250233 0.6235697936796334 0.8043467982143184 0.8464981426333642 -0.5886793342985964


# name: iter
# type: scalar
200000


# name: c
# type: matrix
# rows: 1
# columns: 10
 0.612625827136509 0.485680288951082 0.2448269645164694 0.5570453962513541 0.7517719755246045 0.4848659802516316 0.3736385982165318 0.6221623617387481 0.3776982687508335 0.4327653373781877


# name: mean_corr
# type: matrix
# rows: 698
# columns: 1
 -0.1398566327125591
 -0.1072554125639902
 -0.06332089310438234
 -0.0587488667501123
 -0.05615654024564894
 -0.0312409733417176
 -0.002459343666467187
 0.002502046249922174
 0.02030655793418278
 0.03902026959897008
 0.04333418421368712
 0.05655903148258591
 0.05671033766315159
 0.0571578242853783
 0.05784705812117055
 0.05747904545782808
 0.05799645063315841
 0.05870907250027604
 0.4583571969757842
 0.4577288347760626
 0.4427105286766986
 0.4485933178152121
 0.4193198572997468
 0.4018238070993306
 0.3965776251975628
 0.4058154597320086
 0.400920608562257
 0.4012213028163128
 0.4004570246375366
 0.4009121772160585
 0.4147603279004272
 0.4003795963730946
 0.4050406602155051
 0.4144777407077228
 0.4090058673371397
 0.476227282845804
 0.4293697674371025
 0.4366953033384827
 0.4488187656525474
 0.4489549330104185
 0.456323346028523
 0.4554814288869573
 0.4625645736988567
 0.4613754486614886
 0.4653489714728041
 0.4665846756167811
 0.4706670754019719
 0.4549589869654403
 0.451804433547991
 0.4348633906876588
 0.4224711256351624
 0.4141427576362653
 0.4173411889639242
 0.4219592858893087
 0.4225160247505119
 0.416734210596431
 0.4142228543165714
 0.4156140943241283
 0.4179152710888611
 0.4304436677192015
 0.4320412418708541
 0.4410018680469386
 0.440990850888471
 0.4395758369597236
 0.4374633851299539
 0.4341645926499774
 0.434753038952714
 0.4410507561235406
 0.4203622776768293
 0.4204024803602661
 0.4256992231049179
 0.4259637828230344
 0.4285504007228004
 0.4160341924474743
 0.4168370727597508
 0.4262685833492929
 0.4211482004573431
 0.4227510220858556
 0.4164009982685636
 0.4184848678726084
 0.4886673853163154
 0.4797845238694
 0.4811383767078413
 0.4750000593911125
 0.4758853076531051
 0.4398791369252265
 0.4379456945228685
 0.4482194642830531
 0.445558850932885
 0.4510123461031753
 0.4485877430867915
 0.4484944460844263
 0.4489180390447386
 0.4519870524955557
 0.4554735888606753
 0.4606407971448305
 0.4599197598865118
 0.466467084947484
 0.4671506490309844
 0.4660172008926735
 0.4403646323758349
 0.4520974261651533
 0.4449633766828552
 0.4380882164072079
 0.4437186178181085
 0.457647859952397
 0.4477653827121041
 0.4487342822467205
 0.4965142742076266
 0.4954711197823943
 0.493170637519461
 0.4939250242554915
 0.4938449001968426
 0.4925660813736339
 0.491196045313359
 0.4935076515866885
 0.4928977296942009
 0.4939562156770522
 0.4949834362568605
 0.4960825185939416
 0.4948678556956809
 0.4956854746235184
 0.4956492845444259
 0.4928383206325729
 0.4902012481549453
 0.4883738365947516
 0.488874520336357
 0.487549508273788
 0.4875109109628162
 0.4882616832619089
 0.488630099902589
 0.489501769020224
 0.487114138855381
 0.4857933385683825
 0.4843511361743307
 0.4857290338902529
 0.5046031039407244
 0.504774211328161
 0.497916039781177
 0.4704776052727817
 0.4721788425040812
 0.4752434169138339
 0.4749426484066639
 0.485411024341852
 0.4977180201885826
 0.4993807159230739
 0.5002527548534417
 0.499250368082845
 0.495333016245468
 0.4957540134202105
 0.4954850389872442
 0.4923478869400909
 0.4896153292108246
 0.4909043643556845
 0.4856393505369582
 0.4862175898204329
 0.486345854741955
 0.4874616446296528
 0.4874506796084297
 0.4835076221483442
 0.4844986250059159
 0.4813530560014076
 0.4800503818984582
 0.4788866046188008
 0.4806469941160778
 0.4806871815277701
 0.4819715856357959
 0.47981028072535
 0.4818539034537124
 0.4821936890305903
 0.4804621723444368
 0.4813088757180417
 0.4803625547894202
 0.4749226279407432
 0.4736867048879577
 0.5089371611368965
 0.5089764770423273
 0.5037278225841877
 0.4849454770174751
 0.4986478660295259
 0.4939950009363961
 0.4914650696120469
 0.4937383732899979
 0.4935173655963374
 0.4933343731589789
 0.4916263927338349
 0.4916463935737133
 0.491298662869788
 0.4944661717265597
 0.4943496112212252
 0.4923246260863209
 0.4927566093317651
 0.4863819872976046
 0.4842687022444855
 0.4886444417365695
 0.4881437902669462
 0.4895792312063892
 0.4867370786583748
 0.4874350423811086
 0.4885867476921565
 0.5099275214478161
 0.5039728218773032
 0.4971983984770068
 0.5034289318133456
 0.5017766740369795
 0.5022049612436887
 0.5021145510580436
 0.4923288747719329
 0.4938105476011786
 0.4978959642215761
 0.4791349483579208
 0.4946202681688896
 0.492986080707636
 0.4941169738842669
 0.4956524227671298
 0.4945002012984236
 0.4961387996044312
 0.4959457465284435
 0.497095022292733
 0.497168454573239
 0.4964211978216986
 0.4901148228260908
