# Created by Octave 3.8.1, Tue Nov 28 19:58:55 2017 ART <gabrevaya@ws16.labo1>
# name: y_start
# type: matrix
# rows: 15
# columns: 1
 -0.6848997477124983
 0.2983141262944687
 -0.006604317374655783
 -0.03641329639994328
 -1.411898405827692
 -3.94597524747122
 0.1744205708627655
 -0.6084173681165268
 0.3094716311424328
 -0.2349698312099671
 0.3956402621126834
 1.648137355000493
 1.32768447992554
 -1.997306913147061
 0.8316413490644301


# name: alphas
# type: cell
# rows: 1
# columns: 3
# name: <cell-element>
# type: matrix
# rows: 15
# columns: 1
 0.9450653615403046
 0.6006346187413751
 0.5744197992248598
 0.3189963371193051
 0.5481227410539662
 0.5288724750937283
 0.4614523254878134
 0.6149840048975103
 0.5566703400410231
 0.7912610963722161
 0.5268324717207382
 0.4902774007311697
 0.5586161874039788
 0.5690301618486741
 0.5857030959238709



# name: <cell-element>
# type: matrix
# rows: 15
# columns: 1
 1.421236974097667
 0.8453016724622582
 1.033116086267286
 1.190087860074996
 0.9329598498574557
 1.121363044890568
 1.092955821661634
 0.9945955468680648
 0.9986891744936369
 0.7730823382418978
 0.5423830070066014
 0.9828007458817636
 1.161775686951829
 0.8559270407087642
 0.9120815433256884



# name: <cell-element>
# type: matrix
# rows: 15
# columns: 1
 11.37157840546378
 11.27244385511617
 11.3814203879726
 11.4022219404457
 11.37315255160648
 11.40123882255481
 11.35952349571469
 11.3822726347065
 11.38024412609042
 11.25161088297497
 11.27081311508228
 11.37924066417374
 11.40022479631598
 11.3686189552532
 11.3684835895787





# name: W
# type: matrix
# rows: 15
# columns: 15
 -0.1461269643979429 -0.008520160580489093 0.08695734062581563 0.0001838478786721862 -0.1733678896377657 -0.08624693485472208 0.0164380891753101 -0.1450472448644735 0.01333548406395321 -0.09642670846591751 -0.1591565983010112 0.09816450867551994 -0.02669687755956328 -0.1214280045291047 0.2074865571739722
 0.2590460420239538 -0.06868385447105821 -0.07932882342655564 -0.2294561741369049 0.1332449193880626 -0.1793234236449005 -0.1353866939209633 0.1159955261518009 -0.002920060509461293 0.05340245400244628 0.1393660617695316 -0.1756573961487009 0.2357632313196155 0.09056974291529675 -0.3679053170018421
 -0.01190913035300604 -0.06136929716649514 -0.0002737095664418197 -0.1047800551367734 -0.00310250239345796 -0.05069114166892284 -0.04101180664185867 -0.02413183323126532 0.004759091149536621 0.07823227532210862 -0.04370546626523632 -0.03470034137064514 0.06684951777718835 -0.02383807439093691 -0.05963847064832278
 -0.04878141273499088 -0.02594619420909567 0.005453340742989335 -0.205803842712354 0.05102320259550736 -0.09024439683135574 -0.03876099260198649 0.06200088552829954 0.04268958289655125 0.08846606801224599 0.03801701493598142 -0.1093196923709098 0.1821776334250857 0.03255480310110273 -0.1518317150765702
 -0.02751468783367021 0.1508409862339123 -0.01321048841418875 0.0407846375128276 0.004159031205929031 -0.03948371110925807 0.09284344820518471 0.08100674924935272 0.04565209273168638 -0.15649106548442 -0.05240336060404221 0.04853556672283964 0.0624189404958731 0.01491914798816377 0.01144018887017236
 0.07289413553837103 -0.02885624109258931 0.01401412275230862 -0.1208429466436745 -0.08109937046496123 -0.176111564622987 -0.06068858482399212 -0.06717205853254649 -0.003686645460226195 -0.1086602243119832 -0.02255845010930266 0.01140638295978811 0.1018214993941981 -0.04391261370806093 0.01383265330250502
 0.125523281747897 -0.1333521985931538 0.004954580690281446 -0.2677032745718934 0.03492983230455718 -0.08423081806887846 -0.1889732413000876 -0.01833439742780745 -0.02033749204890388 0.1069621789907351 0.1134526964203729 -0.2131666346361457 0.1274398545001994 0.07374073971996847 -0.2529153967491257
 0.1199029441756652 0.05616730572037353 -0.07767163580742528 0.1002037989946653 0.07259611882772776 -0.03896706725537711 0.05941632524511692 0.1092280804869971 0.01784627717306424 0.08318525392137299 -0.1650259942085116 0.03792856535822709 0.02955100897116645 -0.002411845541139758 -0.07658222778165039
 0.02289901866885547 -0.02587924895720131 -0.006345297717432889 -0.04636071564825237 0.01953543424233163 0.001119890036326522 -0.02249385805900858 0.0009269351193722367 -0.02610561025385687 0.1129189285276629 -0.01367316582773363 -0.03552323915995945 0.01300280520354278 0.01669221101947771 -0.02479927599562889
 0.003660878812984898 0.04019958735782789 -0.004185661980488319 0.07408296360387601 -0.01832302810548139 0.02496898216653649 0.04964629664668021 0.001560267602173865 0.01182995199598217 -0.08411698998650854 -0.004418529430712597 0.06234753281982748 -0.03248149918464954 -0.01999011187671546 0.06884258684348428
 -0.02683801263355095 0.02080106245540646 -0.001800589073191556 0.07709255443019683 0.01867423015839088 0.1323568632988307 0.04346377987450577 0.005734442917980409 -0.01152100968390805 0.00832048608547005 -0.1367429998808973 0.01059300851182795 -0.08664265531865316 0.03622784103727934 0.06057686751769016
 -0.06137305380801031 -0.07301781259279987 -0.0001542866709558237 -0.1154868365650069 0.06402560985543228 0.06886026999836205 -0.1472105016789339 -0.02371365313182986 -0.04750493301814562 0.05524782314835767 0.0461115134492749 -0.2090020699842092 -0.047172833903843 0.1347709870751337 -0.2371636424792948
 -0.06141113017215606 0.02395259432204788 0.0370468202836023 0.08582429392030799 -0.003710193219550758 0.1177520385785848 0.1043720280699891 0.03420159823821307 0.03188697842883925 0.1226735167478158 -0.05839223695650361 0.05812702075068809 -0.06254082987555333 -0.02718703266980878 0.1452823582708684
 0.04905412185273261 0.1893348371848686 -0.03504303980639465 -0.0466913477052736 0.01763258528890749 -0.1438059300870967 0.05970134389344597 0.1024435535633751 0.04441791081897698 -0.3126057399231664 -0.1017988505720047 0.0496463803803019 0.1633083451718557 -0.0117505802935796 -0.03293079775721525
 -0.1177397581745415 -0.08720047436493336 0.0009239491289297958 -0.1628480487454678 0.05777926794914089 0.01825799529823429 -0.1371559330060918 -0.03991354309723759 -0.03211922908728007 0.1705973946146415 -0.02296317184496472 -0.1966942287591187 0.0001526844882723711 0.097741944483558 -0.2848175953092265


# name: iter
# type: scalar
543


# name: c
# type: matrix
# rows: 1
# columns: 15
 0.4356279707804699 0.5606808918065478 0.4621949985518616 0.3263073469161688 0.4805608454119243 0.3205572341529128 0.3020625158207858 0.6762193642788588 0.3005394393579301 0.4831096178669065 0.5406902679545057 0.1263157310439441 0.3534007323038418 0.5273023686973235 0.1936995604549832


# name: mean_corr
# type: matrix
# rows: 17
# columns: 1
 -0.002725602150979739
 -0.0004128632954267742
 0.003057517433355158
 0.005603180539107544
 0.03526007533215347
 0.03818628986350102
 0.05285494106283529
 0.05937522561370531
 0.0613946710122824
 0.08297615621100679
 0.1236097444490441
 0.126851022620191
 0.1294709194605455
 0.1480908383110771
 0.1528078717937467
 0.1558737342004407
 0.4059512590265977


# name: mean_error
# type: matrix
# rows: 17
# columns: 1
 1.440501510664795
 1.438325996896393
 1.438051645081497
 1.43567460403734
 1.417444859848936
 1.414870193772805
 1.400767130446691
 1.398635394505654
 1.395184304671719
 1.385445051863134
 1.353435630497606
 1.342198606225356
 1.350796692798905
 1.344038735634794
 1.340719728553796
 1.336548929476358
 1.255792713652691


# name: iter_improve
# type: matrix
# rows: 17
# columns: 1
 1
 26
 52
 53
 69
 116
 131
 135
 144
 145
 146
 207
 258
 304
 416
 435
 543


# name: optim_start
# type: scalar
543


# name: optim_steps
# type: scalar
17


# name: VPVP_params
# type: scalar struct
# ndims: 2
 1 1
# length: 8
# name: lambda
# type: scalar
300000000


# name: downsample
# type: scalar
10


# name: MaxIter_X
# type: scalar
200


# name: MaxIter
# type: scalar
50


# name: optTol_X
# type: scalar
1e-06


# name: progTol_X
# type: scalar
1e-10


# name: optTol_aW
# type: scalar
0.0001


# name: progTol_aW
# type: scalar
1e-07




