# Created by Octave 3.8.1, Sat Jan 06 20:48:52 2018 ART <gabrevaya@ws9.labo2>
# name: y_start
# type: matrix
# rows: 10
# columns: 1
 1.172826811983039
 2.64340739859106
 1.022900266785138
 0.6035602617387574
 0.09299210574439105
 -0.5222259765521128
 1.020529821600919
 0.7162694433662151
 0.6901385568876357
 1.852778244003964


# name: alphas
# type: cell
# rows: 1
# columns: 3
# name: <cell-element>
# type: matrix
# rows: 10
# columns: 1
 0.546867478439749
 0.3637272877827201
 0.6055377670567054
 0.5832460264641264
 0.6863895911986938
 0.4490072218407354
 0.5600723604757244
 0.6072762153461104
 0.4845905574831322
 0.5062369770841871



# name: <cell-element>
# type: matrix
# rows: 10
# columns: 1
 0.5638944451101241
 1.032114530568815
 0.6292371263686188
 0.6028738952768649
 1.008136831627853
 0.5005882903978311
 1.203870407338909
 0.537232659538378
 1.207973761124084
 0.7786046045001926



# name: <cell-element>
# type: matrix
# rows: 10
# columns: 1
 11.24439460809625
 11.33355178068262
 11.25333883073336
 11.41340300525449
 11.32489439827819
 11.36989209409142
 11.58495896467661
 11.71773358254038
 11.14762555183644
 11.28955664340978





# name: W
# type: matrix
# rows: 10
# columns: 10
 0.06703832649528141 -0.1261880757013003 -0.003011451286219286 -0.04384969200499022 0.14042937614833 0.1817090618830425 -0.3039310286250931 -0.491435079051144 -0.4086952638624854 0.3020791470903456
 0.156092733190677 -0.1716942377766604 -0.3257446337289969 -0.07315009539760062 -0.1021209881437232 0.03170142286983758 -0.1151843347392679 0.01364367284012616 -0.06081557055777149 -0.1475077119487904
 -0.1428964868552766 -0.2379435616086213 -0.0943530313150058 0.1506535460215866 0.08373358935208457 -0.1096309566423873 -0.05255293257550516 0.3495658827897742 0.04259728411481151 -0.4018056359296515
 -0.4135389512776044 -0.1118471585478042 0.4988155054392342 0.06051375734092549 0.1669175592233147 -0.01861890028502432 -0.1218858073937864 -0.01888043675155337 -0.03303034645159156 -0.06884652545531862
 0.2320356457924941 -0.2191316640045484 -0.05060491078372953 0.166736302452655 0.3951263951509409 0.1128492078083809 -0.04345702235865045 -0.2243452735936872 -0.1157302188641068 -0.004942212952264925
 -0.1071301945526255 0.02046942402600726 0.231437849343907 0.1136176415734992 0.08405017996968471 -0.09807559152531717 -0.02012312117508511 0.02086592552032256 -0.01825018638548492 0.02916211198614052
 0.01208303205616153 -0.02499936017712729 -0.1461002727625638 -0.2540062596250832 -0.1838029569425583 -0.02822377507761697 -0.3518840392735963 -0.1176234132111167 -0.3334658516576324 0.3974163871824242
 -0.2075115471408986 -0.1263088054080975 0.03359168522220488 -0.1214683247007819 0.01323571796847539 -0.03721593038547871 -0.09664860202740788 -0.276667749745445 -0.09766554312171326 0.2113244479768807
 0.0542616473634067 -0.109843686129027 -0.08227503096288054 -0.1456802948236245 -0.004629579853054501 0.05257017911400479 -0.2611471210064709 -0.2387542852469422 -0.2289866651876939 0.3030526730424752
 0.385471723427065 -0.167964358246601 -0.5773831293146794 0.06686314290680406 -0.1482441570239417 0.01374131076650692 -0.01729115739833974 0.2036085488267099 0.02208466567586583 -0.6423649766781981


# name: iter
# type: scalar
519


# name: c
# type: matrix
# rows: 1
# columns: 10
 0.5361351656932209 0.226984180831271 0.5489734021693913 0.5915072169007757 0.7367129587479885 0.5247263657862938 0.2273615703299023 0.5027582034420516 0.3443267713113103 0.3440861345456368


# name: mean_corr
# type: matrix
# rows: 19
# columns: 1
 -0.1398566327125591
 -0.1072554125639902
 -0.06332089310438234
 -0.0587488667501123
 -0.05615654024564894
 -0.0312409733417176
 -0.002459343666467187
 0.002502046249922174
 0.02030655793418278
 0.03902026959897008
 0.04333418421368712
 0.05655903148258591
 0.05671033766315159
 0.0571578242853783
 0.05784705812117055
 0.05747904545782808
 0.05799645063315841
 0.05870907250027604
 0.4583571969757842


# name: mean_error
# type: matrix
# rows: 19
# columns: 1
 1.48713111505161
 1.473573090126654
 1.464584567724703
 1.460469423569208
 1.46072086723178
 1.450508816799664
 1.424971931034565
 1.421832914178948
 1.387737393100896
 1.385952238647377
 1.380900574315324
 1.377240240981158
 1.365084845310114
 1.365857644130682
 1.372163023824602
 1.367417738502924
 1.367988986019947
 1.369203777064766
 1.226971966704174


# name: iter_improve
# type: matrix
# rows: 19
# columns: 1
 1
 12
 31
 39
 57
 58
 65
 80
 93
 96
 98
 99
 152
 274
 412
 416
 452
 469
 519


# name: optim_start
# type: scalar
519


# name: optim_steps
# type: scalar
19


# name: VPVP_params
# type: scalar struct
# ndims: 2
 1 1
# length: 8
# name: lambda
# type: scalar
300000000


# name: downsample
# type: scalar
10


# name: MaxIter_X
# type: scalar
200


# name: MaxIter
# type: scalar
50


# name: optTol_X
# type: scalar
1e-06


# name: progTol_X
# type: scalar
1e-10


# name: optTol_aW
# type: scalar
0.0001


# name: progTol_aW
# type: scalar
1e-07




