# Created by Octave 3.8.1, Sat Jan 06 20:46:45 2018 ART <gabrevaya@ws9.labo2>
# name: y_start
# type: matrix
# rows: 10
# columns: 1
 1.172826827315694
 2.64340740942859
 1.022900280786586
 0.6035602591357297
 0.0929920675454978
 -0.5222259600087614
 1.020529833439782
 0.7162694553153207
 0.6901385500963263
 1.8527782382465


# name: alphas
# type: cell
# rows: 1
# columns: 3
# name: <cell-element>
# type: matrix
# rows: 10
# columns: 1
 0.5186480774219846
 0.4571242261079607
 0.5943952331241295
 0.643021970525225
 0.4896482592107224
 0.5178531957188661
 0.7613965337899492
 0.7068612673733645
 0.6459294140240529
 0.4729660576428514



# name: <cell-element>
# type: matrix
# rows: 10
# columns: 1
 0.7833455061678367
 1.109267997420358
 0.8272198196014152
 0.942670926484461
 1.054532896081707
 0.6499400494241362
 1.216252230892287
 0.891183919637883
 1.254843698429615
 0.9817989951243505



# name: <cell-element>
# type: matrix
# rows: 10
# columns: 1
 11.26253420155652
 11.31164730024524
 11.27141204713456
 11.44236076599904
 11.33026804294882
 11.37953665716288
 11.57890058000401
 11.73431412785983
 11.15138188680849
 11.31648660064621





# name: W
# type: matrix
# rows: 10
# columns: 10
 0 0 0 0 0 0 0 0 0 0
 0 0 0 0 0 0 0 0 0 0
 0 0 0 0 0 0 0 0 0 0
 0 0 0 0 0 0 0 0 0 0
 0 0 0 0 0 0 0 0 0 0
 0 0 0 0 0 0 0 0 0 0
 0 0 0 0 0 0 0 0 0 0
 0 0 0 0 0 0 0 0 0 0
 0 0 0 0 0 0 0 0 0 0
 0 0 0 0 0 0 0 0 0 0


# name: iter
# type: scalar
519


# name: c
# type: matrix
# rows: 1
# columns: 10
 0.09398626034882474 -0.01414759063527354 0.04589747093012882 0.1259859571050225 -0.0174915488352134 0.3812730499014839 0.02282278170732124 -0.06345065210425689 0.2446682280663213 0.1366052136055662


# name: mean_corr
# type: matrix
# rows: 18
# columns: 1
 -0.1398566327125591
 -0.1072554125639902
 -0.06332089310438234
 -0.0587488667501123
 -0.05615654024564894
 -0.0312409733417176
 -0.002459343666467187
 0.002502046249922174
 0.02030655793418278
 0.03902026959897008
 0.04333418421368712
 0.05655903148258591
 0.05671033766315159
 0.0571578242853783
 0.05784705812117055
 0.05747904545782808
 0.05799645063315841
 0.05870907250027604


# name: mean_error
# type: matrix
# rows: 18
# columns: 1
 1.48713111505161
 1.473573090126654
 1.464584567724703
 1.460469423569208
 1.46072086723178
 1.450508816799664
 1.424971931034565
 1.421832914178948
 1.387737393100896
 1.385952238647377
 1.380900574315324
 1.377240240981158
 1.365084845310114
 1.365857644130682
 1.372163023824602
 1.367417738502924
 1.367988986019947
 1.369203777064766


# name: iter_improve
# type: matrix
# rows: 18
# columns: 1
 1
 12
 31
 39
 57
 58
 65
 80
 93
 96
 98
 99
 152
 274
 412
 416
 452
 469


# name: optim_start
# type: scalar
519


# name: optim_steps
# type: matrix
# rows: 0
# columns: 0


# name: VPVP_params
# type: scalar struct
# ndims: 2
 1 1
# length: 8
# name: lambda
# type: scalar
300000000


# name: downsample
# type: scalar
10


# name: MaxIter_X
# type: scalar
200


# name: MaxIter
# type: scalar
50


# name: optTol_X
# type: scalar
1e-06


# name: progTol_X
# type: scalar
1e-10


# name: optTol_aW
# type: scalar
0.0001


# name: progTol_aW
# type: scalar
1e-07




