# Created by Octave 3.8.1, Sat Jan 06 20:46:58 2018 ART <gabrevaya@ws16.labo2>
# name: y_start
# type: matrix
# rows: 10
# columns: 1
 -0.3644870843615375
 0.2262501358340865
 -0.4873317718837115
 -0.8695589803179371
 -1.557306474225438
 0.1012245743793302
 -0.3064073069748517
 -0.1073084188048274
 -0.8383761993417601
 -3.28694358668097


# name: alphas
# type: cell
# rows: 1
# columns: 3
# name: <cell-element>
# type: matrix
# rows: 10
# columns: 1
 0.5612384735703835
 0.6009741690927022
 0.4376709022766464
 0.7854911625569815
 0.4672719651561733
 0.5087453295618336
 0.6711564701300853
 0.6872832437464499
 0.2650929717048781
 0.9195378062164579



# name: <cell-element>
# type: matrix
# rows: 10
# columns: 1
 1.373883840243022
 0.9874067895786884
 1.048687700811793
 1.340532969361222
 1.07509993798307
 0.8785906969000252
 0.9093860912856924
 0.918131202545506
 0.9196830636483563
 0.9095586662959969



# name: <cell-element>
# type: matrix
# rows: 10
# columns: 1
 11.39145808093198
 11.42530065888472
 11.33066109567829
 11.23313197857014
 11.24387213678327
 11.43798877333363
 11.38184267285787
 11.33000644891246
 11.30955617139307
 11.38651096252778





# name: W
# type: matrix
# rows: 10
# columns: 10
 0 0 0 0 0 0 0 0 0 0
 0 0 0 0 0 0 0 0 0 0
 0 0 0 0 0 0 0 0 0 0
 0 0 0 0 0 0 0 0 0 0
 0 0 0 0 0 0 0 0 0 0
 0 0 0 0 0 0 0 0 0 0
 0 0 0 0 0 0 0 0 0 0
 0 0 0 0 0 0 0 0 0 0
 0 0 0 0 0 0 0 0 0 0
 0 0 0 0 0 0 0 0 0 0


# name: iter
# type: scalar
199


# name: c
# type: matrix
# rows: 1
# columns: 10
 0.2208235378974734 0.2670196841583985 0.0823980184203023 -0.05946153552815989 0.1640297267119664 -0.03690408085489537 -0.02952717514849686 -0.03625661105474153 -0.2873052567266947 0.08059198376715263


# name: mean_corr
# type: matrix
# rows: 13
# columns: 1
 -0.04051535350396376
 0.01598677371380594
 -0.12865229678411
 -0.1218019415613055
 -0.1078087522617239
 -0.09898316682174256
 -0.07884525279232943
 -0.05543194369494057
 -0.04598563026228526
 -0.03077225192855799
 0.004802446156558918
 0.042663817457283
 0.06083745605687827


# name: mean_error
# type: matrix
# rows: 13
# columns: 1
 1.469182851667157
 1.435763467002551
 1.490654396097512
 1.484717832027114
 1.471720226927
 1.467731011251729
 1.463782525606069
 1.456789679361118
 1.451960288448293
 1.421330205482384
 1.406842373608337
 1.387134144411738
 1.369155279049838


# name: iter_improve
# type: matrix
# rows: 13
# columns: 1
 1
 6
 31
 32
 38
 42
 46
 70
 118
 129
 154
 156
 157


# name: optim_start
# type: scalar
199


# name: optim_steps
# type: matrix
# rows: 0
# columns: 0


# name: VPVP_params
# type: scalar struct
# ndims: 2
 1 1
# length: 8
# name: lambda
# type: scalar
300000000


# name: downsample
# type: scalar
10


# name: MaxIter_X
# type: scalar
200


# name: MaxIter
# type: scalar
50


# name: optTol_X
# type: scalar
1e-06


# name: progTol_X
# type: scalar
1e-10


# name: optTol_aW
# type: scalar
0.0001


# name: progTol_aW
# type: scalar
1e-07




