# Created by Octave 3.8.1, Sat Jan 06 20:48:27 2018 ART <gabrevaya@ws16.labo2>
# name: y_start
# type: matrix
# rows: 10
# columns: 1
 -0.3644870671730285
 0.2262501470642956
 -0.4873317817730245
 -0.8695589496952645
 -1.557306464832914
 0.1012245737335052
 -0.306407304460262
 -0.1073084362796747
 -0.8383761874153894
 -3.286943572087262


# name: alphas
# type: cell
# rows: 1
# columns: 3
# name: <cell-element>
# type: matrix
# rows: 10
# columns: 1
 0.4981800608759214
 0.5570672275963908
 0.3154413580444959
 0.659109477465234
 0.3732602383906767
 0.4793140630750219
 0.6291599278545896
 0.5179146832977922
 0.2314029083790508
 0.8864416683028001



# name: <cell-element>
# type: matrix
# rows: 10
# columns: 1
 1.3835531340826
 0.9920233407961054
 0.9259463759940856
 1.580163298071986
 0.9551602531449973
 0.8172228111610431
 0.790927335480703
 0.6708579482987396
 0.9092241467020419
 0.8756399500876396



# name: <cell-element>
# type: matrix
# rows: 10
# columns: 1
 11.39777339496345
 11.4236369876755
 11.32048735182786
 11.27476523027075
 11.24898705325288
 11.43414335789827
 11.3664903390718
 11.30947825083128
 11.30712907430303
 11.39793432211993





# name: W
# type: matrix
# rows: 10
# columns: 10
 -0.08095186199238939 0.1350758641030455 -0.1023891947338455 -0.1418749568460735 -0.3387213099322792 -0.01612558741589059 -0.1917894888947935 -0.2217903447229209 -0.2042038364360907 0.2296476952604019
 -0.02710050661056594 -0.09247238072017337 -0.215298328608666 0.04970019927230737 -0.0665367518431481 0.04111997500037456 0.08644606199834065 -0.06205281448549801 0.05275731683212589 -7.610015435391155e-06
 -0.124187356558337 -0.1141467653618663 -0.2683760367563867 0.2708383316247422 0.1525839020671427 0.06092097111316137 0.08199879160712026 0.1639563079133266 0.1142493485468603 -0.4826610270438531
 -0.1125565282211412 0.003270314735674828 0.3890824595612257 -0.1176602243489018 0.2868991518255732 0.1894924521461549 -0.05090378097423451 -0.2991756488294738 0.07261164672807087 0.4054916920799386
 0.3041587684680486 -0.005728517945251015 0.3035692733753365 -0.1375113705936266 0.0636978989707673 0.07384154885800202 0.0307341916434266 -0.02068235182793104 0.007055586755096294 -0.2832359157624508
 0.02947650227383596 -0.01170840553575463 -0.01416755039623715 0.01594248113318019 -0.003140984370229607 -0.04049380122511276 0.142408638879029 0.05167022733933351 0.07436350654554295 -0.07327623370766274
 0.006656216543280662 0.007076222711197918 0.105505450380927 -0.0618241220096608 0.01988387218683843 -0.001922672464875269 -0.1111927708491797 -0.04698631982826919 -0.07981060874726287 0.08770141264146869
 -0.06162716727312143 -0.04288976900751998 0.3086987456258627 -0.02025607721994882 0.07512716260488031 0.05595285158573998 -0.4988238887965069 -0.4181718085988587 -0.306532254987697 0.1732217777453475
 0.0863583609856324 0.04245518701565923 0.2139989915060497 -0.06932279033574752 0.08673063184387871 0.08665698249944151 -0.04672226694874645 -0.1878663737277057 -0.03033253708209108 0.2516879493094318
 -0.08000206835307541 -0.04668389501395217 -0.2069649811392375 0.1135920721999557 -0.006039954992292644 0.001813883815436683 0.1325312557978701 0.1362404818797472 0.05300208965947349 -0.5444927607212768


# name: iter
# type: scalar
199


# name: c
# type: matrix
# rows: 1
# columns: 10
 0.5213155221066721 0.4618428125597356 0.4854233389148982 0.4052117780565154 0.6098621328555232 0.3208307040842235 0.5049624115059613 0.4545488647234862 0.4331188877648355 0.09417438942301638


# name: mean_corr
# type: matrix
# rows: 14
# columns: 1
 -0.04051535350396376
 0.01598677371380594
 -0.12865229678411
 -0.1218019415613055
 -0.1078087522617239
 -0.09898316682174256
 -0.07884525279232943
 -0.05543194369494057
 -0.04598563026228526
 -0.03077225192855799
 0.004802446156558918
 0.042663817457283
 0.06083745605687827
 0.4291290841994867


# name: mean_error
# type: matrix
# rows: 14
# columns: 1
 1.469182851667157
 1.435763467002551
 1.490654396097512
 1.484717832027114
 1.471720226927
 1.467731011251729
 1.463782525606069
 1.456789679361118
 1.451960288448293
 1.421330205482384
 1.406842373608337
 1.387134144411738
 1.369155279049838
 1.248626716973834


# name: iter_improve
# type: matrix
# rows: 14
# columns: 1
 1
 6
 31
 32
 38
 42
 46
 70
 118
 129
 154
 156
 157
 199


# name: optim_start
# type: scalar
199


# name: optim_steps
# type: scalar
14


# name: VPVP_params
# type: scalar struct
# ndims: 2
 1 1
# length: 8
# name: lambda
# type: scalar
300000000


# name: downsample
# type: scalar
10


# name: MaxIter_X
# type: scalar
200


# name: MaxIter
# type: scalar
50


# name: optTol_X
# type: scalar
1e-06


# name: progTol_X
# type: scalar
1e-10


# name: optTol_aW
# type: scalar
0.0001


# name: progTol_aW
# type: scalar
1e-07




