# Created by Octave 3.8.1, Sun Jan 07 20:02:33 2018 ART <gabrevaya@ws16.labo2>
# name: y_start
# type: matrix
# rows: 10
# columns: 1
 6.51158969307011e-05
 2.225879076891491e-06
 -7.017521417598841e-05
 -2.72511337177114e-05
 -1.665312946924984e-06
 -0.0006783564814434343
 -5.116022968170296e-05
 -6.818128230239502e-05
 4.013613351389099e-06
 -7.519643934864766e-06


# name: alphas
# type: cell
# rows: 1
# columns: 3
# name: <cell-element>
# type: matrix
# rows: 10
# columns: 1
 2.983809128394393
 0.2691587675127559
 -0.1777536870460162
 1.572668977087078
 0.8924635231845516
 3.196507176254881
 2.147908913178553
 0.6240288782582269
 1.27751426961496
 0.4630670622013524



# name: <cell-element>
# type: matrix
# rows: 10
# columns: 1
 1.121920933362462
 1.244501506473334
 0.781941350986494
 1.481845288822989
 1.065903221722234
 0.6206450415700765
 0.7760096670127271
 0.4581351908031361
 0.4226128838467342
 0.5607899924672142



# name: <cell-element>
# type: matrix
# rows: 10
# columns: 1
 12.6582801649922
 11.8642391760577
 12.12013953742767
 11.46724614670534
 10.42863093772442
 11.31765290320502
 11.49503281616121
 12.73100443303631
 12.14054022500433
 12.09039372709968





# name: W
# type: matrix
# rows: 10
# columns: 10
 -0.4388692361835188 0.3776411257601657 0.21696909106779 -0.5542177847629116 -0.9358147864920491 0.09144588199847072 -0.5070835439624517 -1.033989771781679 -0.5745935937974008 0.8439692817512608
 -0.1319591779342393 -0.114193490351539 -0.3537890002723952 0.1367041531792482 -0.125144274020959 0.3133831981326808 0.05443016870367457 -0.1008394978052567 -0.01928683149366501 0.03999302821046827
 -0.6479369330982875 -0.04284982054675779 -0.3196037245404854 0.5015774377814803 0.6438718604190194 0.08238912351848636 0.1443235296684741 0.4716911752717158 0.076886381241781 -0.5187968386977492
 0.08784699179289847 -0.2189072232855666 0.8036381092538486 -0.3148922140530176 0.812440587107763 0.4199264633679621 -0.01445279081615831 -0.1999429651560442 0.2516971943280298 0.7640469357143893
 0.2445107100886327 -0.3301641807095452 0.5815886026927846 -0.356181766533402 0.1300719994560525 0.4421750402224214 0.2073567259316114 -0.0540976953122597 0.2473850218122032 -0.5025161508516485
 -0.3337864448924214 -0.1413472321429232 0.2313160471001247 0.04807437176233356 0.1678109497654938 -0.5116281332268053 0.09237498895849645 0.2692965678852784 -0.3079923677020289 0.2337525701738697
 0.3381006349855041 -0.09532052942756047 0.2633104373269562 -0.0331089363020345 0.05400271232632978 0.2304417187801908 -0.5053828718980387 -0.1361431291251255 -0.3698269962460982 0.1728253247346903
 0.05841947402652981 -0.1235799191570333 -0.04886605181756061 -0.193911246628901 -0.1310606040364568 -0.3236566785303416 -0.1916561478262565 -0.4224430755766526 -0.04730317549374404 0.2106217989770397
 0.219936493908608 -0.321621413366522 0.748004837391479 -0.03270405735697401 0.2973173128367559 0.1862716232122283 -0.3659597346958823 -0.1489337034093458 -0.4780518767401888 0.3331127980290813
 -0.0199734792476645 -0.02935059426206029 -0.7405779382722906 -0.02261071487426587 0.2359915253543059 -0.1597524866753043 0.6311756970624838 0.4699767030448948 0.1695369340174419 -0.9205868103875988


# name: iter
# type: scalar
200000


# name: c
# type: matrix
# rows: 1
# columns: 10
 NaN NaN NaN NaN NaN NaN NaN NaN NaN NaN


# name: mean_corr
# type: matrix
# rows: 941
# columns: 1
 -0.04051535350396376
 0.01598677371380594
 -0.12865229678411
 -0.1218019415613055
 -0.1078087522617239
 -0.09898316682174256
 -0.07884525279232943
 -0.05543194369494057
 -0.04598563026228526
 -0.03077225192855799
 0.004802446156558918
 0.042663817457283
 0.06083745605687827
 0.4291290841994867
 0.4285831860735404
 0.4149113147932407
 0.4107486342412386
 0.4114906204362393
 0.3695826659953627
 0.3694519488197575
 0.3720625202547387
 0.356571534157098
 0.3562547570397163
 0.3549504484314689
 0.3483497594345369
 0.339275200840659
 0.3394385444252795
 0.3305931599319064
 0.3270840162326089
 0.327126324003798
 0.3066969228191663
 0.3068014327966209
 0.301778753969388
 0.3172844271505451
 0.3284218964799827
 0.3401350760833931
 0.3462589955741807
 0.3426907918163453
 0.3133747367801462
 0.3131026295809278
 0.3137644357971733
 0.3200542059598906
 0.3078507164972634
 0.3003675802583042
 0.3174904772658527
 0.3148539993454125
 0.3081162750709274
 0.3050988392961736
 0.3100005771247451
 0.3074461331589156
 0.3172058551057553
 0.3164269577203987
 0.3277317860539413
 0.3424266402477204
 0.3332547780281578
 0.329227035214178
 0.3309566072284712
 0.3287661576416347
 0.3222372464682198
 0.314547449288482
 0.3025445746593026
 0.3128313705079632
 0.3117763081170726
 0.3095233852385934
 0.3081656828476123
 0.3101128105736823
 0.3104334235236653
 0.3107004119753514
 0.3162240915659704
 0.3071040113813256
 0.3057097993052569
 0.4861962165999664
 0.4861303130014796
 0.4845293236293833
 0.4890823957453992
 0.4883090719053129
 0.4804116851092229
 0.4769864597223832
 0.4756941019758908
 0.4656403974928157
 0.4680659055190902
 0.4698384906682751
 0.471325264646621
 0.4691949808073773
 0.4649797056278236
 0.4220559378496813
 0.4228418268505312
 0.4193220473129634
 0.4206512124227315
 0.4194237277744784
 0.4207850947918718
 0.4189595153447729
 0.4195049838578732
 0.4275835453090463
 0.4273187381381975
 0.4112809046190321
 0.418957037046492
 0.4338453422892337
 0.4329115495684974
 0.4245853488345278
 0.4163003952037833
 0.4126350306720138
 0.4179913334707212
 0.4196617442199221
 0.4188365912953049
 0.4188077658083678
 0.4168107902334832
 0.4166668958555786
 0.4166946386857338
 0.4141982481740863
 0.4113832209522584
 0.3865453929455949
 0.3856835456403089
 0.3788166274042443
 0.3767600059784863
 0.3704878207192145
 0.3630935158893679
 0.3637648024087306
 0.3618883352618201
 0.3639508150858802
 0.3552176160715617
 0.3555009172019414
 0.359555280749602
 0.3598027424029319
 0.3612603600199135
 0.3636068554158011
 0.3620356823879171
 0.3615507686082426
 0.3572752711738235
 0.3576973405124035
 0.3645126826147834
 0.3687437878401693
 0.3662014305434914
 0.3662086093607695
 0.3714869609892191
 0.3704114816776901
 0.3769823986725181
 0.3702585762164981
 0.361885936794656
 0.3601625991121076
 0.3608487830252342
 0.362764962940931
 0.3585436204418587
 0.3659983992097323
 0.3677403704866861
 0.3650476305369106
 0.3656878078535886
 0.3530829874364096
 0.3537214871403371
 0.3570141505643179
 0.3580013618073836
 0.4886390091380736
 0.4473794455772283
 0.4500606944238631
 0.4505773734296851
 0.4361593148649391
 0.4348216888487355
 0.4360661774394591
 0.4384881835145289
 0.4652094628102601
 0.4614242390452293
 0.4640399275761575
 0.4639374248384328
 0.4557198250725815
 0.4629583948441693
 0.4564841483766258
 0.4702247266547303
 0.4687743706264409
 0.4691769141366451
 0.4633138753384879
 0.4628075978875564
 0.4603836217703614
 0.4492083300875609
 0.4392503206855274
 0.4252267509246262
 0.4313298101869436
 0.4320762824519772
 0.4167782161548982
 0.4181728151055183
 0.4239720706897014
 0.4170599231812184
 0.4176077130287629
 0.4167002020597109
 0.4263779558357081
 0.4047947908727508
 0.4231391358809432
 0.4192168652663109
 0.4243003048519476
 0.4230959761072275
 0.4213351781306815
 0.4248324704324234
 0.4194450177095511
 0.4193302261172003
 0.4105422909868744
 0.408791165743704
 0.4048300269703147
 0.4081977347489835
 0.41849380572002
 0.4152884468463946
 0.4160217910982711
 0.4131611162138333
 0.4314812995817803
 0.4392895790124537
 0.4316191144966925
 0.4311662951773615
 0.4281330853927613
 0.415184824535508
 0.4229510101058218
 0.4194719051741996
 0.4251540216595706
 0.4221508691646559
 0.4078517398594211
 0.4055214146319561
 0.4685919352753102
 0.478623351149521
 0.4676642108640747
 0.4695153826980863
 0.4654053231128545
 0.4678143158737844
 0.479373941033808
 0.4746372994819504
 0.4782669001264296
 0.4670962653645246
 0.4603830924136888
 0.4668636328617063
 0.469743845568155
 0.4611872819586903
 0.4681117978000006
 0.4740103354977095
