# Created by Octave 3.8.1, Wed Nov 29 00:21:18 2017 ART <gabrevaya@ws15.labo7>
# name: y_start
# type: matrix
# rows: 15
# columns: 1
 1.241822514011987
 -0.6788187787304329
 0.5689914438258458
 1.020637778078887
 -1.030649447842391
 -0.344962327559089
 0.6221352843660386
 0.2995505830588149
 0.855882785073225
 -0.0760533817658522
 0.07031633137610596
 0.6132836055269071
 0.3870268773745102
 -0.6649238278682655
 -0.3851403336884927


# name: alphas
# type: cell
# rows: 1
# columns: 3
# name: <cell-element>
# type: matrix
# rows: 15
# columns: 1
 0.4832076059451706
 0.5830094642153822
 0.6767849683569208
 0.5069740537429035
 0.6168658317790331
 0.497859893151732
 0.4550462935007694
 0.5754450634746227
 0.5776439232277157
 0.5944593742303309
 0.4734996957197762
 0.3710495507663785
 0.5850021164985183
 0.6563804544463759
 0.5281538001704601



# name: <cell-element>
# type: matrix
# rows: 15
# columns: 1
 0.9629558066712011
 0.9021251140926384
 1.194708240642698
 1.074301511154592
 0.9964014173896025
 0.9584921242013215
 1.001739512878261
 0.8791713075446511
 0.9061190200618237
 1.132448751147523
 0.9918086898644748
 1.022392500083912
 1.046488594871772
 1.090363336238799
 0.9103123981938663



# name: <cell-element>
# type: matrix
# rows: 15
# columns: 1
 11.27570656906893
 11.32120845996554
 11.29177622324237
 11.40188647409681
 11.37581811981921
 11.55078031042978
 11.61545827263398
 11.41436307450843
 11.46409840344423
 11.32187741672465
 11.44088379103768
 11.41001291025628
 11.24809197547089
 11.39458689953073
 11.48584347773073





# name: W
# type: matrix
# rows: 15
# columns: 15
 0 0 0 0 0 0 0 0 0 0 0 0 0 0 0
 0 0 0 0 0 0 0 0 0 0 0 0 0 0 0
 0 0 0 0 0 0 0 0 0 0 0 0 0 0 0
 0 0 0 0 0 0 0 0 0 0 0 0 0 0 0
 0 0 0 0 0 0 0 0 0 0 0 0 0 0 0
 0 0 0 0 0 0 0 0 0 0 0 0 0 0 0
 0 0 0 0 0 0 0 0 0 0 0 0 0 0 0
 0 0 0 0 0 0 0 0 0 0 0 0 0 0 0
 0 0 0 0 0 0 0 0 0 0 0 0 0 0 0
 0 0 0 0 0 0 0 0 0 0 0 0 0 0 0
 0 0 0 0 0 0 0 0 0 0 0 0 0 0 0
 0 0 0 0 0 0 0 0 0 0 0 0 0 0 0
 0 0 0 0 0 0 0 0 0 0 0 0 0 0 0
 0 0 0 0 0 0 0 0 0 0 0 0 0 0 0
 0 0 0 0 0 0 0 0 0 0 0 0 0 0 0


# name: iter
# type: scalar
46


# name: c
# type: matrix
# rows: 1
# columns: 15
 -0.4296077826460561 -0.4584609911083085 -0.3927965128603638 0.06011162376723662 0.2979050810033875 -0.238926456359519 -0.03811454973750362 -0.1763053343041172 -0.08018517397565482 -0.1820247635825859 -0.1147463770816119 0.1075441221404564 -0.3954887164151098 0.07266206057460038 0.1004622812275026


# name: mean_corr
# type: matrix
# rows: 2
# columns: 1
 -0.1040860570423117
 -0.1238575932647883


# name: mean_error
# type: matrix
# rows: 2
# columns: 1
 1.463347132328217
 1.4548799034667


# name: iter_improve
# type: matrix
# rows: 2
# columns: 1
 1
 31


# name: optim_start
# type: scalar
46


# name: optim_steps
# type: matrix
# rows: 0
# columns: 0


# name: VPVP_params
# type: scalar struct
# ndims: 2
 1 1
# length: 8
# name: lambda
# type: scalar
300000000


# name: downsample
# type: scalar
10


# name: MaxIter_X
# type: scalar
200


# name: MaxIter
# type: scalar
50


# name: optTol_X
# type: scalar
1e-06


# name: progTol_X
# type: scalar
1e-10


# name: optTol_aW
# type: scalar
0.0001


# name: progTol_aW
# type: scalar
1e-07




