# Created by Octave 3.8.1, Wed Nov 29 00:30:41 2017 ART <gabrevaya@ws15.labo7>
# name: y_start
# type: matrix
# rows: 15
# columns: 1
 1.241822521146714
 -0.6788187925815424
 0.5689914304154421
 1.0206377802003
 -1.030649454375152
 -0.344962326764824
 0.6221352765213132
 0.2995505854486146
 0.8558827881916978
 -0.07605339126288238
 0.07031631822259993
 0.6132836017242115
 0.3870268719535053
 -0.6649238231255904
 -0.3851403239936765


# name: alphas
# type: cell
# rows: 1
# columns: 3
# name: <cell-element>
# type: matrix
# rows: 15
# columns: 1
 0.3333764247566262
 0.6808145087731763
 0.4922565793720234
 0.4239816616529538
 0.5116081772990626
 0.3729542037028815
 0.2433003789662838
 0.5541060699400202
 0.4490645973192411
 0.5015572871255477
 0.4539079907539692
 0.2670953382162577
 0.4242705040486217
 0.5631727043251713
 0.6402939018787673



# name: <cell-element>
# type: matrix
# rows: 15
# columns: 1
 1.205640981337158
 1.415153176969656
 0.6642315143444214
 1.535438128969954
 0.3731212244783044
 1.226147039993382
 1.096935298104705
 0.3307586527850904
 1.524242510861132
 1.483883363554875
 0.5247539016298134
 0.9719811997974904
 1.560637193022951
 0.3011255184784404
 0.9513634445731156



# name: <cell-element>
# type: matrix
# rows: 15
# columns: 1
 11.29191935988551
 11.21315361868233
 11.24562673510276
 11.45139011045107
 11.3179306571129
 11.57565081761854
 11.63097507122856
 11.34380024131079
 11.5330329902323
 11.36100461092215
 11.39108005486014
 11.40515838382263
 11.29604665054972
 11.29225982053051
 11.48905753590657





# name: W
# type: matrix
# rows: 15
# columns: 15
 -0.2622545691470999 0.1804217982424165 0.1543382676072558 0.3217486414680478 -0.1500563693045346 0.2875874203142345 0.3842152621561752 -0.2539976810103897 0.03549986059822661 -0.2086582912060383 -0.5687933015731644 0.4729775582615925 -0.3584194512443961 -0.301443731984352 0.5996614289439304
 0.2563348187410986 -0.3351990161321695 0.01823290389458484 -0.1746343014150064 0.1442576729721597 -0.2671621461165131 -0.2996203295819746 0.2571917532541313 -0.08544343970264616 0.114305228134025 0.4402892557289854 -0.2946713976221557 0.237908267731764 0.1826887020070052 -0.4648733809831878
 0.3365751125236285 -0.1204854884622536 -0.2694589069994365 -0.4809669742058228 -0.002833616349443256 -0.2832425470823894 -0.4340772150216359 0.002569480702900523 0.1095791876660787 0.4226068711180246 0.2600765460615672 -0.2858791943388299 0.3866698545750176 0.2583792256687848 -0.0911326559750651
 0.236370510755204 -0.1537108792441905 -0.1046379853010242 -0.2568431014965443 0.09089571763253518 -0.1893429656042007 -0.1602986438454225 0.1173659276711857 -0.1002638774513993 0.1045029922790475 0.2286256381876159 -0.1432885515383388 0.1525703669560661 0.1547524663633116 -0.1933880660454889
 -0.2537017293758548 0.1669578786934987 0.1679868323857432 0.1362375257967148 -0.06883081880617312 0.1856900217770222 0.1560511512394304 -0.32567543196043 -0.03675444722962546 -0.1162560741509877 0.04188766545039951 0.04637585319040446 -0.1537544608265592 -0.003646106423740851 -0.03023340342372757
 0.1457833281054852 -0.1627417400578109 -0.1193337641474029 -0.2372985347381454 0.1762038397200581 -0.2087256234873896 -0.2299130762091084 0.03763346711821203 -0.05297208245421205 0.08071970722000923 0.3293972993071779 -0.2576665849979392 0.1479819427287945 0.2467983658778031 -0.2901623992926486
 -0.01928427003745981 -0.003202648711721061 0.04853903830661983 -0.3627612349800139 0.04866559845009277 -0.1531737695019204 -0.4330064963667472 0.09626658187464754 -0.109075917296932 0.09108049376589179 0.253738122215605 -0.2000343123679698 0.05542191906691266 0.1085168459959851 -0.2597565526688078
 0.1468234332419547 -0.9582972975428286 -0.2218558938315625 -0.4337959194475963 0.7272913265342692 -0.303981854142959 -0.471013837177563 -0.1997942942822946 -0.5800709497872258 0.005691844888142139 0.8000589983784319 -0.5638897576152772 0.08826874763643984 0.3467096354767271 -1.041966124026638
 -0.1609710091816507 -0.05239205785644544 0.1039650769865788 0.1197226718373628 0.1531480973516684 0.07005345646026188 -0.03121734414242083 -0.1177674522135213 -0.1612207333681853 -0.1702272995873375 -0.06414755022263822 0.0675764095926903 -0.1102892991792324 -0.04448225571572155 0.01145126048610142
 -0.1942098840428905 0.1305517811779487 0.1816395535162786 0.2452635035927205 -0.07125619090431549 0.1645101123387687 0.2023149358475011 -0.08790262670540505 0.02425679048318788 -0.1805470546590805 -0.2670209571514762 0.2742003516966945 -0.2131488878101453 -0.1945351656621604 0.3360116751559175
 -0.2102417755257467 0.16009818304232 0.02249881573009627 0.2373730099012006 0.09319886610800379 0.1964004066633651 0.2564928110473818 0.003143433537932594 -0.02947830990906822 -0.1703272364370705 -0.1671984328288469 0.2080232650860612 -0.1972950782820405 -0.02886002389149414 0.2687449158671961
 0.02706750769189137 -0.07457260704315266 -0.01310191168916317 -0.2084764861044008 0.04259409905150962 -0.1103010158373932 -0.2763352710436547 0.03202885714914044 0.0004279534549710041 0.1078301198343068 0.2637694916744416 -0.2780813795252934 0.1221414261958007 0.09325966274896982 -0.2772982143441995
 -0.2431787894899689 0.2332715427908562 0.2333945130957989 0.241919259898063 -0.1601122370866936 0.2411212766757415 0.293805381128702 -0.08797309808218566 0.04445859184037287 -0.1380170970163607 -0.4293796926537662 0.3693520970573671 -0.2766214023876014 -0.2921524486871001 0.4096627375958949
 -0.3430315101421466 0.06647176631938159 0.2332662945314759 0.2641343681252742 0.2079141650878147 0.1836286092116032 0.166741569724732 -0.2992679993581018 -0.1611934985356128 -0.3089195376620155 -0.01164174071754402 0.1011899409148681 -0.2551018113368089 -0.1188149290772004 -0.06229216018531394
 -0.08614423907282007 -0.01219558403289705 0.1007879365339164 -0.08238219069890933 -0.006537268251708644 -0.07349111954233863 -0.2410194488781541 -0.04267458278787735 0.04048635608183697 0.08022616360919561 0.08684832186179788 -0.1953939543374808 0.1221563162897252 0.00847248657566735 -0.3155536335267837


# name: iter
# type: scalar
46


# name: c
# type: matrix
# rows: 1
# columns: 15
 0.6548999640542181 0.5120589941115091 0.2574749116778605 0.4576234490897164 0.7042877054991247 0.3338226754823983 0.1476310558192459 0.4791296665621969 0.4308588025800957 0.2201368722483596 0.6006397449100279 0.1274028885575025 0.4576044753592111 0.6329709415037607 0.133419076301196


# name: mean_corr
# type: matrix
# rows: 3
# columns: 1
 -0.1040860570423117
 -0.1238575932647883
 0.409997414917095


# name: mean_error
# type: matrix
# rows: 3
# columns: 1
 1.463347132328217
 1.4548799034667
 1.248343778972045


# name: iter_improve
# type: matrix
# rows: 3
# columns: 1
 1
 31
 46


# name: optim_start
# type: scalar
46


# name: optim_steps
# type: scalar
3


# name: VPVP_params
# type: scalar struct
# ndims: 2
 1 1
# length: 8
# name: lambda
# type: scalar
300000000


# name: downsample
# type: scalar
10


# name: MaxIter_X
# type: scalar
200


# name: MaxIter
# type: scalar
50


# name: optTol_X
# type: scalar
1e-06


# name: progTol_X
# type: scalar
1e-10


# name: optTol_aW
# type: scalar
0.0001


# name: progTol_aW
# type: scalar
1e-07




