# Created by Octave 3.8.1, Thu Nov 30 15:25:19 2017 ART <gabrevaya@ws15.labo7>
# name: y_start
# type: matrix
# rows: 15
# columns: 1
 -0.0003473342271491065
 -5.381362138844172e-05
 -0.0001214319193557287
 2.862739776797294e-05
 -3.411351753570862e-05
 -3.672860802120549e-05
 6.33693529764418e-06
 5.561781593543061e-05
 0.0001037720504253826
 -0.000273110001780257
 -8.024665233419214e-06
 -2.89492828363872e-05
 -1.600845667206986e-05
 2.953598824443306e-06
 -0.000236786853051494


# name: alphas
# type: cell
# rows: 1
# columns: 3
# name: <cell-element>
# type: matrix
# rows: 15
# columns: 1
 2.990697567638983
 -3.693705521686269
 -0.1063884180398425
 1.56355077655977
 1.643802727370866
 1.250456110797761
 -0.8444347151089254
 -0.1304943625084444
 1.088569905251991
 1.719333142554086
 0.8575694495015218
 -1.232972536214463
 0.3629405094045386
 0.4851518092797201
 0.3964453554119446



# name: <cell-element>
# type: matrix
# rows: 15
# columns: 1
 1.375869383759025
 2.409731762249563
 0.8965555675941533
 1.421678540530199
 0.3076146996359652
 1.29796043040315
 1.393784412596791
 0.6464286396947556
 1.588306128872443
 1.029743377565294
 0.4361047374675165
 0.9517299951051857
 1.37820461640021
 0.612690429315388
 0.9048995327613693



# name: <cell-element>
# type: matrix
# rows: 15
# columns: 1
 10.52353378089607
 10.8488800444979
 10.87502550188158
 11.3456283400494
 11.04708520038529
 11.68822335642057
 12.87883297212985
 11.54725354139342
 12.22118703076972
 11.08530870926086
 11.87412476835994
 11.10218527294378
 11.62855641572016
 11.16377938375804
 11.55916901497309





# name: W
# type: matrix
# rows: 15
# columns: 15
 -0.3476149794496155 0.1279080579810623 0.1333055640136199 0.3710451474098301 -0.1632057945105276 0.3595496453808577 0.3839998490475532 -0.6368814381177436 0.00390422360114867 -0.2134332220580654 -0.850628198595785 0.4597660989529379 -0.5090567966195028 -0.3627759788741297 0.6849805192323469
 -0.06660102605452928 -0.2325164385821443 0.2020971577850167 -0.1493834376190127 0.2278052205277246 -0.3121250991055697 -0.3069438108067482 0.7055412386672655 0.07603004447054744 0.08116705729034365 0.8164480371195448 -0.3711844651413975 0.5119759106133366 0.4277804851676806 -0.5849899607216063
 0.06168032022253025 -0.1218251247450204 -0.2301828892358563 -0.6081656178846366 0.1298075619433177 -0.2605133078481642 -0.4837513551920528 -0.1351032577920963 0.1560934244119482 0.137903138112314 0.1132859649228441 -0.2612544774657308 0.4240972246484961 0.05692183525752469 -0.02820335027610855
 0.2074278224620927 -0.08881885759016224 0.05122659471060986 -0.4195628203311293 0.02046277301074785 -0.2818641426138885 -0.007352275827408365 0.6102281932860385 0.2716692098600164 0.1714511555039308 0.3967596423815533 -0.1634412226806535 0.690100497635933 0.02307323081546412 -0.2859094293593655
 -0.6574822996781103 0.2617821704192944 -0.07441704670004105 0.1699171242033602 0.1079622433843348 0.379543176240021 0.260103492581657 -0.4920217172465619 -0.04191479899470183 -0.4360102066365997 0.02741561840304289 0.06396745347713392 -0.327908695583511 0.2408134932924445 -0.1622009224299084
 0.1680885997647832 -0.09702511366097169 -0.05325728723736124 -0.4307535101981355 0.2025864195391126 -0.3358550793241626 -0.1102612038287182 -0.01687773419039391 -0.1930797399134222 0.0532825800857172 0.2003624815125531 -0.1760232035838051 0.1022627009918509 0.2130841197574541 -0.2822464209429229
 -0.2287680003258547 0.02462362792748505 0.339984566181258 -0.3716449864833731 0.04054813115248321 -0.1372562918165736 -0.3774245477024753 0.2897400082977049 0.107440344774295 0.07619475294139438 0.4026280231088674 -0.2377961915476234 0.3385562393986696 0.2715087948546191 -0.08636156047103319
 0.3584948871599263 -1.025768220269164 -0.5307215114119018 -0.2991429194452435 0.796912789567352 -0.2656575408756883 -0.4528355090255294 -0.417833610132255 -0.6250817130372237 0.02661458784449713 0.4180876924638836 -0.5018783098600837 -0.09020382432916764 -0.1600748609073865 -1.186766990239929
 0.1701973125182106 -0.119990151600786 0.01068714446281576 -0.04311618572247904 -0.04114425879261181 0.02728949993769525 -0.1083213748118477 -0.4290914584779663 -0.1518882882952584 -0.08120357365393273 -0.2899641230586844 0.08908183947621821 -0.1674964676861103 -0.2579012689518071 -0.02778759604317608
 -0.1990375683578556 0.1360157261336106 0.2644016081866208 0.293587151411329 -0.003085945651507517 0.2029337107684011 0.2483626911989565 -0.1791236758108325 0.05884032166500657 -0.2622850030998828 -0.2386371163066798 0.3337332105104391 -0.1798240663109051 0.01397547571728062 0.6400626595803639
 -0.4869794412048957 0.2533665189083209 0.07083303870474275 0.09684171534422645 0.1303467964256965 0.3169372791603848 0.2891502076759694 -0.05267002408111224 -0.007260975645585251 -0.2628161275217833 -0.310757539382092 0.1137576854608311 -0.1024233315948946 0.09423168101904841 0.273128235205303
 -0.01926249207984219 -0.04820891123067111 0.125467699873548 -0.2300792934342076 -0.1446039071488976 -0.08782728360830269 -0.2908796868452976 0.03903953519604719 0.0009578664942934534 0.1564694615792047 0.3613488873108699 -0.3251500671443274 0.1289964300275466 0.2281311068049515 -0.1672590247021905
 0.1603487268292939 0.2037356541019151 0.2168133195135612 0.2184763428742056 -0.1516488145406602 0.1877101083806425 0.4075963051610804 -0.2185905428909641 0.1977727034192486 -0.03275871400805518 -0.6518892799474282 0.4870987911017361 -0.1791089285002392 -0.4593356750211151 0.6114257288957242
 -0.8118360695671305 0.1750902589497613 0.407076308389176 0.1245011105553458 0.2057709990314447 0.2281490001278241 0.2590005532217258 -0.2142905634672465 0.05492777755699961 -0.4828256129787387 0.217982090264509 0.05539982817858246 0.0275712945898921 0.1431602439962263 -0.1426186059554322
 -0.2569060848617067 0.112329083506211 0.436844478124815 -0.3904445076747763 -0.3378449438998025 -0.1646850673937857 -0.4053721860456966 -0.07615190742931582 0.0767222593187469 0.1318886840615803 0.1877114810789117 -0.3498706159421104 0.2658261974980503 0.0428268923548818 -0.4040842179563612


# name: iter
# type: scalar
300000


# name: c
# type: matrix
# rows: 1
# columns: 15
 NaN NaN NaN NaN NaN NaN NaN NaN NaN NaN NaN NaN NaN NaN NaN


