# Created by Octave 3.8.1, Sat Jan 06 20:41:42 2018 ART <gabrevaya@ws1.labo2>
# name: y_start
# type: matrix
# rows: 10
# columns: 1
 -0.3903426199003354
 0.1899408728504982
 1.21114700127861
 -1.278589691482566
 -0.6139619917043798
 -0.5817972362646303
 0.1408451153637484
 -0.7306663576488466
 -0.2214919440804603
 -0.2067225932341715


# name: alphas
# type: cell
# rows: 1
# columns: 3
# name: <cell-element>
# type: matrix
# rows: 10
# columns: 1
 0.2673320048050112
 0.6703681782638815
 0.4240492882262927
 0.6274281418079432
 0.7232874952223294
 0.7355223148430988
 0.2367795711024658
 0.5280976487779062
 0.481764013923027
 0.7037393783385809



# name: <cell-element>
# type: matrix
# rows: 10
# columns: 1
 1.399256269284104
 1.025447845061692
 0.7352247023165991
 0.9743795566886958
 0.9584872768291213
 0.9869377308969098
 0.7653331069562668
 1.434818645051986
 1.328265109415613
 1.398728540095481



# name: <cell-element>
# type: matrix
# rows: 10
# columns: 1
 11.84528641727669
 11.28548366847426
 11.51461112511767
 11.2151799621043
 11.45232370247146
 11.23208221759903
 11.30026871394829
 11.1214969229927
 11.49140612232776
 11.40257290121991





# name: W
# type: matrix
# rows: 10
# columns: 10
 -0.00364412947289174 0.08829289312458465 0.09357500458751228 -0.2231683270567692 -0.1746580106886757 -0.04133298950090981 -0.1225645769892717 -0.04034069259960418 -0.02442731867932516 -0.01502347583126686
 0.01814381941295206 0.01738260127912122 -0.06884069616486868 -0.01496043192127798 -0.04006792627539736 -0.007472957996305935 0.08860710128379375 0.09727737636898431 0.117224077182897 -0.03894382594030818
 -0.05794252406408538 -0.09101388470813195 -0.1230796541393649 0.2338496655110908 0.1372607955270768 0.01979417827624949 0.06416883455529093 0.05586408534462108 0.02020642596932768 0.03804451133708105
 -0.06435379568013815 -0.02898310381525293 0.2616758037732611 0.01825076258368747 0.1104908647159299 0.04895065084347394 -0.1212157376920891 0.02177211080171124 0.05404396182378389 0.04684851708374922
 0.07572125796367102 -0.06971676733809055 0.07122893542559317 0.06862252924257253 0.127242163365497 0.02563149063799706 0.0643145332663462 -0.01399902576938837 -0.06986252894107479 -0.1746134937795154
 0.0530104703802298 0.01635140007920886 -0.04442856388601055 -0.03875021872395201 -0.04248791985391636 -0.08668848588563162 0.03993369441304378 0.09168207893490138 0.07924905399710355 -0.1039317213804444
 -0.02418180959977203 0.00526931671432137 0.03236615619776886 -0.0003455782707328755 0.02479554122562879 0.01621204669198587 -0.02920879097060078 -0.07981218498884539 -0.07040440171541841 0.06809530862289538
 -0.1199587468206919 -0.05435473196391163 0.1880970286044499 0.09571225657789929 0.1707076160929163 0.06818416294340386 -0.0764367906533292 -0.2650694576050561 -0.1544976120462022 0.2702354730170443
 -0.08028848370033199 0.07019830409158541 0.03107173321351409 -0.1171000473707794 -0.0341701323956964 0.05626000793670435 -0.0398379360696288 -0.1366832232834033 -0.06826987756658577 0.1712735155528981
 0.1789481703783194 0.03492282341055387 -0.09627767224476769 -0.09338768696545824 -0.1049931137113594 -0.05077542096390112 0.0245737886704108 0.1775753874631377 0.09491524675840456 -0.2878772493100583


# name: iter
# type: scalar
738


# name: c
# type: matrix
# rows: 1
# columns: 10
 0.4190346497068174 0.4415716951049953 0.3538415486414766 0.4755986421709141 0.6353910223518249 0.2770295924820019 0.4785721075551577 -0.1100596284650644 0.326481748837152 0.2192200457595777


# name: mean_corr
# type: matrix
# rows: 12
# columns: 1
 0.0006541322154823356
 -0.0121576652226919
 0.02958468314006543
 0.03236393522346907
 0.05408758653926263
 0.06287599820709139
 0.07030441886011407
 0.07483980281617034
 0.08971189019577755
 0.09001337423916103
 0.09013191165340778
 0.3516681424144854


# name: mean_error
# type: matrix
# rows: 12
# columns: 1
 1.438963459237304
 1.456820684679015
 1.427733798223704
 1.423417917745154
 1.409114719799055
 1.399975180637217
 1.388343867538102
 1.38470077896092
 1.384094895518523
 1.384576957403594
 1.382807359600281
 1.270485099382547


# name: iter_improve
# type: matrix
# rows: 12
# columns: 1
 1
 31
 33
 113
 115
 147
 170
 175
 180
 226
 624
 738


# name: optim_start
# type: scalar
738


# name: optim_steps
# type: scalar
12


# name: VPVP_params
# type: scalar struct
# ndims: 2
 1 1
# length: 8
# name: lambda
# type: scalar
300000000


# name: downsample
# type: scalar
10


# name: MaxIter_X
# type: scalar
200


# name: MaxIter
# type: scalar
50


# name: optTol_X
# type: scalar
1e-06


# name: progTol_X
# type: scalar
1e-10


# name: optTol_aW
# type: scalar
0.0001


# name: progTol_aW
# type: scalar
1e-07




