# Created by Octave 3.8.1, Sat Jan 06 20:39:07 2018 ART <gabrevaya@ws1.labo2>
# name: y_start
# type: matrix
# rows: 10
# columns: 1
 -0.3903426377743379
 0.1899408796233598
 1.211147022726377
 -1.278589667534733
 -0.6139619719480471
 -0.5817972312026074
 0.1408451210328627
 -0.7306663512343823
 -0.2214919381466622
 -0.2067225873891979


# name: alphas
# type: cell
# rows: 1
# columns: 3
# name: <cell-element>
# type: matrix
# rows: 10
# columns: 1
 0.2762581757931993
 0.666592415517766
 0.379183917170915
 0.6622251780773234
 0.6876235880249556
 0.796349735252323
 0.259562648886276
 0.5919165942163066
 0.5234773407082651
 0.7057700493210889



# name: <cell-element>
# type: matrix
# rows: 10
# columns: 1
 1.224456474032975
 1.040177368128254
 0.8263433757191665
 1.014764269954927
 1.028003574943508
 1.069163674015562
 0.8789422582096772
 1.381605212464956
 1.153071772998903
 1.329033293437307



# name: <cell-element>
# type: matrix
# rows: 10
# columns: 1
 11.82243739562505
 11.28925304218718
 11.52510219423674
 11.22184525924844
 11.457674622366
 11.23955616922374
 11.31164048762465
 11.11481604130975
 11.47098128809501
 11.3931749624446





# name: W
# type: matrix
# rows: 10
# columns: 10
 0 0 0 0 0 0 0 0 0 0
 0 0 0 0 0 0 0 0 0 0
 0 0 0 0 0 0 0 0 0 0
 0 0 0 0 0 0 0 0 0 0
 0 0 0 0 0 0 0 0 0 0
 0 0 0 0 0 0 0 0 0 0
 0 0 0 0 0 0 0 0 0 0
 0 0 0 0 0 0 0 0 0 0
 0 0 0 0 0 0 0 0 0 0
 0 0 0 0 0 0 0 0 0 0


# name: iter
# type: scalar
738


# name: c
# type: matrix
# rows: 1
# columns: 10
 0.007144398984721968 0.08501220585975541 -0.0357048627837285 0.3038169752178072 0.4680987257584603 0.03527324529272315 0.02831757852218885 -0.0972108502528163 -0.01349857727426794 0.121220958113641


# name: mean_corr
# type: matrix
# rows: 11
# columns: 1
 0.0006541322154823356
 -0.0121576652226919
 0.02958468314006543
 0.03236393522346907
 0.05408758653926263
 0.06287599820709139
 0.07030441886011407
 0.07483980281617034
 0.08971189019577755
 0.09001337423916103
 0.09013191165340778


# name: mean_error
# type: matrix
# rows: 11
# columns: 1
 1.438963459237304
 1.456820684679015
 1.427733798223704
 1.423417917745154
 1.409114719799055
 1.399975180637217
 1.388343867538102
 1.38470077896092
 1.384094895518523
 1.384576957403594
 1.382807359600281


# name: iter_improve
# type: matrix
# rows: 11
# columns: 1
 1
 31
 33
 113
 115
 147
 170
 175
 180
 226
 624


# name: optim_start
# type: scalar
738


# name: optim_steps
# type: matrix
# rows: 0
# columns: 0


# name: VPVP_params
# type: scalar struct
# ndims: 2
 1 1
# length: 8
# name: lambda
# type: scalar
300000000


# name: downsample
# type: scalar
10


# name: MaxIter_X
# type: scalar
200


# name: MaxIter
# type: scalar
50


# name: optTol_X
# type: scalar
1e-06


# name: progTol_X
# type: scalar
1e-10


# name: optTol_aW
# type: scalar
0.0001


# name: progTol_aW
# type: scalar
1e-07




