# Created by Octave 3.8.1, Tue Nov 28 20:06:23 2017 ART <gabrevaya@ws7.labo2>
# name: y_start
# type: matrix
# rows: 15
# columns: 1
 -0.1118456525386065
 0.7507484568465177
 2.015620428323219
 0.2523816280822433
 0.8228351039497137
 0.1217693439848156
 -0.2564785662920212
 -0.5067932165684013
 0.6659584640262255
 -0.09220552219395373
 -0.4297177842850453
 1.003379693780226
 0.6604053642755647
 -1.538558788770652
 1.509599533927399


# name: alphas
# type: cell
# rows: 1
# columns: 3
# name: <cell-element>
# type: matrix
# rows: 15
# columns: 1
 0.8175676490639577
 0.3681752342504072
 0.9028080253537991
 0.4430026476322561
 0.8106767260853552
 1.100696207485647
 0.9641375796459203
 0.7377169265912845
 0.460057017905077
 0.6542217979200279
 0.4073698453293612
 0.6381075170668151
 0.1753149871351971
 0.6530486459209642
 0.6446072261914897



# name: <cell-element>
# type: matrix
# rows: 15
# columns: 1
 1.20734063421609
 1.208790922591475
 0.9894372815105409
 1.19713099450911
 1.284785315093858
 1.271393179790525
 0.7056657439347653
 1.129205504555933
 1.022622177240488
 1.392815623781171
 1.330333628910165
 1.020749645887307
 1.213016153414592
 1.044546984353021
 1.38190212834452



# name: <cell-element>
# type: matrix
# rows: 15
# columns: 1
 11.45432765489162
 10.86482842933267
 11.04618093017858
 11.21023545736418
 11.34673765702178
 11.04040164611928
 11.13867442548679
 11.13228708229091
 11.52696447576806
 11.36516184478049
 11.38682817360524
 11.56100482879932
 10.90949828824953
 11.59047103990122
 11.30017352155147





# name: W
# type: matrix
# rows: 15
# columns: 15
 0 0 0 0 0 0 0 0 0 0 0 0 0 0 0
 0 0 0 0 0 0 0 0 0 0 0 0 0 0 0
 0 0 0 0 0 0 0 0 0 0 0 0 0 0 0
 0 0 0 0 0 0 0 0 0 0 0 0 0 0 0
 0 0 0 0 0 0 0 0 0 0 0 0 0 0 0
 0 0 0 0 0 0 0 0 0 0 0 0 0 0 0
 0 0 0 0 0 0 0 0 0 0 0 0 0 0 0
 0 0 0 0 0 0 0 0 0 0 0 0 0 0 0
 0 0 0 0 0 0 0 0 0 0 0 0 0 0 0
 0 0 0 0 0 0 0 0 0 0 0 0 0 0 0
 0 0 0 0 0 0 0 0 0 0 0 0 0 0 0
 0 0 0 0 0 0 0 0 0 0 0 0 0 0 0
 0 0 0 0 0 0 0 0 0 0 0 0 0 0 0
 0 0 0 0 0 0 0 0 0 0 0 0 0 0 0
 0 0 0 0 0 0 0 0 0 0 0 0 0 0 0


# name: iter
# type: scalar
353


# name: c
# type: matrix
# rows: 1
# columns: 15
 -0.08282696089448681 -0.06788109351270055 0.1869598370819982 0.1930555069254807 0.03215853277988491 0.3084102842134158 -0.05220191829351096 -0.3428860914693545 0.2135421875954765 0.03328286898386169 -0.09963881940940482 0.1106619480783626 0.1420731744208694 0.1942403395694555 0.1506332250386773


# name: mean_corr
# type: matrix
# rows: 18
# columns: 1
 -0.06248008451882684
 -0.04824312253218802
 -0.04809653920873228
 -0.07214216149714761
 -0.009908497635711054
 -0.05429839527617085
 -0.04345095682480348
 -0.02741963718727657
 -0.02737050277464875
 0.05168762301623919
 0.05508442197058047
 0.05544498857124007
 0.05956930514429942
 0.06369438187018531
 0.06530940765023335
 0.06801713838713022
 0.06895417843475513
 0.08491802915508892


# name: mean_error
# type: matrix
# rows: 18
# columns: 1
 1.445757398352522
 1.437505382666082
 1.437371896789247
 1.422692818248678
 1.4256781685143
 1.421546327069459
 1.410446675006355
 1.411343241456859
 1.411169096460566
 1.369777632689791
 1.36604522719747
 1.365926465678591
 1.364116329368293
 1.363751881412924
 1.360163636378307
 1.357884972652569
 1.357253607868249
 1.346554915184136


# name: iter_improve
# type: matrix
# rows: 18
# columns: 1
 1
 10
 15
 31
 62
 124
 132
 135
 138
 155
 171
 173
 180
 182
 191
 208
 294
 298


# name: optim_start
# type: scalar
353


# name: optim_steps
# type: matrix
# rows: 0
# columns: 0


# name: VPVP_params
# type: scalar struct
# ndims: 2
 1 1
# length: 8
# name: lambda
# type: scalar
300000000


# name: downsample
# type: scalar
10


# name: MaxIter_X
# type: scalar
200


# name: MaxIter
# type: scalar
50


# name: optTol_X
# type: scalar
1e-06


# name: progTol_X
# type: scalar
1e-10


# name: optTol_aW
# type: scalar
0.0001


# name: progTol_aW
# type: scalar
1e-07




