# Created by Octave 3.8.1, Tue Nov 28 20:11:58 2017 ART <gabrevaya@ws7.labo2>
# name: y_start
# type: matrix
# rows: 15
# columns: 1
 -0.1118456408084245
 0.7507484311049571
 2.01562042139083
 0.2523816306385582
 0.8228350975132308
 0.121769348160644
 -0.2564785705078613
 -0.5067932109439772
 0.6659584626755459
 -0.09220552697839794
 -0.4297177925659346
 1.003379697208925
 0.6604053582294496
 -1.538558807800928
 1.509599540848055


# name: alphas
# type: cell
# rows: 1
# columns: 3
# name: <cell-element>
# type: matrix
# rows: 15
# columns: 1
 0.7501489659070719
 0.315559882357039
 0.7867616567544452
 0.3896978703011775
 0.6748955425789624
 0.993579320963374
 0.8710015643853136
 0.7152249989852801
 0.4301307150923515
 0.5774346910440936
 0.3706777927607
 0.508076466635328
 0.1855005737394086
 0.6299691711903285
 0.6511070598914183



# name: <cell-element>
# type: matrix
# rows: 15
# columns: 1
 1.389252708708836
 1.292515513728777
 1.022929989247408
 1.353982274797857
 0.9624011426949104
 1.326741155809568
 0.7189721955851355
 1.088993650972919
 1.024524128915793
 1.375762354771667
 1.307261304403726
 1.090131073258171
 1.240257351299415
 0.7386179865425235
 1.429543502018004



# name: <cell-element>
# type: matrix
# rows: 15
# columns: 1
 11.47547966587698
 10.87912065403226
 11.0579603152465
 11.22802337984825
 11.31781592497664
 11.0458343939928
 11.13861717326364
 11.12417393550734
 11.5280008790647
 11.36271866486384
 11.38333553084324
 11.56663104596302
 10.91385274282593
 11.56037406236661
 11.30431786002253





# name: W
# type: matrix
# rows: 15
# columns: 15
 -0.1183552281244703 0.02500767393078446 0.2315506491743787 0.0305768203274565 -0.09957111865035766 0.04624389851134301 -0.00806051688921091 -0.1719913986103877 0.02992613724931059 -0.01857105753362546 -0.07622089665935394 0.05886551883745269 -0.03790133877967593 -0.1113725992939022 0.119496935571348
 0.1239162936604765 -0.06386349023599477 -0.3848167689807711 -0.1649062060108647 0.06438611400584252 -0.167329821435373 -0.05103739670355756 0.0807509000796983 -0.05404506710502566 0.1107838788628075 0.2008709458616792 -0.2404064733234814 0.112514304858109 0.1753129640681734 -0.3311350359706863
 -0.1197556245098243 -0.03170019058014405 -0.2175089450735529 0.02101951058962135 -0.04311671803223004 -0.01603321353850223 -0.07902372071388322 -0.02881160909250934 -0.01611163446619273 -0.03469202414620596 -0.01161003080469091 -0.08931261047222935 -0.04353422557764246 0.08061852822164059 0.07018219156702402
 0.03119228920877795 0.1078340077256731 -0.08793283304345624 -0.1236690290964698 -0.02053267013675912 -0.2578723516944505 0.08276478614054192 0.0227383967535499 0.04538255189059445 0.0185928580438816 0.1201743704187656 -0.05887140698340371 0.1693911104935456 -0.02782530516940092 -0.1202257280964798
 -0.1444699402571102 0.1827792447907307 -0.2319299883605164 0.1136108449809709 -0.1524200833391537 -0.03467241110812561 0.09675729522268085 0.1097130496292157 -0.01713167421426886 -0.1211349036889144 -0.09287827740827985 0.0258291568945642 -0.04266220971934753 0.07380908926633488 0.1770053664008629
 0.07022290026915486 0.04422231018519906 -0.02884702222241239 -0.0788057200156327 -0.002372706602807289 -0.2072866911738851 -0.04786172944237744 -0.02626152761462755 -0.0009971752704964454 0.04176812320155641 0.1078421230153053 -0.08248957511871324 0.07865275403278889 0.03048630591724685 -0.1599172418840626
 0.08521677592428302 -0.03289036916313548 -0.07817423941806026 -0.1154623770207489 0.01177068135337219 -0.08887967758670269 -0.3307011156660365 0.02050797396680332 -0.02183677639378064 0.06350451923181852 0.1073389688856241 -0.1139488846394875 0.06245760754078519 0.02218346347969112 -0.194215409516614
 0.02613053122267448 0.1269146247279384 -0.08958256665231655 0.08822290243473178 0.1402733967258316 0.09240033815081947 0.1056143026319411 -0.03026018667250308 0.06219463928278531 0.08364203970964822 0.01444154003930155 0.1432178998712102 0.007668677172808829 -0.09922154498026049 -0.07621505560053789
 -0.005479407778938609 0.04513499527447971 -0.05627341175633793 -0.007603280974057422 -0.06427323912914883 -0.03164046805951218 -0.1490106142533447 -0.0001830217337185545 -0.03258101474419165 -0.02873026191812775 -0.01015809388515019 -0.04167650596712068 -0.003752452075781866 -0.00954671857024271 -0.01793681034408995
 -0.1068939837722772 0.01730519362062267 0.119996601986951 0.04848404257229592 -0.1024381031768761 0.02180817421968667 -0.09223833106436012 -0.05418764669909502 0.02645581715915847 -0.1245452231497562 -0.1215559427271005 0.06578714507418046 -0.03654533190008686 -0.06305732901947383 0.1846124653693807
 -0.0272051310554468 0.231652242405484 -0.08935549844733776 0.2082481750868682 0.004445474321384515 0.06632032442508316 0.2045390493945348 0.1882504354860799 0.03902422589722039 -0.1249418129747797 -0.1753547948081532 0.207496068147664 -0.04774527321180917 -0.0360295124596197 0.1661998702816749
 -0.04792542341820009 -0.0885438862191367 -0.07110387991720839 -0.155988727533429 -0.08434896378583119 -0.06826176676029726 0.006046313212772531 -0.1966155642665635 -0.07144477394271477 -0.0009184006995346394 0.0691423518195412 -0.2955728861982297 0.005405878383876793 0.1310101385180688 -0.09584960285027282
 -0.03895107786624063 0.1312521352185308 0.07616644896769136 0.07424908028198775 -0.05533179959779013 -0.03443544728133439 -0.06925840029299256 0.03013320206033478 0.06590969053924271 -0.03991193243317039 -0.06873935247327287 0.1559806413210668 0.009431733611600119 -0.151948782809084 0.09531012443964963
 -0.03492693264877659 0.2192263654571838 -0.003847493488278189 0.02265316611394238 -0.008919420956039216 -0.1125413983688166 0.5485779776144797 -0.02727010637316702 -0.01133179590594287 -0.04929309949092944 0.03092194149888438 -0.0183900081461289 0.03509526926165826 -0.03130883429140274 -0.02491394583119014
 0.08505449563876563 -0.1088527317851521 0.1134045283029988 -0.1842589514144841 -0.03063948030059219 -0.08017131247098139 -0.0837971424901702 -0.156446625895104 -0.02703852868017473 0.07827029318324545 0.1282180570757691 -0.1633326007916216 0.0584393248766218 -0.00845084765338335 -0.2432583381529985


# name: iter
# type: scalar
353


# name: c
# type: matrix
# rows: 1
# columns: 15
 0.462185724884051 0.3755154997096652 0.2127485484923471 0.4672125669431416 0.5024651150508748 0.4043419728998485 0.04206060955449639 0.6328236528950335 0.3143069967536193 0.1920550551720022 0.09377116050999652 0.1070378691296952 0.3880106656560596 0.6431837662508667 0.282050746957312


# name: mean_corr
# type: matrix
# rows: 19
# columns: 1
 -0.06248008451882684
 -0.04824312253218802
 -0.04809653920873228
 -0.07214216149714761
 -0.009908497635711054
 -0.05429839527617085
 -0.04345095682480348
 -0.02741963718727657
 -0.02737050277464875
 0.05168762301623919
 0.05508442197058047
 0.05544498857124007
 0.05956930514429942
 0.06369438187018531
 0.06530940765023335
 0.06801713838713022
 0.06895417843475513
 0.08491802915508892
 0.341317996723934


# name: mean_error
# type: matrix
# rows: 19
# columns: 1
 1.445757398352522
 1.437505382666082
 1.437371896789247
 1.422692818248678
 1.4256781685143
 1.421546327069459
 1.410446675006355
 1.411343241456859
 1.411169096460566
 1.369777632689791
 1.36604522719747
 1.365926465678591
 1.364116329368293
 1.363751881412924
 1.360163636378307
 1.357884972652569
 1.357253607868249
 1.346554915184136
 1.303643282684615


# name: iter_improve
# type: matrix
# rows: 19
# columns: 1
 1
 10
 15
 31
 62
 124
 132
 135
 138
 155
 171
 173
 180
 182
 191
 208
 294
 298
 353


# name: optim_start
# type: scalar
353


# name: optim_steps
# type: scalar
19


# name: VPVP_params
# type: scalar struct
# ndims: 2
 1 1
# length: 8
# name: lambda
# type: scalar
300000000


# name: downsample
# type: scalar
10


# name: MaxIter_X
# type: scalar
200


# name: MaxIter
# type: scalar
50


# name: optTol_X
# type: scalar
1e-06


# name: progTol_X
# type: scalar
1e-10


# name: optTol_aW
# type: scalar
0.0001


