# Created by Octave 3.8.1, Tue Nov 28 20:13:47 2017 ART <gabrevaya@ws13.labo2>
# name: y_start
# type: matrix
# rows: 15
# columns: 1
 -0.4591316795050244
 -0.5596002156230443
 -0.6559810169802182
 1.360079141297995
 -1.0879435480325
 1.478865990676097
 0.5900398214937715
 0.9159265467406354
 2.501520885235045
 -1.548498068430324
 -0.3939403566486339
 0.1184651278612951
 0.01745122777152385
 -1.33331024914395
 -0.8084211302926125


# name: alphas
# type: cell
# rows: 1
# columns: 3
# name: <cell-element>
# type: matrix
# rows: 15
# columns: 1
 0.5918508049002273
 0.5884010558839033
 -0.06040143720067618
 0.3709034675008892
 0.6409603567871421
 0.4927716452292986
 0.3129136686524029
 0.7299009077450163
 0.4521873000747837
 0.6622789041303003
 0.5272364467474759
 0.4783094503476411
 0.5784648413640627
 0.5395118203993291
 0.546303912452482



# name: <cell-element>
# type: matrix
# rows: 15
# columns: 1
 0.7750332161717208
 0.750725850786087
 1.258338981490142
 0.7568571400296074
 0.8032783723889836
 0.8957812199549368
 0.9845292042488335
 1.26126404273906
 1.063549014428599
 0.812573521297184
 0.6097567014488554
 1.01855820745801
 0.809659352137224
 0.7576865787398054
 0.88049338548404



# name: <cell-element>
# type: matrix
# rows: 15
# columns: 1
 11.44796662974887
 11.70297047962871
 11.56312647114009
 11.39595246521145
 11.47891297732107
 11.42136886423924
 11.34827058116834
 11.02037567176965
 11.27876416816538
 11.48161910467293
 11.10277676416952
 11.24251480970929
 11.68385401080519
 11.51890918077699
 11.33571236437739





# name: W
# type: matrix
# rows: 15
# columns: 15
 -0.0144810162497499 0.08121273304830906 -0.01934901810803053 0.03830803247206763 -0.02367276098150096 0.06885946469153426 0.1087972250358625 -0.01444904743256843 -0.01913851033045495 -0.02395493111426098 -0.126106755984637 0.1127872336245713 -0.05951916092825494 -0.02799403276971634 0.1239913117933939
 -0.07145974745380886 -0.2378928047357312 -0.06293153416731907 0.06675162765201338 0.1425689888757979 -0.03344727238697386 -0.1680909526935566 0.1720725508867516 0.08291929195266008 0.01195350483739366 0.3261317575097453 -0.2064798166809546 0.1286460200465443 0.1170443663045612 -0.4151038167382841
 0.0166190648604715 -0.09278239049674915 0.07110526427773893 -0.04262754037730346 -0.07097240302118672 3.442145350370079e-05 -0.09462233535545406 -0.1937093577261138 -0.02564190563102244 -0.0199648433519823 -0.006835164300351527 -0.07856475071861986 -0.01723105672733218 0.002846396184801129 -0.009402798796428847
 0.0118466237666861 0.06563824920441254 0.03489152729022995 -0.09188728585941806 0.1787423309216819 -0.09916363903790121 -0.04363640868005488 0.003233651651578438 -0.1326612718232254 0.1498768613810999 0.1608867587917537 -0.0926166455983172 0.1081751685307471 0.1153735578775339 -0.2097944834583414
 -0.1433280981479357 0.1198109689950349 -0.0008436177614825478 0.2012999692906697 0.02388175945293298 0.04590147363702304 0.05500624698751053 0.111237107503726 0.04621985774609583 -0.08370661333050512 0.04221680036092122 -0.01927604827651423 0.01468037830518752 0.01442625756011972 -0.101711794953171
 0.08122740247358194 -0.02654902179700308 0.05015557899533313 -0.1655378710417353 0.05333785801879276 -0.1162151538064059 -0.1061226512510238 -0.1035738163023328 -0.1348909542094828 0.09236248613751441 0.1079747713234191 -0.08542902306971493 0.0373689919444336 0.0894598648130682 -0.1197388113403244
 0.08002428523708505 -0.1580375579832472 0.008765112055600825 -0.1351119060485746 0.05645302255549196 -0.08417698275073911 -0.1839472071673304 0.0309890911062249 0.008433173100177039 0.1256976003143637 0.1804848477117786 -0.2054054510092068 0.1422529082271578 0.05442679937621819 -0.267882414168184
 0.09752021295264109 0.03436559114159114 -0.04695894397337266 -0.07003701894905819 0.06753455336743461 -0.05051155282076732 0.07408538297253085 0.1333763577707574 0.02795985791105302 0.1777819051488767 0.001925937628898759 0.0342824727649292 0.1437371484249396 -0.02664244275050974 -0.03651737172554143
 0.1256407501163107 0.06584376993550099 0.04733696590988437 -0.1772726881138925 0.1010070670352768 -0.1048446248306873 0.01149632781726296 -0.04844302045442683 -0.1654062214674641 0.1863971589929964 0.05181071675402641 0.00445516239938916 0.07673085756867858 0.06310817566146094 -0.02553456651045289
 -0.04903075065815596 0.00879712983054857 -0.01329853292077377 0.06730602043836731 -0.0544469242860515 0.04918642925228919 0.02205994376998212 -0.001648376022898377 0.03444002420658339 -0.1180487594760095 -0.0586398864954198 0.03432016899333117 -0.07891472088952721 -0.02177752737041673 0.05526034294091133
 -0.1471110461615938 0.1592034839860379 -0.02191377434657308 0.2158560669968987 0.0233784623838899 0.0639176368564608 0.18381751554679 0.1154850584374928 0.01202686472371803 -0.1155887617215916 -0.1628813782013229 0.1829318594938797 -0.102164651796867 -0.02720932124190457 0.2092447501725719
 -0.0009224613922623618 -0.1133419597965015 0.03590900199576323 -0.02980060417817613 0.02249845546401254 -0.006202855198164305 -0.1715749709475098 -0.08452791913610384 -0.0276705179972413 -0.002897318159987791 0.1290344867929618 -0.2134138381937043 0.04698176010331925 0.05767080452740454 -0.2445825838539392
 -0.009024304754348785 0.1118472024390293 -0.04357466937677464 0.0574596568717041 0.02018384117204455 0.02396122177165983 0.1595242383656963 0.1326637768377787 0.01327854918355826 0.001356690346850202 -0.09648660025233972 0.155488925818397 -0.03526120911789234 -0.03027221837921669 0.1729638881196577
 -0.2107225522852017 0.1184374597430606 0.02009123543156261 0.3027688851818334 0.07971507896876272 0.04513082080916193 0.07784453032652791 0.1514635781169797 0.07230607115225633 -0.1516814271142515 0.05711198898482241 0.02504461870465198 -0.004392261571803663 -0.02100237929098742 -0.04716547472730086
 0.08007208511118685 -0.1075251919558119 0.0783687875460496 -0.1184307577256914 0.03577503214919715 -0.05153604380625586 -0.1814456739121768 -0.1405925104854931 -0.03011788539192611 0.1077896757373593 0.1196039552833861 -0.2414676177540802 0.1513504900476832 0.03517279217174321 -0.3614435520652088


# name: iter
# type: scalar
725


# name: c
# type: matrix
# rows: 1
# columns: 15
 0.3826670171647991 0.5349805950747377 0.4891480010542871 0.4678878513510695 0.5572621307864716 0.3219937476587332 0.2246856365603619 0.7236612700223478 0.2643723996514074 0.5365394121994546 0.5098825504034546 0.1055629905511085 0.4390112741881268 0.5643521131638173 0.1788156285900465


# name: mean_corr
# type: matrix
# rows: 18
# columns: 1
 -0.06624979229115478
 -0.03745769776420065
 -0.03424138180192968
 0.02958288753616768
 0.04132965310476446
 0.05389300482239311
 0.06292413795762934
 0.06445207666446559
 0.06924273575593481
 0.08008334441228789
 0.08155332518196122
 0.08549345965538592
 0.08661389106527645
 0.114109134589805
 0.114486114017135
 0.1143714864784229
 0.1154577455214786
 0.420054841228015


# name: mean_error
# type: matrix
# rows: 18
# columns: 1
 1.46419933216754
 1.433830442640762
 1.431456293415799
 1.389345116415267
 1.385705982256102
 1.377335411628022
 1.378018079933898
 1.377259128245904
 1.378726151907845
 1.37227526923921
 1.372131095074967
 1.369724437521185
 1.368724547923423
 1.360701380414227
 1.362289069636599
 1.359388040321652
 1.358684837334244
 1.243991115080374


# name: iter_improve
# type: matrix
# rows: 18
# columns: 1
 1
 31
 51
 62
 79
 89
 95
 99
 103
 130
 151
 234
 297
 329
 492
 634
 635
 725


# name: optim_start
# type: scalar
725


# name: optim_steps
# type: scalar
18


# name: VPVP_params
# type: scalar struct
# ndims: 2
 1 1
# length: 8
# name: lambda
# type: scalar
300000000


# name: downsample
# type: scalar
10


# name: MaxIter_X
# type: scalar
200


# name: MaxIter
# type: scalar
50


# name: optTol_X
# type: scalar
1e-06


# name: progTol_X
# type: scalar
1e-10


# name: optTol_aW
# type: scalar
0.0001


# name: progTol_aW
# type: scalar
1e-07




