# Created by Octave 4.0.0, Sat Jan 06 20:49:52 2018 ART <gabrevaya@ws9.labo5>
# name: y_start
# type: matrix
# rows: 10
# columns: 1
 0.2164033623636919
 -2.003836714782466
 -0.4247566577049474
 0.3670581841561684
 -0.009798801386422182
 0.9717072649361373
 0.2714699123484986
 0.9936812528470029
 1.23342260666039
 0.4556397414016105


# name: alphas
# type: cell
# rows: 1
# columns: 3
# name: <cell-element>
# type: matrix
# rows: 10
# columns: 1
 0.2933739495979604
 0.8409154899410587
 0.5454051297060308
 0.5599560854711156
 0.6887924974295043
 0.8741112399322509
 0.5274123017792063
 0.3052084184136161
 0.6473487227240317
 0.8579793754550704



# name: <cell-element>
# type: matrix
# rows: 10
# columns: 1
 1.479330120895636
 0.7864472001165905
 1.149031829380412
 0.9254122828840334
 1.042246369433272
 0.6574520248494891
 0.809814314383602
 0.6077001041456599
 0.7582000587556015
 0.9589170029594662



# name: <cell-element>
# type: matrix
# rows: 10
# columns: 1
 11.35739559972406
 11.60182722463158
 11.12511331575389
 11.3065604167521
 11.46293632774893
 11.37483734537181
 11.60383072102664
 11.01646290246914
 11.28220863637856
 11.23833002095988





# name: W
# type: matrix
# rows: 10
# columns: 10
 0 0 0 0 0 0 0 0 0 0
 0 0 0 0 0 0 0 0 0 0
 0 0 0 0 0 0 0 0 0 0
 0 0 0 0 0 0 0 0 0 0
 0 0 0 0 0 0 0 0 0 0
 0 0 0 0 0 0 0 0 0 0
 0 0 0 0 0 0 0 0 0 0
 0 0 0 0 0 0 0 0 0 0
 0 0 0 0 0 0 0 0 0 0
 0 0 0 0 0 0 0 0 0 0


# name: iter
# type: scalar
919


# name: c
# type: matrix
# rows: 1
# columns: 10
 0.2986188503452336 0.1917011367502893 0.2108315697269524 0.1492715817836046 0.51809651750015 0.3797293299017422 0.2850964554080671 0.3044975342725931 0.2662759483919698 0.1400951553445874


# name: mean_corr
# type: matrix
# rows: 25
# columns: 1
 -0.09345942848447017
 -0.09171453947008225
 -0.1122850252175561
 -0.1046571501175647
 -0.1003569846572145
 -0.07462389754247675
 -0.02154795537714944
 -0.01102162589228557
 0.0405032894872968
 0.07189531457693367
 0.08252059655560999
 0.09852549373729116
 0.09989046312800352
 0.09939608323760019
 0.1129681699875943
 0.1206128231460822
 0.172160666983008
 0.1861153821476115
 0.203458729017381
 0.2380211310047725
 0.2625967437561187
 0.2742371584282205
 0.2744935530910672
 0.2744464771932105
 0.2889317714518044


# name: mean_error
# type: matrix
# rows: 25
# columns: 1
 1.499494039400747
 1.500702754418487
 1.450821386688302
 1.448960798096031
 1.444253930068752
 1.428881059150508
 1.414785938179285
 1.413594020190946
 1.382527115079036
 1.35385163600012
 1.351841616769135
 1.348810262097696
 1.354320470324985
 1.348874575374619
 1.351758787588709
 1.349451945594084
 1.340571622545579
 1.333809511641935
 1.319097733777258
 1.299035867475954
 1.29075639494218
 1.292068119371224
 1.293222555650612
 1.291404577050983
 1.288693898072612


# name: iter_improve
# type: matrix
# rows: 25
# columns: 1
 1
 13
 31
 47
 74
 98
 100
 105
 129
 142
 151
 252
 328
 343
 389
 405
 408
 427
 437
 449
 459
 469
 652
 820
 844


# name: optim_start
# type: scalar
919


# name: optim_steps
# type: matrix
# rows: 0
# columns: 0


# name: VPVP_params
# type: scalar struct
# ndims: 2
 1 1
# length: 8
# name: lambda
# type: scalar
300000000


# name: downsample
# type: scalar
10


# name: MaxIter_X
# type: scalar
200


# name: MaxIter
# type: scalar
50


# name: optTol_X
# type: scalar
1e-06


# name: progTol_X
# type: scalar
1e-10


# name: optTol_aW
# type: scalar
0.0001


# name: progTol_aW
# type: scalar
1e-07




