# Created by Octave 4.0.0, Sat Jan 06 20:52:57 2018 ART <gabrevaya@ws9.labo5>
# name: y_start
# type: matrix
# rows: 10
# columns: 1
 0.2164033796321148
 -2.003836714831192
 -0.424756654989203
 0.367058179999894
 -0.009798781667048492
 0.9717072602358683
 0.2714699096721351
 0.9936812416931338
 1.233422603635357
 0.4556397485219352


# name: alphas
# type: cell
# rows: 1
# columns: 3
# name: <cell-element>
# type: matrix
# rows: 10
# columns: 1
 0.3132072453569877
 0.720881178779184
 0.4100164546698833
 0.5413832942877692
 0.7518057260903934
 0.8022203640889228
 0.4929511216159549
 0.2610185302317708
 0.5844966888004559
 0.8368441090618507



# name: <cell-element>
# type: matrix
# rows: 10
# columns: 1
 1.414088622344381
 0.7776902722182565
 1.132389935183814
 0.8220628826424946
 0.9930526879905958
 0.5699268042628561
 0.7427693449695101
 0.5421936894036059
 0.7149181551661198
 0.8831329574852176



# name: <cell-element>
# type: matrix
# rows: 10
# columns: 1
 11.34606573185584
 11.60628527007948
 11.12324225697003
 11.29519584815303
 11.45929971868668
 11.3717257627386
 11.59475421807017
 11.0139382301192
 11.28429742281036
 11.23047351521011





# name: W
# type: matrix
# rows: 10
# columns: 10
 0.04569944675782143 0.02072150847411488 -0.1560804373387261 -0.161321018194539 -0.1845588821933216 0.001893761613061734 -0.1495387725918529 -0.1703342305017699 -0.1444408861689829 0.2864786289824514
 0.03221321198064939 -0.1899297741763149 -0.1799651736456505 0.03925599300833776 -0.01805361671247557 0.2126930656750254 0.04687383748490262 -0.2879038561498118 0.1353453501329607 -0.02238759201905552
 -0.1330716456041617 -0.06181396309708962 -0.3804977487601525 0.099006104766343 0.07499339451998338 0.09907368682388044 0.1574002282066057 0.07333181124097207 0.2366933845389086 -0.2113402061826743
 -0.1499881512186659 -0.06706859134179693 0.1886962705127988 0.09141871057609759 0.1743120411455523 -0.06135694742032222 -0.2312910018604127 0.01408823455472726 -0.1102403322882722 0.02289844597740827
 0.1208831387536686 -0.05920248317877171 0.2718399112167934 0.09757643129100543 0.1669615064771459 0.1344926254832369 0.1412496816418968 -0.1375566746589433 0.172611415852516 -0.06977551499174513
 -0.03014988032804584 0.004944796450461264 0.1027993780457188 0.01675508876240429 0.04148360019734439 -0.1488847806404427 -0.08384505305283381 0.1215405007687456 -0.1038056943370405 0.0273257938940467
 -0.003748002822207406 0.02404761452166558 0.135874829060404 -0.01266182490803635 0.02109093628262563 -0.01688662687051725 -0.07412340728056589 -0.03949433238875748 -0.05166289130044806 0.08182381220704869
 -0.07706983791248179 0.07816753218273274 0.1220883522410354 -0.05230204624965993 -0.04692086513413232 -0.06889983759050611 -0.03556873969757653 -0.2015199358581144 -0.1451788203745216 0.06530116101639245
 0.03110455839925794 0.06363059422911359 0.3174032792251599 0.00550654378095731 0.1693538569974576 -0.02705931553072893 -0.06512666795822439 -0.1238137386188249 -0.1021131039059298 0.1967750679777285
 -0.1062499428950831 -0.1298411458180982 -0.1476075255110491 0.1115237535644795 -0.05401702286959215 0.1423136239875825 0.2685415676783801 0.00131915465848134 0.2570636182166511 -0.4324709087516909


# name: iter
# type: scalar
919


# name: c
# type: matrix
# rows: 1
# columns: 10
 0.5248830885140223 0.5411455458665531 0.3661042697245003 0.5106092399156684 0.7669008081445244 0.42330497267345 0.4805142295258404 0.5034966248507647 0.393319573800232 0.2535873814739587


# name: mean_corr
# type: matrix
# rows: 26
# columns: 1
 -0.09345942848447017
 -0.09171453947008225
 -0.1122850252175561
 -0.1046571501175647
 -0.1003569846572145
 -0.07462389754247675
 -0.02154795537714944
 -0.01102162589228557
 0.0405032894872968
 0.07189531457693367
 0.08252059655560999
 0.09852549373729116
 0.09989046312800352
 0.09939608323760019
 0.1129681699875943
 0.1206128231460822
 0.172160666983008
 0.1861153821476115
 0.203458729017381
 0.2380211310047725
 0.2625967437561187
 0.2742371584282205
 0.2744935530910672
 0.2744464771932105
 0.2889317714518044
 0.4763865734489515


# name: mean_error
# type: matrix
# rows: 26
# columns: 1
 1.499494039400747
 1.500702754418487
 1.450821386688302
 1.448960798096031
 1.444253930068752
 1.428881059150508
 1.414785938179285
 1.413594020190946
 1.382527115079036
 1.35385163600012
 1.351841616769135
 1.348810262097696
 1.354320470324985
 1.348874575374619
 1.351758787588709
 1.349451945594084
 1.340571622545579
 1.333809511641935
 1.319097733777258
 1.299035867475954
 1.29075639494218
 1.292068119371224
 1.293222555650612
 1.291404577050983
 1.288693898072612
 1.221673600547454


# name: iter_improve
# type: matrix
# rows: 26
# columns: 1
 1
 13
 31
 47
 74
 98
 100
 105
 129
 142
 151
 252
 328
 343
 389
 405
 408
 427
 437
 449
 459
 469
 652
 820
 844
 919


# name: optim_start
# type: scalar
919


# name: optim_steps
# type: scalar
26


# name: VPVP_params
# type: scalar struct
# ndims: 2
 1 1
# length: 8
# name: lambda
# type: scalar
300000000


# name: downsample
# type: scalar
10


# name: MaxIter_X
# type: scalar
200


# name: MaxIter
# type: scalar
50


# name: optTol_X
# type: scalar
1e-06


# name: progTol_X
# type: scalar
1e-10


# name: optTol_aW
# type: scalar
0.0001


# name: progTol_aW
# type: scalar
1e-07




