# Created by Octave 3.8.1, Tue Nov 28 20:10:54 2017 ART <gabrevaya@ws13.labo2>
# name: y_start
# type: matrix
# rows: 15
# columns: 1
 -0.4591317076180612
 -0.5596002031184861
 -0.6559810120681127
 1.360079168870444
 -1.087943533004738
 1.478865996598195
 0.5900398229780541
 0.9159265377496831
 2.501520891442417
 -1.548498071607182
 -0.39394033678752
 0.1184651225264778
 0.01745123426119805
 -1.333310212600405
 -0.8084211458649642


# name: alphas
# type: cell
# rows: 1
# columns: 3
# name: <cell-element>
# type: matrix
# rows: 15
# columns: 1
 0.6018257446863902
 0.7444999412090446
 -0.1227995667378494
 0.3756086239777994
 0.6706912520378404
 0.5689382242426521
 0.3885003695300953
 0.6854520721668513
 0.5550004960212072
 0.7068470377373319
 0.5854801635267936
 0.5854938059697055
 0.5964498256976233
 0.5581697692128347
 0.5674527268710637



# name: <cell-element>
# type: matrix
# rows: 15
# columns: 1
 0.6789767995397381
 1.094508085105472
 1.327691564911042
 0.7693005251420499
 0.9754956336952932
 0.839623529741559
 1.07180907330391
 1.310808973442228
 0.9795706606077478
 0.9263535438666355
 0.9834674332104413
 1.027101017401813
 0.86043496543745
 1.188616022379588
 0.8962623696745484



# name: <cell-element>
# type: matrix
# rows: 15
# columns: 1
 11.44051044960464
 11.73449501075359
 11.57225646305229
 11.3954966435172
 11.49544404442722
 11.41360283886858
 11.35546148775578
 11.03025203737903
 11.26088631338138
 11.49419147952954
 11.13468449342885
 11.24373221931204
 11.69048496585575
 11.56051953462561
 11.3341992416585





# name: W
# type: matrix
# rows: 15
# columns: 15
 0 0 0 0 0 0 0 0 0 0 0 0 0 0 0
 0 0 0 0 0 0 0 0 0 0 0 0 0 0 0
 0 0 0 0 0 0 0 0 0 0 0 0 0 0 0
 0 0 0 0 0 0 0 0 0 0 0 0 0 0 0
 0 0 0 0 0 0 0 0 0 0 0 0 0 0 0
 0 0 0 0 0 0 0 0 0 0 0 0 0 0 0
 0 0 0 0 0 0 0 0 0 0 0 0 0 0 0
 0 0 0 0 0 0 0 0 0 0 0 0 0 0 0
 0 0 0 0 0 0 0 0 0 0 0 0 0 0 0
 0 0 0 0 0 0 0 0 0 0 0 0 0 0 0
 0 0 0 0 0 0 0 0 0 0 0 0 0 0 0
 0 0 0 0 0 0 0 0 0 0 0 0 0 0 0
 0 0 0 0 0 0 0 0 0 0 0 0 0 0 0
 0 0 0 0 0 0 0 0 0 0 0 0 0 0 0
 0 0 0 0 0 0 0 0 0 0 0 0 0 0 0


# name: iter
# type: scalar
725


# name: c
# type: matrix
# rows: 1
# columns: 15
 0.06580044751134739 -0.1344953800536285 0.3634437851974543 0.2419345214265767 0.326589559622214 0.06046758931136099 -0.0003831751278013569 0.5284237239195143 0.01260806976092351 0.07024188997284138 -0.03584236200487875 0.1015110468269825 -0.0123183290829126 -0.02879994920267238 0.08271901673660043


# name: mean_corr
# type: matrix
# rows: 17
# columns: 1
 -0.06624979229115478
 -0.03745769776420065
 -0.03424138180192968
 0.02958288753616768
 0.04132965310476446
 0.05389300482239311
 0.06292413795762934
 0.06445207666446559
 0.06924273575593481
 0.08008334441228789
 0.08155332518196122
 0.08549345965538592
 0.08661389106527645
 0.114109134589805
 0.114486114017135
 0.1143714864784229
 0.1154577455214786


# name: mean_error
# type: matrix
# rows: 17
# columns: 1
 1.46419933216754
 1.433830442640762
 1.431456293415799
 1.389345116415267
 1.385705982256102
 1.377335411628022
 1.378018079933898
 1.377259128245904
 1.378726151907845
 1.37227526923921
 1.372131095074967
 1.369724437521185
 1.368724547923423
 1.360701380414227
 1.362289069636599
 1.359388040321652
 1.358684837334244


# name: iter_improve
# type: matrix
# rows: 17
# columns: 1
 1
 31
 51
 62
 79
 89
 95
 99
 103
 130
 151
 234
 297
 329
 492
 634
 635


# name: optim_start
# type: scalar
725


# name: optim_steps
# type: matrix
# rows: 0
# columns: 0


# name: VPVP_params
# type: scalar struct
# ndims: 2
 1 1
# length: 8
# name: lambda
# type: scalar
300000000


# name: downsample
# type: scalar
10


# name: MaxIter_X
# type: scalar
200


# name: MaxIter
# type: scalar
50


# name: optTol_X
# type: scalar
1e-06


# name: progTol_X
# type: scalar
1e-10


# name: optTol_aW
# type: scalar
0.0001


# name: progTol_aW
# type: scalar
1e-07




