# Created by Octave 3.8.1, Tue Nov 28 20:13:22 2017 ART <gabrevaya@ws18.labo2>
# name: y_start
# type: matrix
# rows: 15
# columns: 1
 -0.3100492528447981
 -0.4535750525423073
 -1.197445271870162
 1.094889526579059
 0.2331310659011679
 1.287786293541605
 -0.1737607204220282
 -0.9800618775297472
 -0.1934967415381327
 0.9400899026494314
 -0.08732585817177597
 -0.8356955901755644
 -0.5047184557284733
 -0.7022343205875529
 0.07829534237429736


# name: alphas
# type: cell
# rows: 1
# columns: 3
# name: <cell-element>
# type: matrix
# rows: 15
# columns: 1
 0.4069839333566971
 0.7175071614073507
 0.5576566801337497
 0.827928842805202
 0.5189562828910588
 0.3972187982488412
 0.5214111550489996
 0.6502297358233756
 0.7178616572710523
 0.8057347843765412
 0.5670614689098262
 0.6630520203133811
 0.9494782867774818
 0.5274777919707143
 0.1672242935538686



# name: <cell-element>
# type: matrix
# rows: 15
# columns: 1
 0.7205661247313671
 1.074040496842279
 0.6405536849625066
 1.02999128155797
 0.9433825593220743
 0.8647891608724476
 1.062341483532451
 0.9424851487798824
 0.8538384140262936
 1.354887505754182
 0.9096130275746244
 1.049636547252632
 0.8614902971201159
 0.9401236418655043
 0.9279145111881353



# name: <cell-element>
# type: matrix
# rows: 15
# columns: 1
 11.00289704178542
 11.85269686798075
 11.4438302704459
 11.55669793620212
 11.06584796808243
 11.65247772794257
 11.44641917796933
 11.21181074378813
 11.67941666972235
 11.43146822331196
 11.55289104305307
 11.79453038982811
 11.41094112342502
 11.48101065217064
 11.53131170319936





# name: W
# type: matrix
# rows: 15
# columns: 15
 0 0 0 0 0 0 0 0 0 0 0 0 0 0 0
 0 0 0 0 0 0 0 0 0 0 0 0 0 0 0
 0 0 0 0 0 0 0 0 0 0 0 0 0 0 0
 0 0 0 0 0 0 0 0 0 0 0 0 0 0 0
 0 0 0 0 0 0 0 0 0 0 0 0 0 0 0
 0 0 0 0 0 0 0 0 0 0 0 0 0 0 0
 0 0 0 0 0 0 0 0 0 0 0 0 0 0 0
 0 0 0 0 0 0 0 0 0 0 0 0 0 0 0
 0 0 0 0 0 0 0 0 0 0 0 0 0 0 0
 0 0 0 0 0 0 0 0 0 0 0 0 0 0 0
 0 0 0 0 0 0 0 0 0 0 0 0 0 0 0
 0 0 0 0 0 0 0 0 0 0 0 0 0 0 0
 0 0 0 0 0 0 0 0 0 0 0 0 0 0 0
 0 0 0 0 0 0 0 0 0 0 0 0 0 0 0
 0 0 0 0 0 0 0 0 0 0 0 0 0 0 0


# name: iter
# type: scalar
787


# name: c
# type: matrix
# rows: 1
# columns: 15
 0.1673983721576032 -0.04305206505034392 -0.01474719283734035 -0.04240408878575308 0.3237560815990322 -0.04613941440404524 0.01662508892492167 0.3317507809570162 0.05170093689403528 0.01510223746726841 -0.03400430144322154 0.04695108422536251 0.1748895180731831 0.1788692400129265 0.09380859805366257


# name: mean_corr
# type: matrix
# rows: 28
# columns: 1
 -0.0882312875141697
 -0.08545560421937232
 -0.08523443131135815
 -0.0561878030814047
 -0.05374201498862032
 -0.0469561231927949
 0.02744990516784355
 0.02749965610088545
 -0.03381767250651054
 -0.02275086009291645
 -0.0105462100215263
 0.004800906379194792
 0.01259899991228817
 0.0187521061151854
 0.01961254977885889
 0.03393564017505021
 0.03618650407999969
 0.04322733205653841
 0.04509477763777654
 0.04584416508987867
 0.0461473091547324
 0.06323239771176839
 0.06579398097204259
 0.06617026724282056
 0.06738684825976175
 0.06953558096145548
 0.07287954174261052
 0.07772378503683046


# name: mean_error
# type: matrix
# rows: 28
# columns: 1
 1.467175487580048
 1.467425647804532
 1.466978725459698
 1.448908158315135
 1.447256249734364
 1.443778419097268
 1.399202051733653
 1.397696565163043
 1.408824321216378
 1.407995272001335
 1.402179294230338
 1.385568397619079
 1.3799793471468
 1.381619612281891
 1.380858623724945
 1.365760745660874
 1.373023058194386
 1.369631877660647
 1.367638347172849
 1.367757117466667
 1.367810304360019
 1.354428987859496
 1.353299753008392
 1.352993337543741
 1.349723215903344
 1.348452880866009
 1.347577512725575
 1.349309497073494


# name: iter_improve
# type: matrix
# rows: 28
# columns: 1
 1
 7
 26
 33
 47
 59
 62
 75
 93
 127
 148
 149
 152
 157
 162
 180
 222
 252
 267
 288
 294
 326
 349
 435
 469
 517
 572
 586


# name: optim_start
# type: scalar
787


# name: optim_steps
# type: matrix
# rows: 0
# columns: 0


# name: VPVP_params
# type: scalar struct
# ndims: 2
 1 1
# length: 8
# name: lambda
# type: scalar
300000000


# name: downsample
# type: scalar
10


# name: MaxIter_X
# type: scalar
200


# name: MaxIter
# type: scalar
50


# name: optTol_X
# type: scalar
1e-06


# name: progTol_X
# type: scalar
1e-10


# name: optTol_aW
# type: scalar
0.0001


# name: progTol_aW
# type: scalar
1e-07




