# Created by Octave 3.8.1, Tue Nov 28 20:18:27 2017 ART <gabrevaya@ws18.labo2>
# name: y_start
# type: matrix
# rows: 15
# columns: 1
 -0.3100492351686413
 -0.4535750596949373
 -1.197445282378916
 1.094889523487915
 0.2331310500473169
 1.287786282064455
 -0.1737607238840161
 -0.9800618600498898
 -0.1934967377562097
 0.9400898970098818
 -0.08732587296364763
 -0.8356955810344648
 -0.5047184497291639
 -0.7022343516444923
 0.07829535031932379


# name: alphas
# type: cell
# rows: 1
# columns: 3
# name: <cell-element>
# type: matrix
# rows: 15
# columns: 1
 0.4050388544944099
 0.6583120593690137
 0.5045436194140639
 0.7623777738530307
 0.5201731214819201
 0.3196852025358954
 0.4638477924448396
 0.617097956740021
 0.6707882987503666
 0.6836841965664363
 0.4987392690942336
 0.5643487577610812
 0.8663325025592961
 0.5439287861607008
 0.2571068673944032



# name: <cell-element>
# type: matrix
# rows: 15
# columns: 1
 0.803587293827234
 0.7646533819401715
 0.5621989059517311
 1.153168779463583
 0.8498570396856809
 0.8783633797320398
 1.066536449757051
 0.9915490296383053
 0.8273361925732523
 1.388470909894653
 0.8543363230196904
 1.019270534597017
 0.8524609130080478
 0.682887665854655
 0.9107792046507566



# name: <cell-element>
# type: matrix
# rows: 15
# columns: 1
 11.00984791915524
 11.82885743078887
 11.43748657645048
 11.57106709421613
 11.05749522740816
 11.65604531851022
 11.44660414070726
 11.22396290325505
 11.67837023424659
 11.43724587153701
 11.54828819163322
 11.79282913490394
 11.4084120813766
 11.46110059961574
 11.52965409597839





# name: W
# type: matrix
# rows: 15
# columns: 15
 0.02102738702933128 0.02663541871276635 -0.06050345852776137 0.1817533550814106 -0.02691097156834435 0.03464202461421906 0.06018791948913389 -0.01226025010362087 -0.01044026920392204 -0.0140805458795465 -0.06012874072718639 0.08586825222198603 -0.01052567084700494 -0.03406997250752059 0.1021215874182652
 -0.04345382900596986 -0.06831307108093722 0.02030143613958616 -0.1653241546519425 0.1464295807054111 -0.02608649002019732 -0.1152020490434807 0.09335235469902713 -0.005156795807333019 0.2130906278264154 0.1833106207726259 -0.1674730310482422 0.0806338594313224 0.08065747342933668 -0.2823811703534964
 0.08604494159677128 -0.03346281111445874 -0.06307791220980392 -0.04530494093510207 -0.008035678428543797 -0.0469212122188216 0.005734358192916259 0.02254805832018402 0.02583765626518654 0.02356421000655946 0.003874573662095136 8.485826074878773e-06 0.1061339141706058 -0.0408187098086578 -0.005115894162617357
 0.03625989406588031 -0.01220234801994594 0.04061052808105763 -0.2270195543601169 0.05124720483821137 -0.07097019965780731 -0.009411011156082678 0.08698227809786661 0.04093756973173847 -0.1672070933077029 0.0766719969740715 -0.04601136929203813 0.144794475304594 -0.0127425733795119 -0.1120184615629888
 -0.1513770002458879 0.1450511101563869 0.05131036875995427 0.07146889362481755 0.0721050707365327 0.05159174117500132 0.08056322238614747 0.09634470686665063 0.002892966148137792 -0.0520260064583164 -0.0009100408589438505 0.04506747505356488 -0.06825441877566243 0.05447540164596271 0.006268743525049322
 0.09473082797152223 -0.009527599096330205 -0.05510263525406504 -0.07346534469906432 0.02786568786907265 -0.1068670822219034 -0.04996351696760242 0.04241967065476668 -0.02435873649878231 -0.106055882589816 0.1062827286614327 -0.02393655658957729 0.1106049533355244 0.08472297159149922 -0.1628019080174441
 0.04338726519720253 -0.1248876944738918 -0.01372208646235613 -0.2551737347244095 0.04627242358473745 -0.04842021334900927 -0.1401111184303361 0.009059300340750323 -0.004146319855106119 0.09586966735601325 0.1288076032027986 -0.1696837481646958 0.07682048944933305 0.01499653122043154 -0.2023636655942301
 -0.05393995546627358 0.01175213190711373 -0.01315683249291802 0.09867434415152222 0.07421817625918874 0.05032219560963395 0.004003703675790012 0.0241121040873668 0.001763357363775041 0.2131369514524776 0.03899413714624378 -0.02562220032687688 0.02027753463192954 -0.04079678684374836 -0.06318921731119288
 0.04664952720824479 -0.02239792682371529 -0.06176486841895327 -0.04937166349571841 0.01205796723455276 -0.02102432126364711 -0.02808152590859072 0.01534698494033164 -0.05885942648442857 0.02717563609308028 0.03896112891169844 -0.03064900231011148 0.04091126687524713 0.000967837476238213 -0.06069695612455869
 0.05670620296511533 -0.05737973763795773 0.01121845196347894 -0.07497474647805959 -0.1325476499680572 -0.00677259309088416 0.01651931381288613 -0.1268828922662164 0.01887094686173077 -0.2654693674068396 -0.1167994718409281 0.04556386698911617 -0.02228887559457057 -0.06302665279243237 0.1752476276619473
 -0.1807282615235052 0.1656834910306822 0.1016729715273293 0.1862168954607636 -0.02037382564809001 0.1145163410892017 0.1587412818453369 0.02132943130967828 0.02682404353949454 0.05566637715259256 -0.1804574293463366 0.1421118658799648 -0.1704976006339301 -0.0441029863107554 0.2548356206677149
 -0.06643105474031206 -0.09703553815191171 -0.01357885330138012 -0.2149920792505352 0.03129443421057227 0.03406091528432847 -0.1562520360391254 -0.07268398719759635 -0.03874910462602003 -0.02372139239759083 0.08813738397556151 -0.2082871363343354 -0.06489525215797526 0.03311979758477229 -0.1591306013952399
 -0.09396928202495916 0.05982360010593527 0.01252928930226261 0.09449015812955222 -0.02716445173482996 0.09415985128831511 0.08031579349587886 -0.01907050991808867 0.007699597311643327 0.0826456096992628 -0.1084836433682842 0.06945092355480029 -0.1370488312156164 -0.05720300659829019 0.1825275310833559
 -0.2408374249317775 0.09330882513041425 0.1383819055328665 -0.0276259758854741 0.06735330412696128 0.09865045528567126 0.05114805561143349 0.03020689078244541 0.003264484988064304 -0.01781424789810778 -0.02388270791730992 0.01185609112260643 -0.1856530201601237 0.05427497061905828 0.06290662240463114
 0.1084553164911677 -0.1351292845042366 -0.03859631583155183 -0.2733205964418988 0.03765769682468015 -0.09154204872836992 -0.1632396265885093 -0.0139494735542258 -0.01225469073574631 -0.09412822036231945 0.1646649800869058 -0.1835453503890082 0.1565824113397894 0.0185570272681477 -0.2762015547583522


# name: iter
# type: scalar
787


# name: c
# type: matrix
# rows: 1
# columns: 15
 0.384958087982842 0.4740737084513314 0.4425559053601102 0.2758776899595243 0.5114942521594605 0.2266693030494756 0.2104184894269221 0.6231916614295304 0.3190599138144512 0.1364806970908906 0.1956690557998469 0.04335963012203175 0.388031971521181 0.595430146154136 0.2443091858933623


# name: mean_corr
# type: matrix
# rows: 29
# columns: 1
 -0.0882312875141697
 -0.08545560421937232
 -0.08523443131135815
 -0.0561878030814047
 -0.05374201498862032
 -0.0469561231927949
 0.02744990516784355
 0.02749965610088545
 -0.03381767250651054
 -0.02275086009291645
 -0.0105462100215263
 0.004800906379194792
 0.01259899991228817
 0.0187521061151854
 0.01961254977885889
 0.03393564017505021
 0.03618650407999969
 0.04322733205653841
 0.04509477763777654
 0.04584416508987867
 0.0461473091547324
 0.06323239771176839
 0.06579398097204259
 0.06617026724282056
 0.06738684825976175
 0.06953558096145548
 0.07287954174261052
 0.07772378503683046
 0.3381053132143397


# name: mean_error
# type: matrix
# rows: 29
# columns: 1
 1.467175487580048
 1.467425647804532
 1.466978725459698
 1.448908158315135
 1.447256249734364
 1.443778419097268
 1.399202051733653
 1.397696565163043
 1.408824321216378
 1.407995272001335
 1.402179294230338
 1.385568397619079
 1.3799793471468
 1.381619612281891
 1.380858623724945
 1.365760745660874
 1.373023058194386
 1.369631877660647
 1.367638347172849
 1.367757117466667
 1.367810304360019
 1.354428987859496
 1.353299753008392
 1.352993337543741
 1.349723215903344
 1.348452880866009
 1.347577512725575
 1.349309497073494
 1.316589059280003


