# Created by Octave 3.8.1, Tue Nov 28 20:21:59 2017 ART <gabrevaya@ws22.labo7>
# name: y_start
# type: matrix
# rows: 15
# columns: 1
 -0.01829107508821698
 0.1823859308302401
 -1.520473346187845
 0.1195023591633705
 -0.1467702847049255
 -0.6508887387053904
 1.439321741931817
 -1.196144311533512
 -0.6293519648337386
 -0.5748133681386369
 2.01888251566566
 0.6883877862812144
 -1.136087840867393
 0.7424990701935086
 1.487206863948715


# name: alphas
# type: cell
# rows: 1
# columns: 3
# name: <cell-element>
# type: matrix
# rows: 15
# columns: 1
 0.3374199793676145
 0.7002829032951748
 0.7118887409933904
 0.343351607635859
 0.4324779168477929
 0.697494382366259
 0.8505245137793758
 0.5459009567178981
 0.5193776675782446
 0.2899890918307227
 0.4755934210938382
 0.589055121567676
 0.7356650153658941
 0.6445693106371643
 0.4988744691104571



# name: <cell-element>
# type: matrix
# rows: 15
# columns: 1
 0.6954358093699481
 0.7661685756316717
 0.9089162100437289
 1.058013674598234
 0.9316002833260153
 0.818439092212119
 1.139494743921286
 0.979478639064906
 1.092628605616736
 1.186827139777067
 0.5757404604778951
 0.9306674784244486
 0.8893299363827853
 1.049389632718568
 0.8731420900636966



# name: <cell-element>
# type: matrix
# rows: 15
# columns: 1
 11.13226941753996
 11.58318844647632
 11.34888718107878
 11.28259325634505
 11.24825988817987
 11.24489609304815
 10.90754805737622
 11.44064963437735
 11.14374253259215
 11.6801254127769
 11.40994706907009
 11.22178382536774
 11.42698119738459
 11.001758273885
 11.55108123020132





# name: W
# type: matrix
# rows: 15
# columns: 15
 0 0 0 0 0 0 0 0 0 0 0 0 0 0 0
 0 0 0 0 0 0 0 0 0 0 0 0 0 0 0
 0 0 0 0 0 0 0 0 0 0 0 0 0 0 0
 0 0 0 0 0 0 0 0 0 0 0 0 0 0 0
 0 0 0 0 0 0 0 0 0 0 0 0 0 0 0
 0 0 0 0 0 0 0 0 0 0 0 0 0 0 0
 0 0 0 0 0 0 0 0 0 0 0 0 0 0 0
 0 0 0 0 0 0 0 0 0 0 0 0 0 0 0
 0 0 0 0 0 0 0 0 0 0 0 0 0 0 0
 0 0 0 0 0 0 0 0 0 0 0 0 0 0 0
 0 0 0 0 0 0 0 0 0 0 0 0 0 0 0
 0 0 0 0 0 0 0 0 0 0 0 0 0 0 0
 0 0 0 0 0 0 0 0 0 0 0 0 0 0 0
 0 0 0 0 0 0 0 0 0 0 0 0 0 0 0
 0 0 0 0 0 0 0 0 0 0 0 0 0 0 0


# name: iter
# type: scalar
815


# name: c
# type: matrix
# rows: 1
# columns: 15
 0.1295526034525797 0.1501933998888906 0.1474692535909649 0.05484447599704993 0.3648274426069609 0.01171063324192511 -0.01967162123422417 0.4930256550123229 -0.01829212667277973 -0.01997753706553128 0.3070925092694977 0.023689777401922 0.1167443935506239 0.00832877418938328 0.08101851383150295


# name: mean_corr
# type: matrix
# rows: 18
# columns: 1
 -0.07603358840311406
 -0.05343089699815454
 -0.05108375270005901
 -0.03432179945150377
 -0.02626618607589485
 0.001939087237400202
 0.01260239757815208
 0.03116802508093655
 0.04044788912792011
 0.04717079616181296
 0.04776581469196122
 0.07364253200735854
 0.07951724444552476
 0.1076562188748329
 0.1166700657646182
 0.117765458817405
 0.1192592804882967
 0.1194907801974849


# name: mean_error
# type: matrix
# rows: 18
# columns: 1
 1.473072181857967
 1.43835532900078
 1.434328075373524
 1.425412832191104
 1.420229607564837
 1.410501378070899
 1.403581854889583
 1.389584376091251
 1.3904218959477
 1.394339527309876
 1.382616127526282
 1.378408473436873
 1.372504584701743
 1.362441255798226
 1.358165210385708
 1.358629973902709
 1.358370127366558
 1.358321992846975


# name: iter_improve
# type: matrix
# rows: 18
# columns: 1
 1
 31
 69
 91
 96
 143
 161
 253
 271
 281
 285
 305
 340
 352
 369
 485
 487
 648


# name: optim_start
# type: scalar
815


# name: optim_steps
# type: matrix
# rows: 0
# columns: 0


# name: VPVP_params
# type: scalar struct
# ndims: 2
 1 1
# length: 8
# name: lambda
# type: scalar
300000000


# name: downsample
# type: scalar
10


# name: MaxIter_X
# type: scalar
200


# name: MaxIter
# type: scalar
50


# name: optTol_X
# type: scalar
1e-06


# name: progTol_X
# type: scalar
1e-10


# name: optTol_aW
# type: scalar
0.0001


# name: progTol_aW
# type: scalar
1e-07




