# Created by Octave 3.8.1, Wed Nov 29 00:30:38 2017 ART <gabrevaya@ws17.labo7>
# name: y_start
# type: matrix
# rows: 15
# columns: 1
 0.3002209442842279
 1.072136609083635
 0.4248499318694901
 1.419875769149603
 2.148499545427241
 0.504368756171633
 -1.117317561509331
 0.248713607272656
 1.391046031610347
 -0.2279205205814923
 -0.8574629817592975
 -0.8325167634986732
 -0.3170563597245187
 0.337774287095902
 0.09665822929018057


# name: alphas
# type: cell
# rows: 1
# columns: 3
# name: <cell-element>
# type: matrix
# rows: 15
# columns: 1
 1.037039459481381
 0.6253200145461686
 0.6847397786441212
 0.630179775854274
 0.6353843044361094
 0.7493170813849308
 0.5837615580155905
 0.4971567837215615
 0.470229554419879
 0.5369023668896915
 0.5507641022066211
 0.4910198237551495
 0.6177293676703665
 0.4064171441326447
 0.884400608585626



# name: <cell-element>
# type: matrix
# rows: 15
# columns: 1
 1.368944716369863
 0.7382514796667773
 1.32323172945671
 1.069719892097867
 0.9361601315254943
 1.218685334490801
 1.093584131694216
 0.7734954809135735
 0.6032103357272198
 0.7628070788056763
 0.942107427758122
 0.9654169830077065
 1.279173645358751
 0.8860130566348126
 0.916371725523043



# name: <cell-element>
# type: matrix
# rows: 15
# columns: 1
 10.98017442754686
 11.42059655579792
 11.6077250456965
 11.48538007345798
 11.07528714099363
 11.25753149486544
 11.304521638941
 11.51781751408386
 11.46326092353914
 10.89588225994611
 11.19288586559826
 11.2418834467701
 11.37603876153489
 11.45785504536932
 11.35106452593778





# name: W
# type: matrix
# rows: 15
# columns: 15
 0 0 0 0 0 0 0 0 0 0 0 0 0 0 0
 0 0 0 0 0 0 0 0 0 0 0 0 0 0 0
 0 0 0 0 0 0 0 0 0 0 0 0 0 0 0
 0 0 0 0 0 0 0 0 0 0 0 0 0 0 0
 0 0 0 0 0 0 0 0 0 0 0 0 0 0 0
 0 0 0 0 0 0 0 0 0 0 0 0 0 0 0
 0 0 0 0 0 0 0 0 0 0 0 0 0 0 0
 0 0 0 0 0 0 0 0 0 0 0 0 0 0 0
 0 0 0 0 0 0 0 0 0 0 0 0 0 0 0
 0 0 0 0 0 0 0 0 0 0 0 0 0 0 0
 0 0 0 0 0 0 0 0 0 0 0 0 0 0 0
 0 0 0 0 0 0 0 0 0 0 0 0 0 0 0
 0 0 0 0 0 0 0 0 0 0 0 0 0 0 0
 0 0 0 0 0 0 0 0 0 0 0 0 0 0 0
 0 0 0 0 0 0 0 0 0 0 0 0 0 0 0


# name: iter
# type: scalar
931


# name: c
# type: matrix
# rows: 1
# columns: 15
 0.2273586127627084 0.303091177507215 0.1135618433143051 0.03915245450469244 0.03008006369122147 0.2382030270477084 0.01580817169306172 0.5699127466682486 0.1648966401837509 0.4323613445033665 -0.002749934675889995 0.07204297033656272 0.2184944077514491 0.1424330892131639 0.12236789243379


# name: mean_corr
# type: matrix
# rows: 28
# columns: 1
 -0.1265134336169711
 -0.1243129706603002
 -0.1219942719386771
 -0.08444561177591216
 -0.082882394841873
 -0.07871958324810699
 -0.05800092822496193
 -0.05508211588287027
 -0.04720512578294978
 -0.04114292881945815
 0.002082378364606685
 0.009488629766704965
 0.01670223656199456
 0.036696406699878
 0.07636364379932389
 0.0838681725991384
 0.08506179353517319
 0.0881969213660961
 0.1088763873208633
 0.1143564502382648
 0.1337475153054249
 0.1457012511206397
 0.145950905886923
 0.1714042928786878
 0.1768008310961621
 0.1774054215452872
 0.1923496979413278
 0.1924447070729224


# name: mean_error
# type: matrix
# rows: 28
# columns: 1
 1.478457633066461
 1.487312956961956
 1.48581222871159
 1.45823749822426
 1.457463093245254
 1.456500346337847
 1.455147566721628
 1.453722741735245
 1.4367888324582
 1.433576995867525
 1.414784031402039
 1.413243357163392
 1.406145691458921
 1.398219629607371
 1.366434876839894
 1.365226017103172
 1.36439558165058
 1.360019930022577
 1.341153960401969
 1.34257548584742
 1.330276107181745
 1.329416308085969
 1.329446491084062
 1.32156810026044
 1.31718462766605
 1.310511671317731
 1.30184449468357
 1.297778921463681


# name: iter_improve
# type: matrix
# rows: 28
# columns: 1
 1
 10
 16
 31
 36
 40
 44
 61
 62
 68
 112
 135
 162
 192
 198
 241
 275
 326
 334
 348
 355
 358
 359
 500
 521
 545
 606
 701


# name: optim_start
# type: scalar
931


# name: optim_steps
# type: matrix
# rows: 0
# columns: 0


# name: VPVP_params
# type: scalar struct
# ndims: 2
 1 1
# length: 8
# name: lambda
# type: scalar
300000000


# name: downsample
# type: scalar
10


# name: MaxIter_X
# type: scalar
200


# name: MaxIter
# type: scalar
50


# name: optTol_X
# type: scalar
1e-06


# name: progTol_X
# type: scalar
1e-10


# name: optTol_aW
# type: scalar
0.0001


# name: progTol_aW
# type: scalar
1e-07




