# Created by Octave 3.8.1, Wed Nov 29 00:39:46 2017 ART <gabrevaya@ws17.labo7>
# name: y_start
# type: matrix
# rows: 15
# columns: 1
 0.3002209551258218
 1.072136611474088
 0.4248499178625262
 1.419875768812516
 2.148499538438191
 0.5043687516241155
 -1.117317564229392
 0.2487136063173185
 1.391046025184132
 -0.2279205229570073
 -0.8574629922991026
 -0.8325167609383214
 -0.3170563547196453
 0.3377742826716041
 0.09665823240966548


# name: alphas
# type: cell
# rows: 1
# columns: 3
# name: <cell-element>
# type: matrix
# rows: 15
# columns: 1
 0.9703917542631604
 0.47428489267199
 0.7038194021259813
 0.5097174456298894
 0.5226109733193275
 0.6511829384753168
 0.500437148079949
 0.4303781135496721
 0.39914997170128
 0.423144419568503
 0.5341168833706814
 0.3370674132012144
 0.596411308294245
 0.3388570749754264
 0.8321814475232422



# name: <cell-element>
# type: matrix
# rows: 15
# columns: 1
 1.464614495519751
 0.2224412821817667
 1.338402910377652
 1.269099000348389
 0.5524325684420002
 1.339210690338825
 1.217777640865203
 0.297535855124169
 0.9599462016458633
 1.327348548510041
 0.5633442154378785
 1.239367012787246
 1.279912888111112
 0.9905226588032878
 0.2816367299284432



# name: <cell-element>
# type: matrix
# rows: 15
# columns: 1
 10.99071512923956
 11.38282249513668
 11.61228140733905
 11.51275830962531
 11.05616762426706
 11.27269454722381
 11.313420026276
 11.48708792522953
 11.48976924171379
 10.93948471844741
 11.15437858597598
 11.26686889648133
 11.37669644029155
 11.45924417262865
 11.29538615490688





# name: W
# type: matrix
# rows: 15
# columns: 15
 -0.1683289686361793 0.03229621534385234 0.1136914194380666 -0.03221026309839948 -0.08354952531057341 0.008313084120473281 -0.06333427736656694 -0.158212041489657 0.06658163390232155 -0.09020022056540249 -0.1724329110819348 0.02151929537837723 -0.05963751156776827 -0.07934886845674971 0.2318789561868908
 0.1759531995367965 -0.1809439173759899 -0.153249316043403 -0.1665279305250444 0.1049536121465859 -0.1045542759576661 -0.03017930439451678 0.1903057865070265 -0.1774986106827604 0.186751013919554 0.2182371570589831 -0.2004318037386717 0.1668555258589878 0.0895245619768551 -0.5107821878834169
 -0.1281394094706841 -0.0355902573298785 0.04055851646466775 -0.1074142518091389 -0.01510065597675668 0.004669148020063316 -0.07958040283701438 -0.02728009578690286 -0.02902482942899163 0.04773871736668964 0.04080721583760814 -0.08171985415888255 -0.05298713906218065 0.05031324600349017 -0.104325816155893
 -0.2228512250765979 -0.05655938604926466 -0.1361110769492971 -0.2658134953113913 0.01799332621634301 -0.1823774340912926 0.08036803150136096 0.1342517907900088 -0.02776444419710098 0.1404446501372326 0.1349910716249626 -0.01095174089239039 0.2769064015479621 0.01223641791724659 -0.1185586088421205
 -0.1673505216790058 -0.01372103279066223 -0.07794236997281134 0.1092783531567133 -0.1135443254771101 0.07814100625619358 0.2642110833435503 0.02544349887753438 -0.2288973950937074 -0.01797221101055271 0.1057844686186546 0.0896476922695775 -0.05170821020430615 0.1422717823490005 -0.08415625666881323
 0.01500979410606923 -0.04131822356747089 -0.09013047982645635 -0.1552940596774384 0.01599513882822047 -0.1492686935637141 -0.02982696727875726 0.005956685370482951 -0.03092806439934327 0.05508869395048295 0.1101609777639298 -0.0524710125751473 0.1009626767974844 0.01707827385849609 -0.1459360408165191
 0.1761460501857164 -0.03855463954346738 -0.1138549325056389 -0.3262054277477406 0.02764941574541891 -0.2302852600279347 -0.2055659099767702 -0.0264091808492078 -0.09032523626090795 0.0535721348767574 0.08793575077346265 -0.08602100474863826 0.2481808610820112 0.0647740928076511 -0.07976104755575747
 0.174952795737026 -0.1984927202724879 -0.05125423881890853 0.08169361389888784 0.2101883655512028 0.09298757807812183 0.01781586409514871 -0.1017898701789247 0.08846089859941628 0.1899244636312503 0.2542245771213297 -0.1588724751162042 -0.07947767401068313 -0.002384939288613337 -0.2034313883089819
 -0.09625887529052397 0.09851302812102569 -0.04233733271682804 0.1343094261132101 0.006480089342634287 0.05997394845230226 0.1495584267276699 -0.03263051707723584 -0.1252730776765015 -0.1335528055056092 -0.06529224003962085 0.1461088831960541 -0.032308079881055 0.01115427497490795 0.1366152819994965
 0.008212743150733495 0.1372071093234922 0.06604771706838303 0.1507467345918825 0.115911057211586 0.07366380546783584 0.01394059837192435 0.03671580841036818 0.1331356588988572 -0.1831042915352816 -0.07330538120593613 0.05314950849931078 -0.09674297456886501 -0.03234800792660007 0.06520134704807051
 0.02550461164465852 0.1613717434595752 -0.0612395657368003 0.1920614911348886 0.03064775983160765 0.07609034577033355 0.2089886902110303 0.07766124959805315 -0.02904717912531021 -0.1663823366799631 -0.1466578641475295 0.1704716865642745 -0.05911945830875649 -0.03294800249842497 0.1204338127784741
 -0.03278693585418038 -0.0331331111938807 -0.02813804510588153 -0.249113412972442 0.05538394630114497 -0.1136695815753286 -0.1405018875735152 0.08249855585760831 0.03349207595399523 0.1568045238997638 0.1412225410599511 -0.2867136223746562 0.1393702498802092 -0.01863698637952572 -0.2347116428530795
 -0.04796159970293158 -0.01640784573480802 0.01852946295117274 0.107987588304466 -0.12515822084853 0.05985399899558407 0.114614827422805 -0.09000246330866996 0.063956865335353 -0.05353835705540674 -0.1704265683813233 0.180167126202281 -0.03685730192159885 -0.1643000069354269 0.2522514239515397
 -0.1923071099606012 -0.02071792880953164 -0.1506693915059681 0.01029747740784322 -0.1395097275105851 -0.04565575377414562 0.245176010212609 0.01968473707324932 -0.3283377341528378 -0.05397224290603819 0.1434209279995488 0.129206078966873 0.1081620554396058 -0.02713733813045211 0.002862871006339175
 -0.1332308621833374 0.1624230022976607 0.007122053115769763 -0.2008542049058382 0.2238212216712285 -0.1019821601712882 -0.1653956777396291 0.04139126919994044 0.1412845033662839 0.06129196663700485 0.1625726662079893 -0.2037382641400834 0.1122964267635524 0.05068899576256013 -0.3501512115076994


# name: iter
# type: scalar
931


# name: c
# type: matrix
# rows: 1
# columns: 15
 0.3922485712642591 0.6666823981384769 0.3957236375743391 0.4314530978284955 0.4754198548795809 0.3898532306330783 0.3838872718801897 0.3770948293451831 0.256763919618263 0.03267836179756948 0.5872494041959929 0.1147397217272499 0.3594365595116744 0.3436094229593978 0.6026321349218101


# name: mean_corr
# type: matrix
# rows: 29
# columns: 1
 -0.1265134336169711
 -0.1243129706603002
 -0.1219942719386771
 -0.08444561177591216
 -0.082882394841873
 -0.07871958324810699
 -0.05800092822496193
 -0.05508211588287027
 -0.04720512578294978
 -0.04114292881945815
 0.002082378364606685
 0.009488629766704965
 0.01670223656199456
 0.036696406699878
 0.07636364379932389
 0.0838681725991384
 0.08506179353517319
 0.0881969213660961
 0.1088763873208633
 0.1143564502382648
 0.1337475153054249
 0.1457012511206397
 0.145950905886923
 0.1714042928786878
 0.1768008310961621
 0.1774054215452872
 0.1923496979413278
 0.1924447070729224
 0.3872981610850374


# name: mean_error
# type: matrix
# rows: 29
# columns: 1
 1.478457633066461
 1.487312956961956
 1.48581222871159
 1.45823749822426
 1.457463093245254
 1.456500346337847
 1.455147566721628
 1.453722741735245
 1.4367888324582
 1.433576995867525
 1.414784031402039
 1.413243357163392
 1.406145691458921
 1.398219629607371
 1.366434876839894
 1.365226017103172
 1.36439558165058
 1.360019930022577
 1.341153960401969
 1.34257548584742
 1.330276107181745
 1.329416308085969
 1.329446491084062
 1.32156810026044
 1.31718462766605
 1.310511671317731
 1.30184449468357
 1.297778921463681
 1.261019570861016


# name: iter_improve
# type: matrix
# rows: 29
# columns: 1
 1
 10
 16
 31
 36
 40
 44
 61
 62
 68
 112
 135
 162
 192
 198
 241
 275
 326
 334
 348
 355
 358
 359
 500
 521
 545
 606
 701
 931


# name: optim_start
# type: scalar
931


