# Created by Octave 3.8.1, Tue Nov 28 20:26:22 2017 ART <gabrevaya@ws22.labo7>
# name: y_start
# type: matrix
# rows: 15
# columns: 1
 -0.01829104129692867
 0.1823858822539702
 -1.520473342433033
 0.1195023560503457
 -0.1467703022576764
 -0.6508887454758615
 1.439321737233397
 -1.19614429650018
 -0.6293519645601152
 -0.5748133770485014
 2.018882491829543
 0.6883877861220206
 -1.136087837723763
 0.7424989968298124
 1.487206871446238


# name: alphas
# type: cell
# rows: 1
# columns: 3
# name: <cell-element>
# type: matrix
# rows: 15
# columns: 1
 0.3658121371644913
 0.6467400886065997
 0.6339726399864259
 0.2560667387874632
 0.4471647946976514
 0.6331835217528409
 0.7616706870715477
 0.5449296390912907
 0.4874609212097616
 0.2128905103909757
 0.4699936282351769
 0.5104230414808359
 0.6871507255927662
 0.618496461630394
 0.512561069793763



# name: <cell-element>
# type: matrix
# rows: 15
# columns: 1
 0.7138217785156469
 0.6706976600727781
 0.8988405032188135
 1.105869702121664
 0.8535153230811242
 0.8168619661190568
 1.128490790803776
 0.9789274703912524
 1.024589955993921
 1.058063968574563
 0.4911636849594729
 0.9903310041322899
 0.8859021517966448
 0.740282687519523
 0.9115414152994936



# name: <cell-element>
# type: matrix
# rows: 15
# columns: 1
 11.13414137638505
 11.57141851637783
 11.35023492142755
 11.28801035817193
 11.24163043633295
 11.24503644292054
 10.90962277956333
 11.44760338803379
 11.13804783808929
 11.667364218319
 11.41257696550308
 11.22714466249618
 11.4254717767307
 10.97920082306286
 11.55264040375745





# name: W
# type: matrix
# rows: 15
# columns: 15
 0.03473902375461524 -0.05174850589332011 0.008998235985152587 0.1386815012751302 0.004277699781391912 0.0106289629018256 0.05198035235332361 0.03823828388063794 0.009882812268313165 -0.09070055703131431 -0.2276375789712103 0.03188931508902469 0.005426106305985627 -0.04682216051694116 0.02827441092329404
 -0.03689912262502424 -0.02129079271112208 -0.05228505054433822 -0.03225423824382818 0.09534370424407498 -0.03167538721257675 -0.007092131821454519 0.09270686148846326 0.001958279263447287 0.07278523326242685 0.3622877191882979 -0.07068454415755844 0.05141257621307614 0.06864761638992899 -0.1596746967230637
 -0.01459851819797729 0.04820901767490158 -0.1025047797811349 -0.1389447811756502 -0.01036772525860272 -0.04402384860571924 -0.02749495288487083 -0.08395413341088752 -0.03819092382757527 0.07121628749711223 -0.1890535700224153 -0.02718227683987778 -0.02977934756578331 0.037696790402687 0.01408188894362323
 0.01085430244324176 -0.001352228306838969 -0.07426694591853052 -0.1788909529823044 0.07515434218534246 -0.08529408090376026 -0.09790540282830704 0.02538353786288936 -0.008263337847536372 0.1407785855828236 0.04557230613132442 -0.1138593735754362 0.09371396628179671 0.04120010376072623 -0.1648134131702977
 -0.1274531781508859 0.1671547172766462 -0.07512438772336542 0.07637016074475747 0.07938609198527451 0.01664015739717554 0.05835354039074464 0.07913912348716527 0.002617027952245984 -0.009654516237660978 -0.006610465799806224 0.008284067861570633 -0.04666527761452896 0.05685503396587926 -0.01972452277043205
 0.03236406350472459 -0.06451658312640922 -0.03961503336449732 -0.1079124004786034 0.03292203651945484 -0.09510953399938772 -0.1314099354926351 -0.03805754834683391 -0.03641461478281897 0.02687412236054034 0.01493415314272971 -0.1230548814777524 0.03315662428124631 0.07501227890688092 -0.1471256015053909
 0.04599633362334728 -0.06409117183882036 -0.04545647697272807 -0.1835992116341642 0.04860429359530204 -0.07022616075393961 -0.2394621972075559 -0.02400155707121162 -0.03579694576378075 0.09138665807460467 0.1129892949733715 -0.1750854529475917 0.06234995426191892 0.05520722837178027 -0.2302098375027823
 -0.01532127371385841 0.03477246655946172 -0.1024264998233123 0.05167322497430182 0.06685926684094037 -0.04682601909987862 0.08492127390661283 0.05920212824852115 -0.01354756824090757 0.009117793776547716 -0.1716666260339693 -0.001772203912204135 0.002888029957029052 0.02495478668075341 -0.04177395935948963
 0.01374789703748763 -0.01406363651900274 -0.03653815182671362 -0.07980098557507363 -0.01810390738447373 -0.004072026274629878 -0.01265542459282326 -0.05776898486331071 -0.03524074565680498 0.06146103889541837 -0.06208637769023265 0.008233009175701998 -0.03100119507505188 0.01439079993369331 0.01533668092134709
 0.03544746075731982 -0.04532151158692222 0.1195237389177501 0.1222711764270036 -0.1017454728244044 0.06570973834096823 0.1010124933645812 -0.01880503317450612 0.05151071879074998 -0.1047720566163135 -0.01865666122714532 0.119732294194466 -0.00978434116177331 -0.11489907321515 0.2071420671909837
 0.007678394912127447 -0.04138560965745571 0.08042979171419666 0.04961963464544816 -0.02502741861974389 0.06236868969499992 -0.01435046676109186 0.01249542707805937 0.01725524475027663 -0.03219569745084548 -0.06483044228718542 0.02341972566191524 -0.007635147672511867 -0.02105151163602849 0.01747022914853744
 0.01718677905119812 -0.03607465734587789 -0.06461766328315123 -0.08025076726580366 0.07217331860949479 -0.06999933313884958 -0.1663529468152084 0.009881978134117777 -0.02951329278851101 0.01598915626584545 0.04992267529553406 -0.1705478174466858 0.04320473975399308 0.07750222848493454 -0.2187241268715042
 -0.05519508179048121 0.09303895515289451 -0.01451183230739556 0.0740767485960712 -0.02960357196177815 0.04876107704510052 0.1290820600802873 -0.007110943433015693 0.004908174581965939 -0.01544375542294092 -0.1463065419553891 0.1072799085458662 -0.08540711450242262 -0.02843210315657819 0.1502530636638262
 -0.1800969338720197 0.2307555452484148 0.03317739568917234 0.1441293739762677 0.02290654585265378 0.09731257817727804 0.1301419273368275 0.09323102012509986 0.0567583550782814 -0.04246826087881289 0.1108833441929567 0.1051411475294866 -0.06897570252860656 -5.51248808043402e-05 0.1316479571295988
 0.1064396339166366 -0.1457063797383446 -0.0261814928725632 -0.1087653091629311 0.06009226380973194 -0.1048519454144163 -0.1676556701644551 0.01126470204669436 -0.01683673620248879 0.04568613102618941 0.02974671188043096 -0.1696414344129475 0.1231061998415722 0.01634917507186594 -0.2447056509794673


# name: iter
# type: scalar
815


# name: c
# type: matrix
# rows: 1
# columns: 15
 0.4391337587879589 0.5055439936991717 0.4289838597386361 0.3263791162700444 0.489861723309626 0.2855924063236125 0.092371736408286 0.5943160250560424 0.2596619633608018 0.3922293666257999 0.4264988992147768 0.1270909246322071 0.4296248231596432 0.4534528368484383 0.2429557236298207


# name: mean_corr
# type: matrix
# rows: 19
# columns: 1
 -0.07603358840311406
 -0.05343089699815454
 -0.05108375270005901
 -0.03432179945150377
 -0.02626618607589485
 0.001939087237400202
 0.01260239757815208
 0.03116802508093655
 0.04044788912792011
 0.04717079616181296
 0.04776581469196122
 0.07364253200735854
 0.07951724444552476
 0.1076562188748329
 0.1166700657646182
 0.117765458817405
 0.1192592804882967
 0.1194907801974849
 0.3662464771376577


# name: mean_error
# type: matrix
# rows: 19
# columns: 1
 1.473072181857967
 1.43835532900078
 1.434328075373524
 1.425412832191104
 1.420229607564837
 1.410501378070899
 1.403581854889583
 1.389584376091251
 1.3904218959477
 1.394339527309876
 1.382616127526282
 1.378408473436873
 1.372504584701743
 1.362441255798226
 1.358165210385708
 1.358629973902709
 1.358370127366558
 1.358321992846975
 1.320081652345354


# name: iter_improve
# type: matrix
# rows: 19
# columns: 1
 1
 31
 69
 91
 96
 143
 161
 253
 271
 281
 285
 305
 340
 352
 369
 485
 487
 648
 815


# name: optim_start
# type: scalar
815


# name: optim_steps
# type: scalar
19


# name: VPVP_params
# type: scalar struct
# ndims: 2
 1 1
# length: 8
# name: lambda
# type: scalar
300000000


# name: downsample
# type: scalar
10


# name: MaxIter_X
# type: scalar
200


# name: MaxIter
# type: scalar
50


# name: optTol_X
# type: scalar
1e-06


# name: progTol_X
# type: scalar
1e-10


