# Created by Octave 3.8.1, Wed Nov 29 00:01:28 2017 ART <gabrevaya@ws21.labo5>
# name: y_start
# type: matrix
# rows: 15
# columns: 1
 -0.2303506788412559
 0.1151351299685148
 -1.029961338665361
 -0.4864308875618769
 -0.4243624104426605
 0.6008098317645174
 -1.188733104253129
 -0.003527811229201656
 -0.7450853466508146
 -1.882098164404518
 0.03254725277810752
 -0.4925257257518089
 0.7659838679043675
 -0.201804111110968
 -0.1985224974695354


# name: alphas
# type: cell
# rows: 1
# columns: 3
# name: <cell-element>
# type: matrix
# rows: 15
# columns: 1
 0.6541727772817637
 0.5447450657591377
 0.4679538603793933
 0.4944386505309948
 0.3285774845234173
 0.7721817465311306
 0.1688358877145021
 0.5823296634385611
 0.5480019104940349
 0.4635614256314957
 0.2673774727985538
 0.5845126561306224
 0.5994336931800622
 0.6176742954273466
 0.6450530809548731



# name: <cell-element>
# type: matrix
# rows: 15
# columns: 1
 0.6712344415757038
 1.189297992471092
 1.218960911173666
 1.142153419737595
 0.930379639203432
 0.8594354756343482
 0.9902947880197605
 1.091309229624813
 0.9394342611165277
 1.172413603640234
 0.9228752711808562
 0.9205480276863441
 1.147097602196778
 1.083681586279197
 0.9455232589449897



# name: <cell-element>
# type: matrix
# rows: 15
# columns: 1
 11.45030008037154
 11.30327509521179
 11.20940104260142
 11.70201653482847
 11.31008207197935
 11.30506771606676
 11.44714850776207
 11.29096836396165
 11.27297890549609
 11.54559439627416
 11.53006011051525
 11.3332070969691
 11.2371147763231
 11.17050462206433
 11.47657846896376





# name: W
# type: matrix
# rows: 15
# columns: 15
 0 0 0 0 0 0 0 0 0 0 0 0 0 0 0
 0 0 0 0 0 0 0 0 0 0 0 0 0 0 0
 0 0 0 0 0 0 0 0 0 0 0 0 0 0 0
 0 0 0 0 0 0 0 0 0 0 0 0 0 0 0
 0 0 0 0 0 0 0 0 0 0 0 0 0 0 0
 0 0 0 0 0 0 0 0 0 0 0 0 0 0 0
 0 0 0 0 0 0 0 0 0 0 0 0 0 0 0
 0 0 0 0 0 0 0 0 0 0 0 0 0 0 0
 0 0 0 0 0 0 0 0 0 0 0 0 0 0 0
 0 0 0 0 0 0 0 0 0 0 0 0 0 0 0
 0 0 0 0 0 0 0 0 0 0 0 0 0 0 0
 0 0 0 0 0 0 0 0 0 0 0 0 0 0 0
 0 0 0 0 0 0 0 0 0 0 0 0 0 0 0
 0 0 0 0 0 0 0 0 0 0 0 0 0 0 0
 0 0 0 0 0 0 0 0 0 0 0 0 0 0 0


# name: iter
# type: scalar
420


# name: c
# type: matrix
# rows: 1
# columns: 15
 0.04929212919053491 -0.1082903735725283 0.1785542907599715 0.2108539426743412 0.3732102567190506 -0.008633384256213615 0.01299780942088363 0.624059054435521 0.2145034771225785 -0.09061056758257305 -0.08948975183851381 0.03464344253125238 0.02735237211772318 0.06276670290245734 0.1081884753901269


# name: mean_corr
# type: matrix
# rows: 11
# columns: 1
 -0.04456859071977411
 -0.03625541205995823
 -0.01264300985203026
 -0.01247087098398223
 0.01531716842071918
 0.02394695887849736
 0.04931858866600902
 0.06458607570753425
 0.09372298739184429
 0.101987075296318
 0.1097861626656148


# name: mean_error
# type: matrix
# rows: 11
# columns: 1
 1.476618527892432
 1.472758273862133
 1.462380266030497
 1.462416856413373
 1.441407184321656
 1.432435292864745
 1.426904047802424
 1.411905139292436
 1.401012082480202
 1.386821244158094
 1.380232123527996


# name: iter_improve
# type: matrix
# rows: 11
# columns: 1
 1
 10
 12
 42
 71
 80
 93
 121
 141
 162
 182


# name: optim_start
# type: scalar
420


# name: optim_steps
# type: matrix
# rows: 0
# columns: 0


# name: VPVP_params
# type: scalar struct
# ndims: 2
 1 1
# length: 8
# name: lambda
# type: scalar
300000000


# name: downsample
# type: scalar
10


# name: MaxIter_X
# type: scalar
200


# name: MaxIter
# type: scalar
50


# name: optTol_X
# type: scalar
1e-06


# name: progTol_X
# type: scalar
1e-10


# name: optTol_aW
# type: scalar
0.0001


# name: progTol_aW
# type: scalar
1e-07




