# Created by Octave 3.8.1, Sat Jan 06 20:49:22 2018 ART <gabrevaya@ws1.labo2>
# name: y_start
# type: matrix
# rows: 10
# columns: 1
 0.2403887584119856
 -2.22993726459269
 -1.475038943644883
 -2.15825178203026
 -0.2493051595370271
 0.2457700889036702
 1.032349133876285
 -1.496077982720436
 0.4072269757901795
 0.02277478191316309


# name: alphas
# type: cell
# rows: 1
# columns: 3
# name: <cell-element>
# type: matrix
# rows: 10
# columns: 1
 0.5846804594165754
 0.5298808216735357
 0.3936776547591438
 0.8225680569940936
 0.5633887622010793
 0.5889527930675789
 0.3493892406867018
 0.6188014630449755
 0.6273467868619619
 0.6696147363939748



# name: <cell-element>
# type: matrix
# rows: 10
# columns: 1
 1.30196674946372
 1.170144363024838
 1.110501739775048
 1.01152730211824
 0.9480202566520245
 1.031962554219889
 1.261086463664547
 0.9443452138726853
 1.221674233692428
 0.9752510330455401



# name: <cell-element>
# type: matrix
# rows: 10
# columns: 1
 11.39916409397543
 11.63054946572938
 11.25644310822393
 11.45617876987393
 11.47372453943312
 11.42822754280472
 11.38325039736519
 11.25381517641697
 11.38575643541105
 11.22026707226554





# name: W
# type: matrix
# rows: 10
# columns: 10
 0 0 0 0 0 0 0 0 0 0
 0 0 0 0 0 0 0 0 0 0
 0 0 0 0 0 0 0 0 0 0
 0 0 0 0 0 0 0 0 0 0
 0 0 0 0 0 0 0 0 0 0
 0 0 0 0 0 0 0 0 0 0
 0 0 0 0 0 0 0 0 0 0
 0 0 0 0 0 0 0 0 0 0
 0 0 0 0 0 0 0 0 0 0
 0 0 0 0 0 0 0 0 0 0


# name: iter
# type: scalar
959


# name: c
# type: matrix
# rows: 1
# columns: 10
 0.2040668842941279 0.2474731312741756 0.233716460462939 -0.2280836780248792 0.4748641212421108 0.2206729907413443 0.0302299283335882 0.02399455872193763 0.2250472633376528 0.1065789632770948


# name: mean_corr
# type: matrix
# rows: 24
# columns: 1
 -0.003370748416935899
 0.01639872911730052
 0.007488780728329504
 0.04102893895195612
 0.04223260472484467
 0.08764453147234193
 0.1323833422109597
 0.1453160433723076
 0.1548374927477068
 0.1575693271480012
 0.1769154281656632
 0.1769927971763566
 0.1777675546795812
 0.178168570202138
 0.1785278556043827
 0.1787440138354116
 0.2053049728298052
 0.205649835373189
 0.2058440065366162
 0.2061296954002222
 0.2064076864888823
 0.2064504323653122
 0.2064382448523116
 0.2063838009265097


# name: mean_error
# type: matrix
# rows: 24
# columns: 1
 1.420382389984401
 1.415530442628663
 1.372916196947878
 1.347014121480823
 1.349360955787952
 1.328812885203273
 1.306441161150764
 1.303713071488212
 1.303821922848866
 1.300150870831347
 1.289382255772526
 1.289050406493278
 1.288536679770152
 1.288730532893394
 1.286034409963146
 1.286640724572969
 1.277183460301831
 1.276054185763015
 1.274164095647887
 1.275495476825528
 1.274893225743354
 1.275271171077864
 1.272283580624338
 1.268430074495455


# name: iter_improve
# type: matrix
# rows: 24
# columns: 1
 1
 20
 31
 33
 49
 114
 126
 128
 136
 169
 201
 254
 269
 324
 374
 443
 446
 459
 477
 688
 708
 733
 758
 935


# name: optim_start
# type: scalar
959


# name: optim_steps
# type: matrix
# rows: 0
# columns: 0


# name: VPVP_params
# type: scalar struct
# ndims: 2
 1 1
# length: 8
# name: lambda
# type: scalar
300000000


# name: downsample
# type: scalar
10


# name: MaxIter_X
# type: scalar
200


# name: MaxIter
# type: scalar
50


# name: optTol_X
# type: scalar
1e-06


# name: progTol_X
# type: scalar
1e-10


# name: optTol_aW
# type: scalar
0.0001


# name: progTol_aW
# type: scalar
1e-07




