# Created by Octave 3.8.1, Tue Nov 28 19:58:07 2017 ART <gabrevaya@ws6.labo1>
# name: y_start
# type: matrix
# rows: 15
# columns: 1
 0.2604424637617633
 1.615658449263456
 0.577120419826528
 2.124175782796051
 1.108574452330872
 -0.3468113691057156
 0.8165151549397387
 1.415649418130618
 0.5157342487828993
 1.891682734343195
 0.2333519525433377
 0.6673866920064299
 -1.966527882105799
 -1.146361709807555
 -0.6510750806601129


# name: alphas
# type: cell
# rows: 1
# columns: 3
# name: <cell-element>
# type: matrix
# rows: 15
# columns: 1
 0.3961084166638413
 0.4903205577623014
 0.6443439866793049
 0.6562046407249342
 0.5688699617982027
 0.5158226544895618
 0.6928858665427639
 0.4995777938776774
 0.4585945301816791
 0.3361832328145747
 0.5744608108506404
 0.3643732516224018
 0.3334786435679666
 0.5479315545143306
 0.5898560676497169



# name: <cell-element>
# type: matrix
# rows: 15
# columns: 1
 0.7606433075280103
 0.9167023910492419
 1.069731996417897
 1.235832222802216
 0.7301022360062616
 1.231663868661799
 1.10405120322827
 0.7635293926743211
 1.181788932783017
 0.7118040195630633
 0.7100882502759468
 0.979921633156557
 0.8304196239998906
 0.7097304967951249
 1.430209584208534



# name: <cell-element>
# type: matrix
# rows: 15
# columns: 1
 11.03228299433735
 11.67433582238998
 11.29502293084747
 11.12955563316021
 11.11322066947976
 10.9049200977319
 11.7398549981588
 11.23898331534572
 11.33258632007718
 11.17256427191995
 11.27322846566282
 11.4373759183712
 11.547153751399
 11.07443218120736
 11.10394621845151





# name: W
# type: matrix
# rows: 15
# columns: 15
 0.03311489966248488 0.06311764239163685 -0.008831663091033233 0.3061960792517777 -0.03822563656257789 0.1387289207250528 0.09677101596940679 -0.05151336897836462 -0.004181794435742806 0.06590329430818166 -0.09108863877932889 0.1005504456458322 -0.01722584260053793 -0.0397355569819304 0.1013978738231123
 0.08880206733701691 -0.1128585326286236 -0.1762354383985343 -0.1787076976248095 0.2066743086041555 -0.06174803454373397 -0.09390741389922462 0.2616237697083177 -0.0319558760399687 0.2279565132887697 0.3135269397499956 -0.2431280560927472 0.3458442538739392 0.1726860080558816 -0.1524053375405066
 0.03549584326650532 -0.06974425702921681 -0.03125630217041194 -0.1420678633974571 0.0001385146622293932 -0.06263304910833831 -0.05342994267733084 -0.005301573720775539 -0.01232612762496277 0.06506989047753403 0.02784701571532438 -0.04397494701425772 0.0505040151040113 -0.0004274729065366195 0.04279357317577157
 0.04750841749358871 0.004013039629201961 -0.01176374733744554 -0.2869925320438233 0.01688203276480537 -0.1275721889409224 0.05108880308266307 0.1233641465647401 0.06308094673640668 0.09772560483648812 0.04637543338667638 -0.03617780854985283 0.2017690468978939 -0.04144015543565924 0.2478885665789838
 -0.1435662163622972 0.07319187092556892 -0.07267402749911617 0.05562155560180137 -0.01407300470903174 0.0922347301532538 0.07743708258777877 0.05550955572122114 -0.01113774043658163 -0.1967140704859898 0.02019965276441086 0.01000795217222407 0.06061070811063588 0.1418169404048961 0.2151745565319798
 0.0006441374074212929 -0.03086539465240198 -0.008192878312921781 -0.1382020309579749 0.02154778422994902 -0.08797063283692073 -0.04766824305860901 0.01622618215422441 -0.01152832085571357 0.01897777737239952 0.0496608846677012 -0.04381872710857027 -0.0002628541249003619 0.007217469517517061 -0.07965825836116569
 0.06384185084922203 -0.1608610559138593 -0.02967443868551559 -0.3395602097100165 0.0678103045895405 -0.1136423268502675 -0.2171845727885426 0.07061509279167905 -0.02760444084841672 0.1224384430701562 0.1936227668407444 -0.2028782278473847 0.1126479194330794 0.06158675062658831 -0.1430955616524913
 -0.02220619460921277 0.0394040104872429 -0.1321022833901827 0.2252931136187057 0.110081275138602 0.1208986489366351 0.01440323603603493 0.05072607667480483 -0.04129414823980649 0.01311497653780313 0.1007504680969205 -0.04899963311504824 0.04401186695347136 0.115896794340141 -0.0896108627729221
 0.04584347471574658 -0.02776356379645487 -0.008192954821437665 -0.128560221928834 -0.03234318889779107 -0.0566454626650907 -0.02085440047540745 -0.03205538067651879 -0.01444624634956818 0.07025278824869266 0.009316343078882437 -0.0139793011591722 0.02626673315289908 -0.01480431919001768 0.02402436423584535
 -0.02811648825179054 0.01636820611339019 -0.03308792522099647 0.1032138655526401 0.03326670361327629 0.05653105769206301 0.03603820655515529 0.03954413899869751 -0.004414502048110331 -0.02995511776400115 0.009694036084586709 0.005973665975280005 0.04703992572665947 0.02816153990813267 0.03682122036860514
 -0.1948375092460536 0.1911945034779626 -0.01143030284303602 0.2026166562735147 -0.02886715861649492 0.05516653837704816 0.2096702606755563 0.06093363351405764 0.03788010181032227 -0.3103083653649055 -0.2393317394628617 0.1910978334235364 -0.091685819102333 -0.06185003448290231 0.06752472395409234
 -0.01224548604788018 -0.1067858671753464 -0.02997413411479055 -0.1982439822577741 0.1147451838419315 -0.009125326234478469 -0.1861138430552618 0.1109437418163728 -0.05097926740631376 0.09756530249927282 0.2090233108216228 -0.2282169700259973 0.0382069909855413 0.1217757814907834 0.006142966368873706
 0.008043914539247275 0.1135274389121399 0.005755049544180331 0.1239012766308566 -0.01937465115448274 -0.007773687160053267 0.1258266334787438 0.0577303961112943 0.04172996709641984 0.005952429653484663 -0.09914593004329296 0.1231720951430549 -0.0622429657191609 -0.1137215546918203 -0.07952262317758904
 -0.2343612754346382 0.1277832110691358 -0.01468322022552731 -0.1029933675739787 0.09344292035033794 -0.04937711375725867 0.08679328702813399 0.1888168437999649 0.04305896566440799 -0.273836994762719 -0.007225463768783772 0.04043429964391138 -0.07590763175502269 0.02256903583076119 0.105699358828794
 0.06227729354394512 -0.06954017067223983 0.0234893630927336 -0.08679686244532321 -0.03466324538133068 -0.04515643473950964 -0.1038806976926073 -0.06610398708686957 -0.02274570367003346 0.05610024278952713 0.02884880636529204 -0.06253514407792908 -0.01852086559419273 -0.02147640085247603 -0.2771719210242895


# name: iter
# type: scalar
381


# name: c
# type: matrix
# rows: 1
# columns: 15
 0.4632798672789446 0.519630751271729 0.430437851586832 0.316524924073359 0.5787210423236316 0.4100599741352365 0.2983107144058571 0.7496771100011971 0.324804842057812 0.408559197891235 0.3871790015467225 0.1370644809466442 0.4025013811881521 0.6032796069633665 0.237586583752417


# name: mean_corr
# type: matrix
# rows: 19
# columns: 1
 -0.1479195191778645
 -0.1300676684284322
 -0.1298641195373448
 -0.108673611509909
 -0.02998155554281431
 -0.0295175318676348
 -0.02652283865233003
 -0.009765233687915421
 -0.06608576612306739
 -0.06162417315556723
 -0.02307279952253879
 -0.01677093575683624
 -0.007521632553493477
 0.02953308415446214
 0.03479445923561372
 0.04358705880318491
 0.05968006441342115
 0.06016207364414006
 0.4178411552948758


# name: mean_error
# type: matrix
# rows: 19
# columns: 1
 1.492357693236772
 1.477910932573018
 1.478451872559792
 1.476429321592394
 1.41879007013391
 1.420942283033307
 1.418343676164905
 1.414108311717008
 1.455405682008666
 1.451378875771411
 1.439385777438832
 1.43701338093387
 1.428724781364504
 1.408003400673022
 1.40671029825194
 1.399566405681804
 1.396787099982826
 1.394978417107501
 1.252676746276043


# name: iter_improve
# type: matrix
# rows: 19
# columns: 1
 1
 31
 42
 50
 62
 80
 106
 115
 124
 136
 137
 166
 173
 192
 198
 249
 254
 346
 381


# name: optim_start
# type: scalar
381


# name: optim_steps
# type: scalar
19


# name: VPVP_params
# type: scalar struct
# ndims: 2
 1 1
# length: 8
# name: lambda
# type: scalar
300000000


# name: downsample
# type: scalar
10


# name: MaxIter_X
# type: scalar
200


# name: MaxIter
# type: scalar
50


# name: optTol_X
# type: scalar
1e-06


# name: progTol_X
# type: scalar
1e-10


# name: optTol_aW
# type: scalar
0.0001


