# Created by Octave 3.8.1, Sat Jan 06 20:52:04 2018 ART <gabrevaya@ws1.labo2>
# name: y_start
# type: matrix
# rows: 10
# columns: 1
 0.2403887707939556
 -2.22993726719362
 -1.475038941689842
 -2.158251776454795
 -0.2493051400844241
 0.2457700895403817
 1.032349123046433
 -1.496077987497472
 0.4072269688226113
 0.02277478829979441


# name: alphas
# type: cell
# rows: 1
# columns: 3
# name: <cell-element>
# type: matrix
# rows: 10
# columns: 1
 0.513556346560415
 0.4827344206879415
 0.2975636449874867
 0.7432614675636
 0.6334414789929035
 0.5293130776233835
 0.2771614636689857
 0.5598901425469259
 0.6063450631324402
 0.6930142790585252



# name: <cell-element>
# type: matrix
# rows: 10
# columns: 1
 1.388093933497651
 1.16400167855772
 1.127708101717428
 0.9938982372513779
 0.929600164045274
 0.9847627364663694
 1.238827007939583
 0.99783407228292
 1.195471186927521
 0.932791537579169



# name: <cell-element>
# type: matrix
# rows: 10
# columns: 1
 11.40812409369905
 11.63211594690821
 11.26016148869317
 11.45534022104539
 11.47594866458461
 11.42389492053164
 11.38709952724146
 11.25107119993263
 11.38438605154867
 11.21365556394531





# name: W
# type: matrix
# rows: 10
# columns: 10
 -0.1107695817707481 0.01529232170691021 -0.07950518876802097 -0.2830992220238776 -0.2178193743043557 -0.00332988901828564 -0.02509333996653354 -0.2191162392194389 -0.06653859148131719 0.2373688528418522
 0.0357907553819513 -0.0702226977752989 -0.1543341314765752 -0.1705020848083498 -0.1161619637437565 0.01629887213839223 0.07795088233428243 -0.08690941270854785 0.03442037030504028 0.02455405538524052
 -0.0631985820942052 0.03828045134619874 -0.2751620632899688 0.03197665815728307 0.1539730448871512 0.05643960253513779 0.09867543091103044 0.1462683895117746 0.3483192718591624 -0.2297914776826432
 -0.1300024642322526 -0.07507762858903397 0.03101715828277481 -0.1275313427098083 0.1115729581803794 0.04996275179470732 -0.02378196592659643 -0.1163652137182959 0.09263053612226389 0.1292136914332092
 0.1969121429228437 -0.2354678666572941 0.08271649519394807 0.1329047805602938 0.1843703819004316 0.01416670278132332 0.08658527701038249 0.0437578688872326 -0.01959047001994777 -0.1052827702067847
 0.01442407698284345 0.06565695809436935 -0.03249405007259698 0.05865755789251685 0.02149843079663188 -0.07585387397168966 0.01251099874396068 0.06786892256562325 0.08883504998071881 -0.001222136918549149
 -0.1159916417031319 0.1635239279829955 0.1341406496950719 -0.06458560622505533 -0.113819325107542 0.03250687231498853 -0.1165771898933538 -0.1489747129619904 -0.1032220356665078 0.3070139802841802
 0.008939478890285136 -0.1847515809250753 0.1738360407717902 -0.1137925117421845 0.09865686059928545 0.06232431593607187 -0.05141793738386811 -0.3313071924215585 -0.04909555685955994 0.3036356701834575
 -0.07985186536463618 0.08386736267408175 0.1496569202539851 -0.03022213981042917 0.005851058221598387 0.04856576234620994 -0.0941425931943318 -0.13535504594284 -0.02896591907147409 0.278182079709906
 -0.07798053473481166 0.1511979943301076 -0.2150530209381603 0.09806409374658889 0.008404551879658042 -0.01100386662355711 0.01585044156923279 0.2574279392857937 0.1050468202128356 -0.4018726700776023


# name: iter
# type: scalar
959


# name: c
# type: matrix
# rows: 1
# columns: 10
 0.5346555528769106 0.5047108668906199 0.4217435622774613 0.4000456651257523 0.7138190073245411 0.2731951466810358 0.2147938202120658 0.06175383403345366 0.3853817773639784 0.1636976606818527


# name: mean_corr
# type: matrix
# rows: 25
# columns: 1
 -0.003370748416935899
 0.01639872911730052
 0.007488780728329504
 0.04102893895195612
 0.04223260472484467
 0.08764453147234193
 0.1323833422109597
 0.1453160433723076
 0.1548374927477068
 0.1575693271480012
 0.1769154281656632
 0.1769927971763566
 0.1777675546795812
 0.178168570202138
 0.1785278556043827
 0.1787440138354116
 0.2053049728298052
 0.205649835373189
 0.2058440065366162
 0.2061296954002222
 0.2064076864888823
 0.2064504323653122
 0.2064382448523116
 0.2063838009265097
 0.3673796893467672


# name: mean_error
# type: matrix
# rows: 25
# columns: 1
 1.420382389984401
 1.415530442628663
 1.372916196947878
 1.347014121480823
 1.349360955787952
 1.328812885203273
 1.306441161150764
 1.303713071488212
 1.303821922848866
 1.300150870831347
 1.289382255772526
 1.289050406493278
 1.288536679770152
 1.288730532893394
 1.286034409963146
 1.286640724572969
 1.277183460301831
 1.276054185763015
 1.274164095647887
 1.275495476825528
 1.274893225743354
 1.275271171077864
 1.272283580624338
 1.268430074495455
 1.209205864237479


# name: iter_improve
# type: matrix
# rows: 25
# columns: 1
 1
 20
 31
 33
 49
 114
 126
 128
 136
 169
 201
 254
 269
 324
 374
 443
 446
 459
 477
 688
 708
 733
 758
 935
 959


# name: optim_start
# type: scalar
959


# name: optim_steps
# type: scalar
25


# name: VPVP_params
# type: scalar struct
# ndims: 2
 1 1
# length: 8
# name: lambda
# type: scalar
300000000


# name: downsample
# type: scalar
10


# name: MaxIter_X
# type: scalar
200


# name: MaxIter
# type: scalar
50


# name: optTol_X
# type: scalar
1e-06


# name: progTol_X
# type: scalar
1e-10


# name: optTol_aW
# type: scalar
0.0001


# name: progTol_aW
# type: scalar
1e-07




