# Created by Octave 3.8.1, Wed Nov 29 00:04:40 2017 ART <gabrevaya@ws21.labo5>
# name: y_start
# type: matrix
# rows: 15
# columns: 1
 -0.2303506623878242
 0.1151351276857696
 -1.029961343237363
 -0.4864308874246722
 -0.424362412451849
 0.6008098242836252
 -1.188733104672204
 -0.003527798898755567
 -0.7450853409431221
 -1.882098164069872
 0.03254724426128679
 -0.4925257218910936
 0.7659838650280774
 -0.2018041520852103
 -0.1985224926970235


# name: alphas
# type: cell
# rows: 1
# columns: 3
# name: <cell-element>
# type: matrix
# rows: 15
# columns: 1
 0.6314083778923082
 0.4876429044273902
 0.4532380200463295
 0.3966256137018281
 0.3269585039105469
 0.661134673938388
 0.1108279017466644
 0.6479800977869876
 0.5031639075817033
 0.3559736509739693
 0.209305862107499
 0.4830070294607343
 0.559186895143563
 0.6250828215697599
 0.609901005211016



# name: <cell-element>
# type: matrix
# rows: 15
# columns: 1
 0.7987928452711605
 0.8483713787552492
 1.245413156773013
 1.145220083195169
 0.8453132495764031
 0.9511005733559497
 1.076886623650932
 1.064646492658797
 0.9284239119335779
 1.184052019135684
 0.8328896735205832
 0.9654332753705051
 1.154003752825419
 0.738610740369791
 0.9298510402102919



# name: <cell-element>
# type: matrix
# rows: 15
# columns: 1
 11.45746418830137
 11.26982508963979
 11.21246391702538
 11.7019968469751
 11.30275340625238
 11.31358123571709
 11.45644782928303
 11.28820266485957
 11.27439633281331
 11.55010302265538
 11.52322047743007
 11.33781224776597
 11.23977673015802
 11.13800017395834
 11.4727931226389





# name: W
# type: matrix
# rows: 15
# columns: 15
 -0.01674947498909589 0.02877373436364159 -0.01793332668916691 0.1615837540729538 -0.04259687647326327 0.02731690077526275 0.05901691509087727 0.005955476210085889 -0.01924733849799056 -0.165837746335802 -0.08681970321341102 0.09263320811245924 -0.1461105614103677 -0.04686914687072327 0.1268080665936659
 -0.02548467748371301 -0.04212855680662704 -0.1654795693888178 -0.146130584813224 0.188848336552474 -0.1004430410625262 -0.1025447838647517 0.1634538828383433 -0.01559217298595517 0.1581853078688818 0.215588110152679 -0.1615780448023426 0.246589552890097 0.1121353348094511 -0.2826387985797577
 -0.01092343698069081 -0.05277578142958012 -0.002648263508772365 -0.1062063926113482 -0.06467917142925261 0.02382645647492082 -0.06842846753318224 -0.05387472602199195 -0.01896721420222318 -0.005633309937912021 -0.02007134944755739 -0.008013812367509787 0.04562450144406056 -0.01636958412877066 0.01007146827272827
 -0.001532289297099734 -0.01395887081871653 0.02034849868691429 -0.2132303484582536 0.06370555901724564 -0.08597345327846481 -0.03499613790879532 0.03720253248848954 0.0379168822429589 0.2188887051912985 0.09362787526996226 -0.08798964419197278 0.2743528185774449 -0.02763452952798464 -0.141680980360939
 -0.2193063268985134 0.1902160183178312 -0.04700399263706624 0.1031784614962929 0.1089595699925307 0.05541988447342507 0.08422239491183692 0.1032332155772527 -0.01279820412178687 -0.009671281606143112 0.006145299868281632 -0.006910320050670824 0.02151892185499285 0.07620024669515345 -0.02014586570727098
 0.1280201237184672 -0.0515064827789561 0.08734344853328795 -0.05484755726288684 0.06034814640377369 -0.1773188134137044 -0.04527322489971074 -0.04048950089569459 0.003680061365489064 0.1203310364020226 0.1363741537046298 -0.1247297884763488 -0.03500794533259074 0.06773544320167385 -0.1823729078745694
 0.06057434747229234 -0.1072363690812057 -0.05901657577635758 -0.2393364301317197 0.04066537160329026 -0.08242100880032233 -0.143544597596828 0.02861917274120156 -0.009692668829785997 0.161557926543828 0.140984175850823 -0.1319544109730349 0.2318814075465998 0.01037624930418062 -0.1788690149861652
 0.07296367184699933 0.04602498593909811 -0.1286118961444504 0.1088525001495584 0.08302182879539673 -0.05471418469866206 0.0577106471692773 0.1454183636834738 0.0391265902865866 -0.07196037463679444 0.02274820491307782 -0.003767851746922831 0.02707278199725187 -0.08659667721162971 -0.03199338477462498
 0.01461861397086665 -0.03596667337584859 -0.03882144450811594 -0.0794268914874429 -0.01021464180265922 -0.0005301441393490136 -0.06378559525190386 0.0004116747247658885 -0.05653766009432384 0.0145302058796437 0.02719756630714366 -0.03837939090061506 0.07318451794402932 -0.01302443953194081 -0.04632012694078996
 0.05881481044111943 -0.01591377154163435 -0.08333284178102889 0.01099950776178628 -0.1805268304612918 0.05759955034710321 0.03468326087601587 0.007201648493091796 0.03050349935401267 -0.1671070137180339 -0.1860663185151807 0.1780400198099668 0.02715433439090961 -0.1493324580304616 0.3292188413822891
 -0.2618941461782288 0.2279123808806409 -0.08507905124397022 0.1787468519997247 0.001263538983873463 0.1550670647125141 0.1648817365134743 0.1029216731855181 0.007282731650112629 -0.1214357433781012 -0.17605748066176 0.1844568860519511 -0.03437268080910286 0.003276936389353173 0.2379377044621588
 -0.02113040442569187 -0.06151139658533829 0.05035165166569922 -0.09728935668235184 0.06660968220466994 -0.03106035972472681 -0.1114105549511741 -0.06772205080695431 -0.04882637643806087 0.07919871772407626 0.1478526347730748 -0.205849287335843 -0.0006274047677913184 0.0810505257059761 -0.2393580422402351
 0.1027093600720163 0.01609108111864751 0.02831401615227909 0.1145179899997167 -0.03739510801510099 -0.03376426664416605 0.1372019985592119 0.02912010433314698 0.07615443601586754 -0.01785176777852975 -0.09890532788049163 0.1136001410227208 -0.04483840974728646 -0.1027102848141087 0.1772984572646345
 -0.3109744902421488 0.1962923181789209 -0.0244344821621053 0.0606115032402093 0.04801997804670076 0.1164830174603719 0.1177431556542138 0.05129039787117481 -0.002990588730046262 0.004692188816954108 -0.07595251696474282 0.0916172876005196 0.06548177763803564 0.04779668094489151 0.1424288171477809
 0.07103986619178623 -0.07229006556406256 0.1174305919272474 -0.1439467045824308 0.05498701478780058 -0.08965847658937726 -0.1102639967791574 -0.09642680592779124 -0.02143813093771259 0.1228937223203211 0.1472164019019203 -0.1897837621560255 0.01644654628450958 0.0434297534435026 -0.3412019676312643


# name: iter
# type: scalar
420


# name: c
# type: matrix
# rows: 1
# columns: 15
 0.4085062787718066 0.5239705390472238 0.4719715293953436 0.4205304571919145 0.5377477304010656 0.3006723397534128 0.3128507657471083 0.6905376381806999 0.271753384440227 0.3943325295182549 0.2567207299271081 0.09226768461189021 0.4010861023407884 0.5560965988757082 0.1802502008948574


# name: mean_corr
# type: matrix
# rows: 12
# columns: 1
 -0.04456859071977411
 -0.03625541205995823
 -0.01264300985203026
 -0.01247087098398223
 0.01531716842071918
 0.02394695887849736
 0.04931858866600902
 0.06458607570753425
 0.09372298739184429
 0.101987075296318
 0.1097861626656148
 0.3879529672731606


# name: mean_error
# type: matrix
# rows: 12
# columns: 1
 1.476618527892432
 1.472758273862133
 1.462380266030497
 1.462416856413373
 1.441407184321656
 1.432435292864745
 1.426904047802424
 1.411905139292436
 1.401012082480202
 1.386821244158094
 1.380232123527996
 1.281193575543658


# name: iter_improve
# type: matrix
# rows: 12
# columns: 1
 1
 10
 12
 42
 71
 80
 93
 121
 141
 162
 182
 420


# name: optim_start
# type: scalar
420


# name: optim_steps
# type: scalar
12


# name: VPVP_params
# type: scalar struct
# ndims: 2
 1 1
# length: 8
# name: lambda
# type: scalar
300000000


# name: downsample
# type: scalar
10


# name: MaxIter_X
# type: scalar
200


# name: MaxIter
# type: scalar
50


# name: optTol_X
# type: scalar
1e-06


# name: progTol_X
# type: scalar
1e-10


# name: optTol_aW
# type: scalar
0.0001


# name: progTol_aW
# type: scalar
1e-07




