# Created by Octave 3.8.1, Tue Nov 28 19:52:13 2017 ART <gabrevaya@ws6.labo1>
# name: y_start
# type: matrix
# rows: 15
# columns: 1
 0.2604424430023228
 1.61565843343434
 0.577120436701428
 2.124175776745437
 1.108574464367663
 -0.3468113741965466
 0.8165151643301017
 1.415649414421898
 0.5157342495544712
 1.891682725477626
 0.233351974703085
 0.6673866943774677
 -1.966527901948503
 -1.146361685927997
 -0.6510750807451136


# name: alphas
# type: cell
# rows: 1
# columns: 3
# name: <cell-element>
# type: matrix
# rows: 15
# columns: 1
 0.3823394523927914
 0.5442796807344603
 0.6749709475367137
 0.7460558722220341
 0.6434477984470027
 0.5744804666271925
 0.7863138152802794
 0.5202822770673635
 0.4693039262596844
 0.3492490592657211
 0.6785340129875539
 0.4866414567894587
 0.3674673112061211
 0.5473482926081094
 0.5459120650372158



# name: <cell-element>
# type: matrix
# rows: 15
# columns: 1
 0.6614808332218854
 1.120094141341665
 1.081928908771751
 1.226794532263922
 0.8854961776914079
 1.190176353127278
 1.008101230434959
 0.7026162862947899
 1.192213767134983
 0.6164113488195929
 0.9768057406689276
 0.96106201973113
 0.9152075988445371
 1.131122621022156
 1.565436498714823



# name: <cell-element>
# type: matrix
# rows: 15
# columns: 1
 11.02678881014688
 11.68514276359518
 11.29690641450666
 11.12355827314756
 11.11853321141904
 10.89944867822162
 11.72942582864761
 11.23570444908652
 11.33387489254993
 11.16107516084139
 11.29356314738292
 11.43591921603242
 11.55316020762713
 11.11631900980357
 11.1239308211033





# name: W
# type: matrix
# rows: 15
# columns: 15
 0 0 0 0 0 0 0 0 0 0 0 0 0 0 0
 0 0 0 0 0 0 0 0 0 0 0 0 0 0 0
 0 0 0 0 0 0 0 0 0 0 0 0 0 0 0
 0 0 0 0 0 0 0 0 0 0 0 0 0 0 0
 0 0 0 0 0 0 0 0 0 0 0 0 0 0 0
 0 0 0 0 0 0 0 0 0 0 0 0 0 0 0
 0 0 0 0 0 0 0 0 0 0 0 0 0 0 0
 0 0 0 0 0 0 0 0 0 0 0 0 0 0 0
 0 0 0 0 0 0 0 0 0 0 0 0 0 0 0
 0 0 0 0 0 0 0 0 0 0 0 0 0 0 0
 0 0 0 0 0 0 0 0 0 0 0 0 0 0 0
 0 0 0 0 0 0 0 0 0 0 0 0 0 0 0
 0 0 0 0 0 0 0 0 0 0 0 0 0 0 0
 0 0 0 0 0 0 0 0 0 0 0 0 0 0 0
 0 0 0 0 0 0 0 0 0 0 0 0 0 0 0


# name: iter
# type: scalar
381


# name: c
# type: matrix
# rows: 1
# columns: 15
 -0.06568948300870663 -0.07410694720856065 0.008558772633374909 0.1338987139286417 0.2865365814357849 0.2335959303270234 -0.03113807761260071 0.3618712552662654 -0.03185039814309326 -0.04633722817256179 -0.07610421234922542 0.07527639277804769 0.02069355963613678 -0.06537760990594868 0.0101538132119559


# name: mean_corr
# type: matrix
# rows: 18
# columns: 1
 -0.1479195191778645
 -0.1300676684284322
 -0.1298641195373448
 -0.108673611509909
 -0.02998155554281431
 -0.0295175318676348
 -0.02652283865233003
 -0.009765233687915421
 -0.06608576612306739
 -0.06162417315556723
 -0.02307279952253879
 -0.01677093575683624
 -0.007521632553493477
 0.02953308415446214
 0.03479445923561372
 0.04358705880318491
 0.05968006441342115
 0.06016207364414006


# name: mean_error
# type: matrix
# rows: 18
# columns: 1
 1.492357693236772
 1.477910932573018
 1.478451872559792
 1.476429321592394
 1.41879007013391
 1.420942283033307
 1.418343676164905
 1.414108311717008
 1.455405682008666
 1.451378875771411
 1.439385777438832
 1.43701338093387
 1.428724781364504
 1.408003400673022
 1.40671029825194
 1.399566405681804
 1.396787099982826
 1.394978417107501


# name: iter_improve
# type: matrix
# rows: 18
# columns: 1
 1
 31
 42
 50
 62
 80
 106
 115
 124
 136
 137
 166
 173
 192
 198
 249
 254
 346


# name: optim_start
# type: scalar
381


# name: optim_steps
# type: matrix
# rows: 0
# columns: 0


# name: VPVP_params
# type: scalar struct
# ndims: 2
 1 1
# length: 8
# name: lambda
# type: scalar
300000000


# name: downsample
# type: scalar
10


# name: MaxIter_X
# type: scalar
200


# name: MaxIter
# type: scalar
50


# name: optTol_X
# type: scalar
1e-06


# name: progTol_X
# type: scalar
1e-10


# name: optTol_aW
# type: scalar
0.0001


# name: progTol_aW
# type: scalar
1e-07




