# Created by Octave 3.8.1, Mon Jan 08 10:31:23 2018 ART <gabrevaya@ws17.labo2>
# name: y_start
# type: matrix
# rows: 10
# columns: 1
 -2.874496385927924
 0.170068881104105
 -1.476997189580556
 1.168829856343684
 0.3993942838167299
 -4.283471232240525
 0.09624095144520359
 -1.68005907948931
 0.2768383913867623
 -0.5838622068990773


# name: alphas
# type: cell
# rows: 1
# columns: 3
# name: <cell-element>
# type: matrix
# rows: 10
# columns: 1
 0.6887620775322273
 0.6010543204243153
 1.33295495651313
 -0.0530097984998289
 1.024539751594033
 -1.213605119396054
 0.8775447997659849
 0.6612050025011356
 -0.005052114500825654
 -0.3666685577244976



# name: <cell-element>
# type: matrix
# rows: 10
# columns: 1
 1.704792383862299
 0.9144639090830685
 1.286585714805225
 0.610349463212322
 0.8534115728696025
 0.4114536485157542
 0.7524848339525522
 0.6252224418135539
 1.61817910280319
 0.1988267940801034



# name: <cell-element>
# type: matrix
# rows: 10
# columns: 1
 10.39812602067929
 12.16796464275616
 11.69980936511946
 12.37447542286343
 12.1449682558063
 9.42437973689162
 11.39260829150642
 10.64234919936074
 11.9479119941121
 11.38437209434998





# name: W
# type: matrix
# rows: 10
# columns: 10
 -0.1252148734760992 -0.08233075245818133 -0.5057591431033959 -0.2677212889096979 -0.3234504442745968 -0.1163798385207459 -1.178701722776874 -1.360867165784003 -0.05306850946676417 1.52791796159605
 -0.04685669907200223 0.1712152559655843 -0.1047184618571514 -0.2316241300374327 -0.02414450002582073 0.4927425976130153 0.3191167038126109 -0.3214896923483514 0.1114812763992171 -0.5178615568192907
 -0.1810995726073797 0.2080626005943911 -0.5477108611425997 0.2365499990889673 0.8394987086043297 0.1074450134507337 0.4108007632362496 0.1352975970405906 1.030350494957463 -0.499622373445013
 -0.7845705789897438 -0.2573112855728852 0.5305406054518789 -0.1185970742938908 0.3046125330514612 0.5837247635210357 -0.5726122877051188 0.05965800695724809 0.2750412003981146 -0.337988630708095
 0.4167128595745901 -0.6587100336928764 0.2863217232332348 0.6434790467388851 0.3176626004627157 0.03216497485731902 0.5052871262239428 -0.4152300088396346 -0.1531512820161928 -0.1318251347731288
 0.1729146877533503 -0.07801954852518206 0.152997358119916 -0.129802223357775 0.5902180911860898 0.08393375125622551 -0.1566604025830766 -0.1929770183828375 0.2403323516706036 -0.06896729097057328
 0.4157489188796891 -0.1490562379678335 0.5880704240090823 -0.01320154229906302 -0.1245218249975091 0.3853639091460748 -0.4205430685090747 -0.1563507130143213 0.04825403757063523 0.1867014411039223
 -0.05600893402509154 -0.1325048249192138 0.3591575925292268 -0.334306351317802 -0.09811535083997916 0.3464350688449907 -0.01145637597547719 -0.1262279075180025 -0.02028431421652268 -0.3481613180071943
 -0.1099901492763584 0.2772052168172887 0.1923253110629274 -0.9623956911880586 -0.3738393443447306 0.4201575143663592 0.08893440085435209 -0.4980603843862283 -0.04554442590639499 0.7014351102928904
 0.002391935757768524 0.2929990878566358 -0.1330696956662939 0.004951663169633799 0.3637677308992507 0.1756833038975732 0.6847171049936793 -0.0166525201824058 0.5222214953440976 -0.7365347633431043


# name: iter
# type: scalar
100000


# name: c
# type: matrix
# rows: 1
# columns: 10
 NaN NaN NaN NaN NaN NaN NaN NaN NaN NaN


# name: mean_corr
# type: matrix
# rows: 685
# columns: 1
 -0.02570506959068074
 -0.01350293010364156
 0.03743911188657007
 0.05874838188613999
 0.09485474988502388
 0.1567017342541678
 0.1597924433632762
 0.1821392770344872
 0.1895184803487032
 0.1901467280585569
 0.1917707700907051
 0.2150868628555645
 0.4685913343695661
 0.4520134422728055
 0.4530621618225151
 0.4468195314713551
 0.4443667295117916
 0.4306805968851997
 0.4297406959884024
 0.435266348648358
 0.4261839125356416
 0.4136744956773243
 0.3861033608205788
 0.3838322581524954
 0.3905929231293797
 0.3616945270916712
 0.3855813442534437
 0.3773790280879954
 0.3810691028369105
 0.3814069684703535
 0.3804093337362852
 0.3787740542205113
 0.3569837512982615
 0.3577569375810017
 0.3625580549197497
 0.3582840582695813
 0.354547048429237
 0.3544680823992773
 0.3676982331849681
 0.3759160608245047
 0.3774900098608926
 0.3834684208919844
 0.3789344484834828
 0.3717177961921764
 0.3712912162156093
 0.3686976289897116
 0.3635453070071116
 0.3585081105881516
 0.3634908869420904
 0.3666800873839747
 0.3637143987707154
 0.3647547673422953
 0.4883309770845126
 0.4879408801108902
 0.4355988202315774
 0.4571475133724362
 0.4499033990617387
 0.460427950285609
 0.4610767389073755
 0.4635352907249263
 0.4692000587346118
 0.4654554843595227
 0.4420581688309771
 0.4297379576383696
 0.4350465234957997
 0.4325357210294139
 0.4521204857742306
 0.4395321696408869
 0.4383647974010493
 0.4360441697271177
 0.4330767443249458
 0.4329009710359242
 0.4378238900763167
 0.421485635688891
 0.4085262410513081
 0.4288717112658965
 0.4264784594727886
 0.4283800880386425
 0.4330251676777041
 0.4294810216681174
 0.4378828154269896
 0.4394078077926633
 0.4309822776915989
 0.4273150768722905
 0.4242278661034591
 0.423763953378836
 0.4253635713145204
 0.4251419160968755
 0.4230019799854282
 0.4183677666201593
 0.4161554660799802
 0.4252535082046909
 0.4189579358249139
 0.42525847933806
 0.4216785238402558
 0.4196390544168019
 0.4232730685649472
 0.422882758813298
 0.4222153844900619
 0.4191191844764301
 0.4135745549109492
 0.4178492825981998
 0.5045975996358872
 0.503589711649712
 0.5042420327619569
 0.500985697386816
 0.4900619910151476
 0.4857013108769469
 0.4834674856224937
 0.4845606272209833
 0.4715784138313418
 0.4726222356610091
 0.4723851933522101
 0.4613673497212639
 0.4611482371976932
 0.4606954633338528
 0.4610355402311611
 0.460664624092504
 0.4763954160642041
 0.4753748531980451
 0.4763427955912102
 0.471364781867157
 0.4631079493130599
 0.4640431714691038
 0.4665496263287146
 0.4676753194721214
 0.4645375790244501
 0.4733193714105887
 0.4740870027262794
 0.4743278095937871
 0.4674721883431257
 0.4679411822011299
 0.4703419849945035
 0.4679030348237799
 0.4664566204651855
 0.4644510836953327
 0.4633008233986973
 0.4650255691701934
 0.4605560311076776
 0.4608015500254628
 0.4609914426748761
 0.4615793806917446
 0.4607818293772927
 0.4595549949056488
 0.4583925329074307
 0.4593225642864386
 0.4584806994399592
 0.4605371730800643
 0.4605965637257364
 0.4628414904486189
 0.4611490888143316
 0.4595225004526832
 0.562271471357202
 0.5519517734256207
 0.5383817142794055
 0.5273199257577259
 0.5238062495610961
 0.5482490592157789
 0.5388510744870552
 0.5483858360485543
 0.5465677558649227
 0.5426274703236834
 0.5417553423330667
 0.5373849378168021
 0.538096949704246
 0.5363661912707438
 0.5328530358370063
 0.5256740063345882
 0.5270303225276091
 0.5268746082468568
 0.526304973760047
 0.524076490821534
 0.5211244491437667
 0.5077684764129857
 0.5080318079519781
 0.5049552039835428
 0.5067752011854157
 0.5045876926586811
 0.5044392351153337
 0.5059580275459449
 0.5671052590472032
 0.5607371677471288
 0.5623481791951968
 0.5621602332648354
 0.557932826041598
 0.5579214667511251
 0.5310364041653918
 0.5304158550549816
 0.529360957410142
 0.5280326336100878
 0.5270981020691955
 0.5260033600142472
 0.5499851371630335
 0.5412942210399584
 0.5279634625265202
 0.525422742515936
 0.5240067026805039
 0.5315392076103558
 0.5313454509972618
 0.5266628331438203
 0.5235326013167703
 0.5220789693503892
 0.532005554465907
 0.5314178665604182
 0.5288192250163741
 0.5323642181291047
 0.5321857773764984
 0.5296633146940524
 0.5287936270781922
 0.5316395700002394
 0.5308473851701079
 0.5290723422380076
 0.5279752499227829
 0.522270728995716
 0.5221553431646092
 0.5213172014321055
 0.5740725909629774
 0.573179436018333
 0.5696154437889606
 0.559663659709188
 0.5584737407170587
 0.557258999495015
 0.5493973706490889
 0.543098613415284
 0.5447299640454555
 0.5510083880446282
 0.5410183140856049
 0.5408283235358594
 0.5336490211818139
 0.5342745004543763
 0.5313916421256364
