# Created by Octave 3.8.1, Sat Jan 06 20:48:54 2018 ART <gabrevaya@ws17.labo2>
# name: y_start
# type: matrix
# rows: 10
# columns: 1
 -0.9476254937850993
 -0.03047405959547054
 -0.9856041782375879
 1.198597957842031
 -0.7344742949855058
 -0.9892747533097386
 0.5592548325905169
 -1.471329817810436
 1.096250247166618
 -0.7188242127768869


# name: alphas
# type: cell
# rows: 1
# columns: 3
# name: <cell-element>
# type: matrix
# rows: 10
# columns: 1
 0.5479189508383719
 0.583255418019878
 0.4383404351676404
 0.3396557831832837
 0.5544577110169929
 0.5039663648946118
 0.3895065758997648
 0.6550729388104114
 0.4747244023019208
 0.4806640263805573



# name: <cell-element>
# type: matrix
# rows: 10
# columns: 1
 1.429375386487727
 1.037723203255426
 1.170353834767431
 0.7554891234847328
 0.921593954884556
 0.9221609380171937
 0.760442092264713
 0.5878069138080914
 1.164803846417876
 0.8559318126543989



# name: <cell-element>
# type: matrix
# rows: 10
# columns: 1
 11.71669951748728
 11.37969205561474
 11.34425016438115
 11.528200825166
 11.38035904955695
 11.37598232173768
 11.1527695833885
 11.20352461705179
 11.37780343637308
 11.59090582427769





# name: W
# type: matrix
# rows: 10
# columns: 10
 -0.09542779750784831 0.1092319818217177 -0.1330037115779703 -0.1417921084444926 -0.2914068315096641 -0.08610516362434539 -0.2004868487851589 -0.3168098032526617 0.02804404172897182 0.338875429306817
 -0.009376761079451202 0.03244839669823961 -0.1721137218844168 -0.03334744896125859 -0.01402683611667352 0.01186395133061234 0.140415910971692 -0.04276138303067342 0.1054133061082893 -0.07554972199783032
 -0.08722086278032556 0.03264636795273095 -0.3967055795762026 0.1191723797624688 0.1662409932817017 0.105640285920405 0.1877493328986352 0.06397128074629785 0.3699214505439425 -0.2834032283516653
 -0.1976728096023281 -0.0731229024179732 0.2628055099070276 0.1297546872882004 0.2519907516080366 0.04531309553748875 -0.3495673452880056 0.1103219810708669 -0.1099261118212232 0.01451966300056216
 0.1953534538180281 -0.1468921409889226 0.1494706355345804 0.2468030106259035 0.1246956757984874 -0.03473078615414756 0.0662065839443535 -0.3131222775167187 0.1073819041089149 -0.09228292528190792
 0.07884467147055113 -0.02931361280860597 -0.1291023287689853 0.03922138143904661 -0.02147964329509565 -0.09421594030661988 0.09904600248825544 -0.177636222507826 0.1120911778509257 -0.05445879174033629
 0.002553262222572045 -0.02281709275495717 0.1322974998536158 0.004971398600670972 0.0304813496440151 0.007841290928514929 -0.04155419840764083 -0.05259624131866313 -0.05145162453817171 0.09097678975370288
 -0.02186263357026936 -0.01487804831973861 0.1803721192038413 -0.06700080390061017 0.05150730289948831 0.0271581992804212 -0.1939520826123412 -0.2678500481308361 -0.05483272777952563 0.2416081351762068
 -0.09568865024866668 0.05937080900624681 0.1954789069681828 -0.1921571698074283 0.0200558012639617 0.1387291902063721 0.1183873158712313 -0.1163399672456723 -0.08561897314977855 0.3315551948365953
 -0.05686160036151738 0.06956835206528107 -0.3841973092493981 0.04070992824076542 -0.05590304800332186 -0.009553007246139963 0.4206832948642243 0.05943681698404819 0.0602913054438835 -0.609091314526876


# name: iter
# type: scalar
619


# name: c
# type: matrix
# rows: 1
# columns: 10
 0.4824083812835031 0.4741026986962295 0.4364205029641926 0.5470142076447996 0.7071908747349058 0.3195720287731804 0.4758419991752096 0.6012820093646918 0.4090176750332127 0.2330629660257356


# name: mean_corr
# type: matrix
# rows: 13
# columns: 1
 -0.02570506959068074
 -0.01350293010364156
 0.03743911188657007
 0.05874838188613999
 0.09485474988502388
 0.1567017342541678
 0.1597924433632762
 0.1821392770344872
 0.1895184803487032
 0.1901467280585569
 0.1917707700907051
 0.2150868628555645
 0.4685913343695661


# name: mean_error
# type: matrix
# rows: 13
# columns: 1
 1.464761579654839
 1.45613648298469
 1.427553198021269
 1.41378188185509
 1.394583034525242
 1.350575088738321
 1.337343492836959
 1.325696902440968
 1.322697137389662
 1.319767619496123
 1.319262561571867
 1.311020003680274
 1.222925102079025


# name: iter_improve
# type: matrix
# rows: 13
# columns: 1
 1
 5
 21
 24
 53
 85
 96
 113
 205
 281
 489
 564
 619


# name: optim_start
# type: scalar
619


# name: optim_steps
# type: scalar
13


# name: VPVP_params
# type: scalar struct
# ndims: 2
 1 1
# length: 8
# name: lambda
# type: scalar
300000000


# name: downsample
# type: scalar
10


# name: MaxIter_X
# type: scalar
200


# name: MaxIter
# type: scalar
50


# name: optTol_X
# type: scalar
1e-06


# name: progTol_X
# type: scalar
1e-10


# name: optTol_aW
# type: scalar
0.0001


# name: progTol_aW
# type: scalar
1e-07




