# Created by Octave 3.8.1, Tue Nov 28 20:23:38 2017 ART <gabrevaya@ws7.labo2>
# name: y_start
# type: matrix
# rows: 15
# columns: 1
 -0.08292079334007239
 1.300435860198774
 -0.1513189595990262
 0.5945082699262972
 -0.1726829282810092
 -0.112650524373515
 -0.3490166741879131
 2.302981742740507
 -0.7881647503458626
 -1.375678053438432
 1.018291975037031
 -0.5113208708181661
 -0.5779608041236818
 0.2563435125563466
 0.4996904256638125


# name: alphas
# type: cell
# rows: 1
# columns: 3
# name: <cell-element>
# type: matrix
# rows: 15
# columns: 1
 0.6380804156185219
 0.4678244541207807
 0.4037783516184223
 0.6321031159786937
 0.457639222455777
 0.3788864209236517
 0.505130865415059
 0.510335740438736
 0.2378369301898838
 0.6119093453281038
 0.7071563452246505
 0.5063470279488843
 0.7097608813310209
 0.340327686677548
 0.637690928761214



# name: <cell-element>
# type: matrix
# rows: 15
# columns: 1
 1.464031683124823
 1.27930664083792
 0.916863885769131
 1.104544601290844
 1.488593097860259
 1.279663812890629
 1.4036471505662
 1.846338188465173
 0.9002659604675338
 1.492748995367971
 0.9054094377237355
 0.9004081574748236
 1.32087098774669
 0.9694135163895308
 1.40047799916591



# name: <cell-element>
# type: matrix
# rows: 15
# columns: 1
 11.61963080087923
 11.43756211675035
 11.16243466083792
 11.35757680711053
 11.38939906337941
 11.45087776201173
 11.41445657676705
 11.53603096750322
 11.53716600902842
 11.72056280469459
 11.34379057137776
 11.51064084936877
 10.82592732419264
 11.25400640410617
 11.2944424351872





# name: W
# type: matrix
# rows: 15
# columns: 15
 -0.1619079169380796 0.05742353428122058 0.06403092534543554 -0.07426091745663586 0.008264585323301796 -0.0184072181863673 -0.01313060190057352 0.0556454054934447 -0.01778952313590386 -0.09599552941466842 -0.09168135147267995 0.04746833162142807 0.007003876781715667 -0.05213240699593403 0.02803023734180128
 -0.009326403503906225 -0.2238417840973331 -0.1620676817401668 -0.06954674068717781 0.06958033777093307 -0.1290971135962573 0.04795206783012935 -0.08475234931911421 -0.01703678263793727 0.2011082787687437 0.2702817975096428 -0.2721318539570569 0.248977424364667 0.09762615632779163 -0.309658558615846
 -0.02307523521976408 0.01649292155451059 0.05477183219687082 -0.01668986466218347 0.05953330485189196 -0.09007708342940861 -0.02301135152584622 -0.02418570886610598 0.0137035059507026 0.02212924326587606 -0.01122258338907217 0.02689472501081632 0.07401225881597401 -0.02688582039967322 -0.004695713814573285
 -0.2235585226233826 -0.05954571659892582 -0.09535899258729069 -0.3312697066535478 0.04580253588149721 -0.03938109859552556 0.001526406390402004 -0.0172425089447313 -0.06676477922484278 0.07232235837546339 0.06023495397271428 -0.254026230552749 0.09810268673085057 0.05815853508485912 -0.1274149257809163
 -0.3422493339279659 0.1522148034795327 -0.05000209545862384 0.1572983488688087 -0.06401494668937888 -0.02367686387747625 0.08363643409152824 0.2628712976035491 0.01409696431426405 0.02523655418338807 -0.2866858128998681 -0.01760040118544301 0.09760784005779444 -0.01665061220816822 -0.1267435873973063
 0.06999324134585348 0.02504219162516611 -0.02506685077282517 0.00662076997720299 0.02651060768821212 -0.118690708289255 -0.007628390419815086 0.0105714865478659 -0.008054616551913073 0.05853546550185285 0.03867030718383833 -0.02575116670743343 0.05294021111048448 -0.003768130059770254 -0.1011059502762724
 0.08471655782018846 -8.426137083833289e-06 0.01270972572248474 -0.1164004280722656 0.1295344252817104 -0.1306934842695129 -0.1838622517106562 -0.1668927750375477 0.02632099571626694 0.1240994280755152 0.02835108781196215 -0.05861051951178681 0.0903093731354251 -0.006466720810514896 -0.2181020987576807
 0.01263770851439093 0.2356567614770007 0.03456544077864376 -0.1230158860503834 0.1601377281290174 -0.1078284384918137 0.08815889865186124 -0.3676442131757014 0.1069642903181581 -0.07398535650370505 0.004455668007393051 0.08848757120821442 0.01534408848040226 -0.157157640239911 -0.08137404293430228
 -0.01010899742882107 0.00301793174382558 0.006365575134206143 0.04487478715593022 -0.002110839494918858 -0.0684067916483341 0.005219685324640819 0.1327755409187194 -0.03077540125676902 0.04597468751980627 0.03294082579748736 -0.03669570795575241 0.06443407977915461 0.0127243359937759 -0.03549032977434947
 -0.009470054593355148 0.08863688993968225 0.09514858824209606 0.06486263324790914 -0.05295176575948229 0.052202607604386 0.04703756261665348 0.0934486208485395 0.05336399801380266 -0.1792297713364198 -0.1522355962814597 0.2087911791473651 -0.1177105580694555 -0.08565897433709715 0.2204693655432536
 -0.02500097614195573 0.1222470635295548 0.02372644066177922 0.1070464523981108 -0.05298206437853151 0.04674883163989611 0.09486751760997018 0.1039209209751801 0.04689542139822015 -0.06347836172703253 -0.3554364060676819 0.1859480486609106 -0.05839741919535773 -0.02812912922609456 0.05926107437298139
 -0.02164540503997852 -0.08020500732663777 -0.08307709184285811 -0.05329639913538289 0.02946210612155648 -0.008558392684965051 -0.08164881174543319 -0.06882440694183359 -0.0703658068463683 0.04304508621672712 0.144289932354848 -0.2787921226130429 0.0009724779780864883 0.03899544111178951 -0.04682153258048665
 -0.009985676733448469 0.1276898248796008 0.09482119403775645 0.05721128809200795 -0.005932081709821199 -0.05834205072792115 0.07915181042423337 0.1693083364932345 0.0585765752671197 -0.07019768986363766 -0.1389513493800228 0.1858708597353171 -0.1101975577872133 -0.1065393334122628 0.1228128878879272
 -0.1572567673133091 0.2631049798900511 -0.1833580124553409 -0.09175057545801917 0.09248068346360844 0.114685324015856 0.1869012636199631 0.1257711205763171 -0.01134594683641435 -0.08360352614192429 0.03962991009770962 -0.1383800620533165 -0.1188105346679741 -0.1338418403303027 0.1088677622602506
 0.02469633557024514 -0.09510207010240428 0.0449893996922362 -0.100568857233029 0.005142002880869868 -0.09104906135388173 -0.1210441569454118 -0.1139109708666827 -0.02925166442006231 0.09298314980436666 0.01456428252313696 -0.02459064677146108 0.07748577503706831 0.05956634098916836 -0.285723906605678


# name: iter
# type: scalar
181


# name: c
# type: matrix
# rows: 1
# columns: 15
 0.3345852876922707 0.3022196765715847 0.3795481252586535 0.3289654275215966 0.4559239985204209 0.4122887881690873 0.3932062454845647 0.233129464459551 0.2903920578489365 0.2276747461213671 -0.05577422772018788 0.02175013499087962 0.413987523893272 0.3838400504111967 0.2444069684256599


# name: mean_corr
# type: matrix
# rows: 10
# columns: 1
 -0.08341374236186448
 -0.07368043373306457
 -0.01444554281041465
 -0.01284048355740323
 -0.0001965119016690049
 -0.0197120875776218
 -0.01699885102478173
 -0.01080983643645476
 0.007830287687869244
 0.2910762845099236


# name: mean_error
# type: matrix
# rows: 10
# columns: 1
 1.454674184694589
 1.448579954339748
 1.449975550524668
 1.444766148766415
 1.438354512444028
 1.406642877552001
 1.405283063524245
 1.399729971792008
 1.390435562625076
 1.344658200231198


# name: iter_improve
# type: matrix
# rows: 10
# columns: 1
 1
 2
 31
 39
 55
 62
 88
 123
 181
 181


# name: optim_start
# type: scalar
181


# name: optim_steps
# type: scalar
10


# name: VPVP_params
# type: scalar struct
# ndims: 2
 1 1
# length: 8
# name: lambda
# type: scalar
300000000


# name: downsample
# type: scalar
10


# name: MaxIter_X
# type: scalar
200


# name: MaxIter
# type: scalar
50


# name: optTol_X
# type: scalar
1e-06


# name: progTol_X
# type: scalar
1e-10


# name: optTol_aW
# type: scalar
0.0001


# name: progTol_aW
# type: scalar
1e-07




