# Created by Octave 3.8.1, Tue Nov 28 20:06:05 2017 ART <gabrevaya@ws7.labo2>
# name: y_start
# type: matrix
# rows: 15
# columns: 1
 -0.08292079923215701
 1.300435878214523
 -0.1513189636098025
 0.5945082741995814
 -0.1726829407288394
 -0.112650523372434
 -0.3490166706822098
 2.302981747444012
 -0.7881647549741009
 -1.37567805522975
 1.01829199220153
 -0.5113208766980846
 -0.5779608107722036
 0.2563435263492728
 0.4996904213308077


# name: alphas
# type: cell
# rows: 1
# columns: 3
# name: <cell-element>
# type: matrix
# rows: 15
# columns: 1
 0.7370455440011638
 0.6125876038654416
 0.3502209579399786
 0.7456284962953632
 0.5453478061654452
 0.4672704414573552
 0.6084377137263423
 0.6978561928031598
 0.2653985194895712
 0.7489816773263079
 0.8300269436617194
 0.6422489902754245
 0.7747958000718478
 0.483524520851902
 0.6493356738898842



# name: <cell-element>
# type: matrix
# rows: 15
# columns: 1
 0.6333161216167846
 1.207830241896927
 0.9108648305260391
 0.8549998829967226
 0.8160944052609849
 1.322308842540222
 0.9526922485261804
 1.079825735585885
 0.9649044914107437
 1.156040116361299
 0.6797240038934794
 0.9453286716911359
 1.270845238481598
 1.089185396853265
 0.9617375054106551



# name: <cell-element>
# type: matrix
# rows: 15
# columns: 1
 11.59774013788974
 11.41240189007382
 11.16189729499528
 11.4140122528533
 11.32187926835186
 11.4559928049213
 11.36533294257214
 11.44543019294833
 11.54028902173568
 11.67390705401775
 11.35210859005622
 11.51380687425677
 10.84959972345079
 11.27733283145418
 11.23993162532583





# name: W
# type: matrix
# rows: 15
# columns: 15
 0 0 0 0 0 0 0 0 0 0 0 0 0 0 0
 0 0 0 0 0 0 0 0 0 0 0 0 0 0 0
 0 0 0 0 0 0 0 0 0 0 0 0 0 0 0
 0 0 0 0 0 0 0 0 0 0 0 0 0 0 0
 0 0 0 0 0 0 0 0 0 0 0 0 0 0 0
 0 0 0 0 0 0 0 0 0 0 0 0 0 0 0
 0 0 0 0 0 0 0 0 0 0 0 0 0 0 0
 0 0 0 0 0 0 0 0 0 0 0 0 0 0 0
 0 0 0 0 0 0 0 0 0 0 0 0 0 0 0
 0 0 0 0 0 0 0 0 0 0 0 0 0 0 0
 0 0 0 0 0 0 0 0 0 0 0 0 0 0 0
 0 0 0 0 0 0 0 0 0 0 0 0 0 0 0
 0 0 0 0 0 0 0 0 0 0 0 0 0 0 0
 0 0 0 0 0 0 0 0 0 0 0 0 0 0 0
 0 0 0 0 0 0 0 0 0 0 0 0 0 0 0


# name: iter
# type: scalar
181


# name: c
# type: matrix
# rows: 1
# columns: 15
 -0.1240510533408744 -0.1452500864970231 0.3274721387308861 -0.1351236445428801 -0.06283221367881804 0.226258264651423 -0.1537469102671103 0.06168222202186994 0.1816799328548438 -0.1034412474437064 -0.1555678967856436 0.07152239656505141 0.07816058824948878 -0.08092366668166054 0.1316154914821921


# name: mean_corr
# type: matrix
# rows: 9
# columns: 1
 -0.08341374236186448
 -0.07368043373306457
 -0.01444554281041465
 -0.01284048355740323
 -0.0001965119016690049
 -0.0197120875776218
 -0.01699885102478173
 -0.01080983643645476
 0.007830287687869244


# name: mean_error
# type: matrix
# rows: 9
# columns: 1
 1.454674184694589
 1.448579954339748
 1.449975550524668
 1.444766148766415
 1.438354512444028
 1.406642877552001
 1.405283063524245
 1.399729971792008
 1.390435562625076


# name: iter_improve
# type: matrix
# rows: 9
# columns: 1
 1
 2
 31
 39
 55
 62
 88
 123
 181


# name: optim_start
# type: scalar
181


# name: optim_steps
# type: matrix
# rows: 0
# columns: 0


# name: VPVP_params
# type: scalar struct
# ndims: 2
 1 1
# length: 8
# name: lambda
# type: scalar
300000000


# name: downsample
# type: scalar
10


# name: MaxIter_X
# type: scalar
200


# name: MaxIter
# type: scalar
50


# name: optTol_X
# type: scalar
1e-06


# name: progTol_X
# type: scalar
1e-10


# name: optTol_aW
# type: scalar
0.0001


# name: progTol_aW
# type: scalar
1e-07




