# Created by Octave 3.8.1, Sat Jan 06 20:47:52 2018 ART <gabrevaya@ws17.labo2>
# name: y_start
# type: matrix
# rows: 10
# columns: 1
 -0.9476255152591252
 -0.03047405275793558
 -0.9856041771635735
 1.198597961237577
 -0.7344743063571978
 -0.9892747553886714
 0.559254840422892
 -1.471329809249066
 1.096250251748222
 -0.7188242187675401


# name: alphas
# type: cell
# rows: 1
# columns: 3
# name: <cell-element>
# type: matrix
# rows: 10
# columns: 1
 0.6181066615987809
 0.578
 0.6053795252103258
 0.3986801599648496
 0.578
 0.578
 0.4113938733962464
 0.7059473774662628
 0.5283875381370172
 0.4122283459197434



# name: <cell-element>
# type: matrix
# rows: 10
# columns: 1
 1.432679027892722
 1
 1.090860135100579
 0.8433642214373522
 1
 1
 0.7939234866002464
 0.9369518672539717
 1.137684294267937
 0.8670068539932245



# name: <cell-element>
# type: matrix
# rows: 10
# columns: 1
 11.70171404666425
 11.38
 11.33691532262695
 11.52915717952912
 11.38
 11.38
 11.15536014253359
 11.24000150252689
 11.36960350894545
 11.58913258291875





# name: W
# type: matrix
# rows: 10
# columns: 10
 0 0 0 0 0 0 0 0 0 0
 0 0 0 0 0 0 0 0 0 0
 0 0 0 0 0 0 0 0 0 0
 0 0 0 0 0 0 0 0 0 0
 0 0 0 0 0 0 0 0 0 0
 0 0 0 0 0 0 0 0 0 0
 0 0 0 0 0 0 0 0 0 0
 0 0 0 0 0 0 0 0 0 0
 0 0 0 0 0 0 0 0 0 0
 0 0 0 0 0 0 0 0 0 0


# name: iter
# type: scalar
619


# name: c
# type: matrix
# rows: 1
# columns: 10
 0.2603774733001695 0.1351604920578337 0.2314170300708041 0.3029115338838363 0.55114717811078 0.1121613124197025 0.4168698004486667 0.01956225457351292 0.09169373925748547 0.0617843764593313


# name: mean_corr
# type: matrix
# rows: 12
# columns: 1
 -0.02570506959068074
 -0.01350293010364156
 0.03743911188657007
 0.05874838188613999
 0.09485474988502388
 0.1567017342541678
 0.1597924433632762
 0.1821392770344872
 0.1895184803487032
 0.1901467280585569
 0.1917707700907051
 0.2150868628555645


# name: mean_error
# type: matrix
# rows: 12
# columns: 1
 1.464761579654839
 1.45613648298469
 1.427553198021269
 1.41378188185509
 1.394583034525242
 1.350575088738321
 1.337343492836959
 1.325696902440968
 1.322697137389662
 1.319767619496123
 1.319262561571867
 1.311020003680274


# name: iter_improve
# type: matrix
# rows: 12
# columns: 1
 1
 5
 21
 24
 53
 85
 96
 113
 205
 281
 489
 564


# name: optim_start
# type: scalar
619


# name: optim_steps
# type: matrix
# rows: 0
# columns: 0


# name: VPVP_params
# type: scalar struct
# ndims: 2
 1 1
# length: 8
# name: lambda
# type: scalar
300000000


# name: downsample
# type: scalar
10


# name: MaxIter_X
# type: scalar
200


# name: MaxIter
# type: scalar
50


# name: optTol_X
# type: scalar
1e-06


# name: progTol_X
# type: scalar
1e-10


# name: optTol_aW
# type: scalar
0.0001


# name: progTol_aW
# type: scalar
1e-07




