# Created by Octave 3.8.1, Sat Jan 06 20:38:45 2018 ART <gabrevaya@ws6.labo2>
# name: y_start
# type: matrix
# rows: 10
# columns: 1
 -0.7998215235671742
 1.193213460387903
 -1.413769619837674
 1.185396687290259
 1.52501321764653
 1.140650778083969
 -0.9529761505931134
 0.8488540680685186
 0.03073044102163541
 0.07596983469927317


# name: alphas
# type: cell
# rows: 1
# columns: 3
# name: <cell-element>
# type: matrix
# rows: 10
# columns: 1
 0.6853202067368338
 0.5107469626504112
 0.506340879152448
 0.7015962159311563
 0.4812254434697205
 0.4858628697476831
 0.6589078002280951
 0.4772996778897017
 0.1342881356536631
 0.5742819104698818



# name: <cell-element>
# type: matrix
# rows: 10
# columns: 1
 1.469801834279632
 1.013569166632158
 0.7123910913855905
 0.7763796441288381
 1.22579280480189
 1.089834163315261
 0.8154089940578956
 0.5796395904861248
 1.194356972047967
 0.8534133642012397



# name: <cell-element>
# type: matrix
# rows: 10
# columns: 1
 11.1310900204566
 11.40406232251605
 11.41573414373271
 11.41408871037111
 11.44999932135986
 11.19037324272979
 11.3151523077974
 11.42164370515339
 11.20228204488
 11.38206975775151





# name: W
# type: matrix
# rows: 10
# columns: 10
 -0.1669936962306736 0.1336122709585593 0.03300152639272272 -0.1215943345017331 -0.06814810288571073 0.05695757673951763 -0.1569565840121308 -0.1303012823598191 -0.06055610461580064 0.2350153037244289
 -0.03698687464105062 0.01346193247909654 -0.1245083428627358 -0.03462147353625614 -0.08166328011909627 -0.004151300517486581 0.1134165138672362 0.02074863752337928 0.05845177494728326 -0.03348872607681189
 -0.03106602528194426 -0.1072636362361555 -0.08319836478823436 0.166161529465828 -0.06590217269651001 -0.06818937533348236 0.09848654460562514 0.1710812245748297 0.01823520668574469 -0.2960212204377601
 -0.08956642815071482 -0.1361646628996038 0.2424645041718121 -0.1342512852065263 -0.01790733436868922 -0.05827018385083455 -0.02042634602737736 -0.04688711123702221 -0.07954072171374725 0.08326583758344071
 0.03611903508766803 -0.08509608397202752 -0.1057169508602685 -0.005634280044125996 0.106432102352848 0.0337190071314094 0.2195037569589821 -0.04085937903310631 0.02436211903690252 -0.02751339456400728
 -0.009229881472192085 -0.04104929522991788 -0.1229955859670173 -0.03637714537656075 -0.05881074436079427 -0.05605448638367788 0.1156604212502162 0.03970380682153907 0.008292871058795739 -0.04152606327918474
 0.006433973380127085 0.02169704640704359 0.04345903943910642 -0.0267423972069107 0.03998021683874016 0.0269403144915192 -0.09958965334306066 -0.06234799217428476 -0.03976035722591219 0.07882622191813245
 -0.004424914186355292 -0.00681912644862156 0.3469946604430416 -0.008252009058296419 0.1053907716104533 0.04707327138201661 -0.1982500492335922 -0.2493559790253698 -0.07016634549649153 0.2301578000074284
 -0.07868978089942316 0.03894786566642268 0.01271683147944641 -0.1675780147065087 0.04417143314375888 0.06353817197771172 0.01815826252384856 -0.1842026790917033 -0.02276043104256404 0.2511735716769057
 -0.02981940561729572 -0.03015292081774764 -0.2798749921079237 0.1200396101259456 -0.08951880233147218 -0.02893406922971875 0.2137524871897617 0.1729007846980713 0.05487871611054206 -0.3139533719195661


# name: iter
# type: scalar
115


# name: c
# type: matrix
# rows: 1
# columns: 10
 0.3937536646017704 0.3798040374100565 0.4660314552960431 0.3988094027428507 0.7156514885032513 0.2884004655135004 0.5209997124284642 0.4504611299258125 0.4125026087329261 0.1968697401705318


# name: mean_corr
# type: matrix
# rows: 12
# columns: 1
 -0.1607867890054079
 -0.1545876944767017
 -0.1223258695424372
 -0.1051540664074783
 0.01232746375536998
 0.03678501649449973
 0.08350054623211947
 0.1029459295962787
 0.1368414924846613
 0.1451368381473926
 0.146801488228289
 0.4223283705325206


# name: mean_error
# type: matrix
# rows: 12
# columns: 1
 1.484755411072727
 1.481494143584938
 1.465910946001985
 1.461667817092161
 1.418286255825305
 1.401345130666088
 1.369370396664872
 1.356640205090441
 1.343618477520071
 1.342506210068902
 1.335828224051338
 1.229283739034644


# name: iter_improve
# type: matrix
# rows: 12
# columns: 1
 1
 3
 15
 21
 31
 39
 48
 64
 79
 96
 106
 115


# name: optim_start
# type: scalar
115


# name: optim_steps
# type: scalar
12


# name: VPVP_params
# type: scalar struct
# ndims: 2
 1 1
# length: 8
# name: lambda
# type: scalar
300000000


# name: downsample
# type: scalar
10


# name: MaxIter_X
# type: scalar
200


# name: MaxIter
# type: scalar
50


# name: optTol_X
# type: scalar
1e-06


# name: progTol_X
# type: scalar
1e-10


# name: optTol_aW
# type: scalar
0.0001


# name: progTol_aW
# type: scalar
1e-07




