# Created by Octave 3.8.1, Sat Jan 06 20:36:46 2018 ART <gabrevaya@ws6.labo2>
# name: y_start
# type: matrix
# rows: 10
# columns: 1
 -0.7998215432824092
 1.193213463161751
 -1.413769605239327
 1.18539671726011
 1.525013215699606
 1.140650779736586
 -0.9529761513232782
 0.8488540773732414
 0.03073044079519889
 0.07596982313277041


# name: alphas
# type: cell
# rows: 1
# columns: 3
# name: <cell-element>
# type: matrix
# rows: 10
# columns: 1
 0.7876527274047642
 0.5057010965305507
 0.5095465539254469
 0.8459290298009708
 0.4417064722002245
 0.5329462340619214
 0.6942905870773382
 0.5573250763064347
 0.1579982937928148
 0.564175477354341



# name: <cell-element>
# type: matrix
# rows: 10
# columns: 1
 1.344531965773106
 0.99052421116595
 0.7241995409870847
 0.8788016138320969
 1.132673452242362
 1.127394592604464
 0.9211174183294805
 0.9318492092607051
 1.17479826730743
 0.8855084627604343



# name: <cell-element>
# type: matrix
# rows: 10
# columns: 1
 11.10755290615369
 11.39750496268684
 11.42499652696816
 11.41439185940538
 11.44106105367635
 11.19181828842264
 11.3312277805345
 11.44290715968452
 11.19906419678356
 11.38373416609495





# name: W
# type: matrix
# rows: 10
# columns: 10
 0 0 0 0 0 0 0 0 0 0
 0 0 0 0 0 0 0 0 0 0
 0 0 0 0 0 0 0 0 0 0
 0 0 0 0 0 0 0 0 0 0
 0 0 0 0 0 0 0 0 0 0
 0 0 0 0 0 0 0 0 0 0
 0 0 0 0 0 0 0 0 0 0
 0 0 0 0 0 0 0 0 0 0
 0 0 0 0 0 0 0 0 0 0
 0 0 0 0 0 0 0 0 0 0


# name: iter
# type: scalar
115


# name: c
# type: matrix
# rows: 1
# columns: 10
 -0.009088887146555593 0.2901443239224903 0.2915343920579343 0.03293921400940971 0.4030956097949309 0.1689002926926626 0.06065386975929773 -0.07640204348642859 0.01569583897456778 0.0762581481508382


# name: mean_corr
# type: matrix
# rows: 11
# columns: 1
 -0.1607867890054079
 -0.1545876944767017
 -0.1223258695424372
 -0.1051540664074783
 0.01232746375536998
 0.03678501649449973
 0.08350054623211947
 0.1029459295962787
 0.1368414924846613
 0.1451368381473926
 0.146801488228289


# name: mean_error
# type: matrix
# rows: 11
# columns: 1
 1.484755411072727
 1.481494143584938
 1.465910946001985
 1.461667817092161
 1.418286255825305
 1.401345130666088
 1.369370396664872
 1.356640205090441
 1.343618477520071
 1.342506210068902
 1.335828224051338


# name: iter_improve
# type: matrix
# rows: 11
# columns: 1
 1
 3
 15
 21
 31
 39
 48
 64
 79
 96
 106


# name: optim_start
# type: scalar
115


# name: optim_steps
# type: matrix
# rows: 0
# columns: 0


# name: VPVP_params
# type: scalar struct
# ndims: 2
 1 1
# length: 8
# name: lambda
# type: scalar
300000000


# name: downsample
# type: scalar
10


# name: MaxIter_X
# type: scalar
200


# name: MaxIter
# type: scalar
50


# name: optTol_X
# type: scalar
1e-06


# name: progTol_X
# type: scalar
1e-10


# name: optTol_aW
# type: scalar
0.0001


# name: progTol_aW
# type: scalar
1e-07




