# Created by Octave 3.8.1, Wed Nov 29 00:20:53 2017 ART <gabrevaya@ws3.labo5>
# name: y_start
# type: matrix
# rows: 15
# columns: 1
 1.114404376476355
 -0.06394085275470708
 -1.836461379473375
 1.386870236874167
 -0.2044719545977369
 0.5842056078573645
 -1.348011486421588
 -0.09539604519779642
 -1.540209648556254
 1.448950655355982
 1.47972412749367
 -0.3860620628861859
 -1.824422155999839
 0.512614074085892
 -0.2766819253616162


# name: alphas
# type: cell
# rows: 1
# columns: 3
# name: <cell-element>
# type: matrix
# rows: 15
# columns: 1
 0.4989916490741635
 0.7576126755173928
 0.3827906777341691
 0.5270692721444096
 0.5510658677967973
 0.2223464243920289
 0.1847076653721199
 0.7279680563821281
 0.4312907740835784
 0.2307233898048408
 0.3696418009049136
 0.6903871217724435
 0.5559188164884981
 0.4872293835351545
 0.5627120627194826



# name: <cell-element>
# type: matrix
# rows: 15
# columns: 1
 0.5252571584805122
 1.941630009892283
 1.702555821059742
 1.558530173232003
 1.106525313733796
 0.5211762275685164
 1.743236746906159
 0.5656826517907299
 0.5115181967394882
 0.9135459307523744
 0.6500345789549502
 1.517796071196936
 0.9801034704014436
 1.049513474090979
 1.000667218124606



# name: <cell-element>
# type: matrix
# rows: 15
# columns: 1
 11.32217281935928
 11.69668034972301
 11.27510093684184
 11.48494237463091
 11.350737183502
 11.31949044490077
 11.55918377106048
 11.2731471303662
 11.36162378933609
 11.41950408925324
 11.38926015685084
 11.35977733406923
 11.35069869691554
 11.34479838411092
 11.28668741388109





# name: W
# type: matrix
# rows: 15
# columns: 15
 -0.1892486310489937 0.1335367668904883 -0.004154308036205544 0.232388799214485 0.1977509433950191 0.1923562384405864 0.2145268814261184 0.06460327572898526 0.42408673094541 0.0634129142422671 -0.4354304160592188 0.1473616662766978 0.1500846284364625 -0.03769524325767052 0.3819744878684081
 -0.08585310392262233 -0.5061432131996683 -0.01364920204665717 0.06743152320703627 0.1935828915937403 -0.1327489710342385 -0.2192054331417139 -0.1540372532966279 0.08473243287768645 0.09297197053397803 0.25886253680284 -0.09566994293880897 0.3116042570818278 0.05530010662581152 -0.2136512709668344
 0.2420272044911979 -0.103409735933787 -0.2097214399256049 0.007029603465490669 0.07560209848919597 0.093230684935735 -0.06549321445848655 0.11113693375264 -0.07360390203662541 -0.07540890554359977 -0.08429832235198813 -0.1794749617365535 -0.1546148699667174 0.1687450251376594 0.0358244873425286
 -0.0977464093752331 -0.1286728868687076 0.02944247590679408 -0.3379228340028562 0.09327510644848122 -0.06785340706950657 -0.1425796463116429 0.03959527825466776 0.218500009226839 0.2121221372928567 0.08808353040104275 0.01647267822434707 0.2513107565550882 -0.1195167817924061 0.04389788961363145
 -0.497415281804213 0.1889052884030244 -0.148773664585272 0.4286290316462121 -0.1207396820500057 -0.160664751551939 0.1593945551655042 0.3009723769263859 0.4110539385910731 -0.08671610122489115 -0.02891120571631584 0.5396842334753907 0.1884919159998687 -0.417531622682437 0.3820587883289657
 0.07959909570106537 -0.04982637711982132 0.1170672730619636 -0.1494949331712 -0.06813672527759006 -0.207029938019065 0.006957293009105393 -0.03821240277192584 -0.01226057405641307 -0.1506079208813584 0.09245059897465427 0.03269732460198106 0.07639484233715486 -0.02784055308417353 -0.1627045968483806
 0.0238636098358583 -0.1554111061950672 -0.06653491257506516 0.1996127858268375 0.1757223873895743 -0.01134384432585317 -0.6650622218787409 -0.08971428180049601 -0.04801772015116071 0.2054312644674075 0.1324066645856607 -0.09354344774789955 0.02799018186017277 -0.07719189092534322 -0.001054542123853608
 -0.4937215607314964 0.4323371176364276 0.1739502578825403 0.02387131814338587 -0.1071886420199344 -0.0627929360477831 0.5744516243337014 -0.1934755988751689 0.3799606339944006 -0.311155047876816 0.03009483019402587 0.4562352224698743 -0.1456068154540827 0.001529986015250368 0.3119164526639043
 -0.1010948693782995 -0.09754341100017173 -0.2036064566905075 0.1435181912993673 -0.06870889052072726 0.2306269033041652 -0.02256945777711599 0.1624412226858453 -0.2163499900017937 0.03519756789964822 0.07662139346097582 0.06939677821784569 -0.317074020541683 0.147473295390238 0.1531554975058648
 0.01344768942309631 0.0270788829652584 -0.0279492355890533 0.3280632337646541 0.1148656057546747 -0.07607554426030753 0.07728468119007043 0.04938801206840745 -0.1874735638238368 -0.3457478355148949 -0.432565055364961 0.09669512903821775 0.2091714974422305 -0.2839085025491626 0.3972824043744203
 -0.09175010297222919 -0.09997200775641993 -0.1361543861570946 0.2580311051156775 -0.05987128239416618 -0.2106246785711109 0.2163986786974457 0.7355135419991902 0.01821077012646597 -0.0858341804400622 -0.7001747525330526 0.3302163930243927 -0.1805110114562211 -0.07035038257795218 0.4693087565163735
 -0.004333333600780469 -0.3448856614140827 -0.03095548349225844 -0.1083988454834408 -0.2085923818417983 0.0752185863807649 -0.01943634544274796 -0.5002407894666937 0.008071238449858308 0.2703375479776399 0.0885133475659156 -0.3138385342445702 -0.05088563873723121 0.1725994575362227 -0.04752207780910456
 -0.167009770505285 0.06907381111279955 -0.254115041943064 0.264119564740437 -0.1862313009701713 0.2323364493754667 0.03640643463063846 0.03540733837751773 0.206620382667792 0.1364982630473176 -0.4704474254455017 0.1700792966587643 -0.4484347235815024 -0.3096692205691879 0.5241594907873512
 -0.208121909293327 0.2902454992625413 -0.07595878363804896 0.5340610464360098 -0.02941547458840651 -0.1213097204935196 0.08755729248319509 0.6551357700485058 0.3391219291271906 -0.288944332241689 0.4037562441209684 0.5174288309539472 0.07310157624258248 -0.3224827395675992 -0.1703692620420666
 0.2175607176902381 -0.01612742459186548 0.03298593332197079 -0.06436541415610404 -0.08150911700805663 0.2513732970783291 -0.1005020779415346 -0.4862934601933155 -0.1784315837164033 0.04835748518365877 0.2274738179125716 -0.1144277746398565 -0.06591305963869208 0.1314883998515722 -0.9051643168877712


# name: iter
# type: scalar
251


# name: c
# type: matrix
# rows: 1
# columns: 15
 0.5603672198720009 0.3496947789619745 0.3794118864250348 0.3989221914188911 0.6293589813615785 0.3208377665653008 0.4144186738870257 0.4807569534505331 0.5623944278231864 0.3783128694896266 0.2827931254223179 0.1279092210675313 0.5520256151688946 0.6270510993117635 0.1110209844146062


# name: mean_corr
# type: matrix
# rows: 10
# columns: 1
 -0.07986228557181632
 -0.05305407264724466
 -0.02855447573220062
 -0.05920649879705644
 -0.03649702734956056
 -0.03253964139087835
 -0.006439303524017056
 0.00431834535412958
 0.005117714679956784
 0.4116850529760177


# name: mean_error
# type: matrix
# rows: 10
# columns: 1
 1.483735711101552
 1.468211090132448
 1.454542540349354
 1.472769745257502
 1.453982848520048
 1.453677837660471
 1.439203160957415
 1.432960311079155
 1.432696255627074
 1.244088645022477


# name: iter_improve
# type: matrix
# rows: 10
# columns: 1
 1
 5
 43
 93
 110
 136
 141
 148
 166
 251


# name: optim_start
# type: scalar
251


# name: optim_steps
# type: scalar
10


# name: VPVP_params
# type: scalar struct
# ndims: 2
 1 1
# length: 8
# name: lambda
# type: scalar
300000000


# name: downsample
# type: scalar
10


# name: MaxIter_X
# type: scalar
200


# name: MaxIter
# type: scalar
50


# name: optTol_X
# type: scalar
1e-06


# name: progTol_X
# type: scalar
1e-10


# name: optTol_aW
# type: scalar
0.0001


# name: progTol_aW
# type: scalar
1e-07




