# Created by Octave 3.8.1, Wed Nov 29 00:13:57 2017 ART <gabrevaya@ws3.labo5>
# name: y_start
# type: matrix
# rows: 15
# columns: 1
 1.114404346613647
 -0.06394083844856444
 -1.836461381736495
 1.386870228370499
 -0.20447197474502
 0.5842055964823227
 -1.34801147894391
 -0.09539596573878065
 -1.540209621542502
 1.44895064753055
 1.479724193113579
 -0.3860620588472001
 -1.824422186834763
 0.5126140559303519
 -0.2766818957793968


# name: alphas
# type: cell
# rows: 1
# columns: 3
# name: <cell-element>
# type: matrix
# rows: 15
# columns: 1
 0.5822343447164554
 0.9900085728451913
 0.4723144339691107
 0.5904846043233259
 0.5653569357311398
 0.3477260034434192
 0.569280409512817
 0.508099999520255
 0.5405461040526067
 0.4273296778874217
 0.6333358482311519
 0.7870618604941867
 0.7617059255595539
 0.6655224334688912
 0.7007538462026603



# name: <cell-element>
# type: matrix
# rows: 15
# columns: 1
 1.082290951196483
 1.033197454127398
 1.195116656792283
 1.047115943285889
 1.04217438696348
 0.87382120772353
 1.011590813996246
 1.053154482356574
 1.007067696553186
 1.251994943897158
 0.9074811731650756
 1.146232845604505
 0.9226373291540261
 1.115066825042129
 1.045811974310774



# name: <cell-element>
# type: matrix
# rows: 15
# columns: 1
 11.40942245568087
 11.60740330870984
 11.20776248699911
 11.4395135879501
 11.39413268098236
 11.3450643891327
 11.47845732188222
 11.33398380345965
 11.40553515356815
 11.43105207430644
 11.38384123997085
 11.32364897383563
 11.38327107200205
 11.35499607406515
 11.37347222138782





# name: W
# type: matrix
# rows: 15
# columns: 15
 0 0 0 0 0 0 0 0 0 0 0 0 0 0 0
 0 0 0 0 0 0 0 0 0 0 0 0 0 0 0
 0 0 0 0 0 0 0 0 0 0 0 0 0 0 0
 0 0 0 0 0 0 0 0 0 0 0 0 0 0 0
 0 0 0 0 0 0 0 0 0 0 0 0 0 0 0
 0 0 0 0 0 0 0 0 0 0 0 0 0 0 0
 0 0 0 0 0 0 0 0 0 0 0 0 0 0 0
 0 0 0 0 0 0 0 0 0 0 0 0 0 0 0
 0 0 0 0 0 0 0 0 0 0 0 0 0 0 0
 0 0 0 0 0 0 0 0 0 0 0 0 0 0 0
 0 0 0 0 0 0 0 0 0 0 0 0 0 0 0
 0 0 0 0 0 0 0 0 0 0 0 0 0 0 0
 0 0 0 0 0 0 0 0 0 0 0 0 0 0 0
 0 0 0 0 0 0 0 0 0 0 0 0 0 0 0
 0 0 0 0 0 0 0 0 0 0 0 0 0 0 0


# name: iter
# type: scalar
251


# name: c
# type: matrix
# rows: 1
# columns: 15
 -0.12893995020747 -0.1653798921920431 0.1589567402058904 -0.03016358229258654 -0.1026103685559941 -0.04539849425145127 -0.08478099742311716 0.6000385139612056 0.05043125942424702 0.02766235575873943 -0.09035956262883568 0.004553770750257727 0.05703950695229568 -0.17092253832279 -0.1318524700133226


# name: mean_corr
# type: matrix
# rows: 9
# columns: 1
 -0.07986228557181632
 -0.05305407264724466
 -0.02855447573220062
 -0.05920649879705644
 -0.03649702734956056
 -0.03253964139087835
 -0.006439303524017056
 0.00431834535412958
 0.005117714679956784


# name: mean_error
# type: matrix
# rows: 9
# columns: 1
 1.483735711101552
 1.468211090132448
 1.454542540349354
 1.472769745257502
 1.453982848520048
 1.453677837660471
 1.439203160957415
 1.432960311079155
 1.432696255627074


# name: iter_improve
# type: matrix
# rows: 9
# columns: 1
 1
 5
 43
 93
 110
 136
 141
 148
 166


# name: optim_start
# type: scalar
251


# name: optim_steps
# type: matrix
# rows: 0
# columns: 0


# name: VPVP_params
# type: scalar struct
# ndims: 2
 1 1
# length: 8
# name: lambda
# type: scalar
300000000


# name: downsample
# type: scalar
10


# name: MaxIter_X
# type: scalar
200


# name: MaxIter
# type: scalar
50


# name: optTol_X
# type: scalar
1e-06


# name: progTol_X
# type: scalar
1e-10


# name: optTol_aW
# type: scalar
0.0001


# name: progTol_aW
# type: scalar
1e-07




