# Created by Octave 3.8.1, Tue Nov 28 20:14:58 2017 ART <gabrevaya@ws11.labo2>
# name: y_start
# type: matrix
# rows: 15
# columns: 1
 0.8188528116850373
 -0.2574997019179884
 0.01170081906707644
 1.422466824938924
 -1.474815941836402
 -1.320210676372044
 1.061015721796537
 -0.9298269224944267
 1.048698178269879
 1.159475649600554
 -1.478721027344736
 0.8859683798859048
 0.9125945339593916
 0.5650982218159679
 -1.102823215532808


# name: alphas
# type: cell
# rows: 1
# columns: 3
# name: <cell-element>
# type: matrix
# rows: 15
# columns: 1
 0.5082874355529702
 0.6510046091912434
 0.5007337312703722
 0.4032785977572058
 0.5076354511249291
 0.2711571923524432
 0.4275479333509006
 0.506197974512257
 0.3918188897475003
 0.4989038482585055
 0.3966736645119953
 0.3112965801178213
 0.5966999982704302
 0.7359243526955093
 0.5100389848764547



# name: <cell-element>
# type: matrix
# rows: 15
# columns: 1
 1.24514679487745
 0.6630870897042279
 1.004801149261327
 1.264033025610809
 0.957865532474317
 1.017980272807528
 0.989409459167389
 1.013159613242686
 0.9747917289703112
 0.7400791711253588
 0.7797279793382642
 1.055776347621845
 0.733910601714693
 0.5961264402844683
 0.8995769562080177



# name: <cell-element>
# type: matrix
# rows: 15
# columns: 1
 11.50336060688817
 11.29679811099855
 11.27190806273945
 11.43404708172109
 11.42951795774606
 11.27622480400242
 11.34961091916634
 11.45035129385099
 11.37553524786772
 11.07277417942343
 11.32405615915379
 11.47130629948284
 11.36654551059765
 11.33393459324112
 11.30006414422582





# name: W
# type: matrix
# rows: 15
# columns: 15
 -0.0911679347969442 0.001906007618329033 0.09609597808713623 0.2203893542370332 -0.2380372807804104 0.05669168979394825 0.0332942346021099 -0.1710787531024545 0.02500348517464093 -0.07568212540349986 -0.250675998735984 0.2172223308219313 -0.1546535595854786 -0.1021043052606103 0.03365000709409201
 0.2909917008039102 -0.1159776612599287 -0.1666311912429504 -0.279193595495958 0.1100239643244963 -0.1784737997649374 0.09223874991556386 0.1228968484049674 0.02810376126736317 -0.03214362148208796 0.2030716349960922 -0.1643693031591249 0.1186764739361728 0.3444129477231181 -0.3123238628314704
 0.00371547447308627 -0.2193553284489424 -0.1555198337645909 -0.3163395841619301 -0.08702080989653121 -0.06793431043254892 -0.0502926050880855 -0.1464076616092624 0.004398568206313958 0.04963814287505774 0.01988071305744481 -0.1422432267943796 0.05995376732392398 0.009475354825645906 0.1790059579919294
 -0.01946380431488566 0.009107173220332243 0.1108450078880915 -0.4554176063327911 0.06116235903534324 -0.1099167960947776 0.04712012847699838 0.08898611200582178 0.03608992132526793 0.1016220193018845 0.06109658189798475 -0.07961063076974344 0.1664162135549351 -0.04800083585454953 0.09622304850075925
 -0.002545486839820646 0.2029510437317003 -0.05688252971889896 -0.06045561228075094 0.02476676989363495 -0.07706716972473729 0.2497213215661843 0.07757302455397395 0.05553535363768265 -0.1821501778781837 -0.009501224206925162 -0.009905302376678422 0.006811039619458477 0.1079828081844428 0.04795626546974213
 -0.02180264785621281 -0.03803977057286637 -0.008089205011320422 -0.2165546076526124 -0.01510791488382681 -0.1271493305420793 0.03940997268509955 -0.06207434741063566 -0.01572141702491326 -0.05358260179616772 0.09371850860930317 -0.1775449535458581 -0.02595692002448176 0.1300456009905142 -0.2195647760625322
 -0.003220827076550697 -0.02553598934905372 -0.166702706351901 -0.2972940812513558 0.2362321949078618 -0.03059285236257333 -0.4523568993920253 0.112103445038811 -0.110224923337802 0.2731102254919031 0.2795943338001281 -0.2797075037054452 0.2007365382090523 -0.002775467098521311 -0.05691880671783971
 0.1872089771637572 0.03794532158409782 -0.1052713564458851 0.1686673330133549 0.04270777868154876 -0.09292187740575021 0.1343893677629085 0.06943564923950972 0.07475928696617516 0.1227028315826301 -0.008906003836516692 0.008022543590102375 0.1602203153571636 -0.03103333085785812 -0.1370403207286478
 -0.05135658773460678 -0.08562913075630844 0.0238536681768192 -0.03255054198699393 0.06677970848612003 0.06211534321463506 -0.1189525380022675 0.07067879477766745 -0.07020298784960588 0.1710786601071717 0.01198004199370181 0.04877409552192207 0.06854380395611567 -0.08541246969165178 0.09823083429576963
 -0.0194836917443207 0.04349348672464826 -0.01638942041797616 0.1455120510132646 0.02419150450161274 0.05160032875511984 0.0496585997255955 0.02523747507315994 0.002239249094221656 -0.04777004290688718 -0.03130092466479643 0.05477782225262168 -0.03908386642648938 0.005891316933942296 0.0759094954445254
 0.05947730693666894 0.3801247479873186 -0.04408003055193756 0.1803713683187284 -0.04835953989367893 0.01080389146311219 0.2485695106119173 0.06657879316664046 0.07766159744361287 -0.3480306675462951 -0.2797646158863618 0.1645128434813448 -0.1373895864585214 -0.06705216271370912 0.2378825698283748
 -0.1145860334979785 -0.06339842381696202 -0.03242777017312931 -0.2611182220150255 0.09977862996214126 -0.07068438163670061 -0.08383416602485476 -0.04110089955692781 -0.05778499917397294 0.05763664494825015 0.2066641350790977 -0.302016801785603 0.0371439462736249 0.1083734079066526 -0.1690654088553725
 0.04845685362814034 0.1199901599738058 -0.01078434803468831 0.2323243516100282 0.04601206481411286 0.1012446440800144 0.07692946537469875 0.1121030429477782 0.02641490873306205 -0.04247543927676838 -0.1192966223164453 0.1840309365092836 -0.07750959661479843 -0.09539422743118192 0.2395419387328833
 -0.1349292706675873 0.04886695669082095 -0.01164201253499393 -0.1068030624082246 0.1948774256438712 0.1359363646578633 0.007423198842363103 0.1041422003008598 -0.1170627388122825 -0.2690752524543101 0.1816486454752976 -0.06615370289863699 -0.182306145515068 0.149409964439285 0.1883731296270594
 -0.14065416876334 -0.115527893997857 -0.02600965581933451 -0.02937673733147234 0.002145193649412854 0.02112027451188544 -0.1913196570755227 -0.06037772476078525 -0.07768099943526836 0.2199602728598493 0.1356230548109424 -0.1490162608218406 0.1228943798242771 -0.08190837263671542 -0.6745125614737681


# name: iter
# type: scalar
97


# name: c
# type: matrix
# rows: 1
# columns: 15
 0.5472730721800718 0.607820735190864 0.4323141723646053 0.2955793194464285 0.4976877498626838 0.420787105035944 0.2929509043145556 0.677580914031476 0.3151740639413856 0.4466090527571882 0.5247465281221746 0.1346689011397046 0.4413210140725982 0.6221785296100911 0.1396152198276985


# name: mean_corr
# type: matrix
# rows: 6
# columns: 1
 -0.04565562717754403
 -0.04511145329014735
 -0.01053588704265134
 -0.006012306235064603
 0.01634374617421119
 0.4264204854598314


# name: mean_error
# type: matrix
# rows: 6
# columns: 1
 1.464826502997465
 1.464489781691577
 1.441414914769925
 1.439517267282165
 1.389580266611643
 1.269654150557678


# name: iter_improve
# type: matrix
# rows: 6
# columns: 1
 1
 29
 55
 88
 93
 97


# name: optim_start
# type: scalar
97


# name: optim_steps
# type: scalar
6


# name: VPVP_params
# type: scalar struct
# ndims: 2
 1 1
# length: 8
# name: lambda
# type: scalar
300000000


# name: downsample
# type: scalar
10


# name: MaxIter_X
# type: scalar
200


# name: MaxIter
# type: scalar
50


# name: optTol_X
# type: scalar
1e-06


# name: progTol_X
# type: scalar
1e-10


# name: optTol_aW
# type: scalar
0.0001


# name: progTol_aW
# type: scalar
1e-07




