# Created by Octave 3.8.1, Tue Nov 28 20:09:10 2017 ART <gabrevaya@ws11.labo2>
# name: y_start
# type: matrix
# rows: 15
# columns: 1
 0.8188527975575182
 -0.2574997116557743
 0.01170083254391162
 1.422466824367492
 -1.474815943641994
 -1.320210677308555
 1.061015721534566
 -0.9298269392875455
 1.048698180261244
 1.159475657318405
 -1.478721021233015
 0.88596837630894
 0.9125945355250882
 0.5650982279129684
 -1.102823220427382


# name: alphas
# type: cell
# rows: 1
# columns: 3
# name: <cell-element>
# type: matrix
# rows: 15
# columns: 1
 0.5424697147358515
 0.7684556491223659
 0.5894021951725196
 0.6016953144499486
 0.5466525511784931
 0.3696711259247821
 0.629195623916613
 0.5364720064423403
 0.4474337638644517
 0.5209187749574276
 0.5146620825238267
 0.4819030780661093
 0.6474111269190791
 0.7101389292559985
 0.6574935974025984



# name: <cell-element>
# type: matrix
# rows: 15
# columns: 1
 1.011650004069368
 1.110515908219931
 1.029989075847514
 1.184959661904762
 0.8990848061117189
 0.9333892438215201
 0.8370025277259895
 0.9119753740033218
 0.9353180790566189
 0.7486831345758085
 1.078841311569488
 1.048170412314819
 0.8698479907308422
 0.8904025233710083
 0.9450547601526642



# name: <cell-element>
# type: matrix
# rows: 15
# columns: 1
 11.48573953192492
 11.33430108748913
 11.27560582200648
 11.42295928896407
 11.42284798721579
 11.26573130935928
 11.33910156116247
 11.43331222367465
 11.36879196803949
 11.06984256994824
 11.35363551653069
 11.47038722734442
 11.37686962718236
 11.3513100063869
 11.33574936505759





# name: W
# type: matrix
# rows: 15
# columns: 15
 0 0 0 0 0 0 0 0 0 0 0 0 0 0 0
 0 0 0 0 0 0 0 0 0 0 0 0 0 0 0
 0 0 0 0 0 0 0 0 0 0 0 0 0 0 0
 0 0 0 0 0 0 0 0 0 0 0 0 0 0 0
 0 0 0 0 0 0 0 0 0 0 0 0 0 0 0
 0 0 0 0 0 0 0 0 0 0 0 0 0 0 0
 0 0 0 0 0 0 0 0 0 0 0 0 0 0 0
 0 0 0 0 0 0 0 0 0 0 0 0 0 0 0
 0 0 0 0 0 0 0 0 0 0 0 0 0 0 0
 0 0 0 0 0 0 0 0 0 0 0 0 0 0 0
 0 0 0 0 0 0 0 0 0 0 0 0 0 0 0
 0 0 0 0 0 0 0 0 0 0 0 0 0 0 0
 0 0 0 0 0 0 0 0 0 0 0 0 0 0 0
 0 0 0 0 0 0 0 0 0 0 0 0 0 0 0
 0 0 0 0 0 0 0 0 0 0 0 0 0 0 0


# name: iter
# type: scalar
97


# name: c
# type: matrix
# rows: 1
# columns: 15
 -0.3561044566278896 -0.05245312144774044 0.05157583088963192 0.1575872260278151 -0.3031308889444058 -0.2040444939841041 -0.3364449400333203 0.2612903700945492 -0.03088242022436035 0.4299897019645818 -0.1597750146010895 0.1076782663214064 -0.0803525622112648 0.124697139294651 0.09626678769731761


# name: mean_corr
# type: matrix
# rows: 5
# columns: 1
 -0.04565562717754403
 -0.04511145329014735
 -0.01053588704265134
 -0.006012306235064603
 0.01634374617421119


# name: mean_error
# type: matrix
# rows: 5
# columns: 1
 1.464826502997465
 1.464489781691577
 1.441414914769925
 1.439517267282165
 1.389580266611643


# name: iter_improve
# type: matrix
# rows: 5
# columns: 1
 1
 29
 55
 88
 93


# name: optim_start
# type: scalar
97


# name: optim_steps
# type: matrix
# rows: 0
# columns: 0


# name: VPVP_params
# type: scalar struct
# ndims: 2
 1 1
# length: 8
# name: lambda
# type: scalar
300000000


# name: downsample
# type: scalar
10


# name: MaxIter_X
# type: scalar
200


# name: MaxIter
# type: scalar
50


# name: optTol_X
# type: scalar
1e-06


# name: progTol_X
# type: scalar
1e-10


# name: optTol_aW
# type: scalar
0.0001


# name: progTol_aW
# type: scalar
1e-07




