# Created by Octave 3.8.1, Wed Nov 29 00:13:45 2017 ART <gabrevaya@ws3.labo5>
# name: y_start
# type: matrix
# rows: 15
# columns: 1
 1.077266953818083
 1.4632550629961
 0.9185137584365273
 1.942840616283235
 -1.302440953547177
 1.565339575961826
 -0.05977189936278733
 -1.246755962544789
 2.024602749237594
 -1.607414487352417
 -2.35404139113296
 -1.178409165082874
 -0.1353589845693607
 0.5383838559831343
 0.5880459394578833


# name: alphas
# type: cell
# rows: 1
# columns: 3
# name: <cell-element>
# type: matrix
# rows: 15
# columns: 1
 0.6526463292177693
 0.694191571543767
 0.4661264397975179
 0.6033840604348952
 0.5988952644182136
 0.5973945549302847
 0.6036147901547124
 0.5061647541919366
 0.6957141755931926
 0.6098477094903149
 0.5993724660509043
 0.4498775956121277
 0.7475591214453687
 0.5943801885423531
 0.6526875344305969



# name: <cell-element>
# type: matrix
# rows: 15
# columns: 1
 1.066692454561962
 1.152595892933169
 1.104053619436746
 0.8326781732753701
 1.110314179393237
 0.9281720210223348
 0.9805677264394351
 0.9299016841568317
 1.152396131664977
 0.9451359104447197
 1.024799665448725
 0.981177731673089
 0.890172514793004
 0.8310167758419575
 0.8878006207257079



# name: <cell-element>
# type: matrix
# rows: 15
# columns: 1
 11.56477918443075
 11.43424786142971
 11.29853035605861
 11.5630868764327
 11.38012662664302
 11.29343695566448
 11.40858722337957
 11.57410361196876
 11.46611841119701
 11.35017150768621
 11.35828023685273
 11.45451678765565
 11.49748311088931
 11.39417279417492
 11.36925553173974





# name: W
# type: matrix
# rows: 15
# columns: 15
 0 0 0 0 0 0 0 0 0 0 0 0 0 0 0
 0 0 0 0 0 0 0 0 0 0 0 0 0 0 0
 0 0 0 0 0 0 0 0 0 0 0 0 0 0 0
 0 0 0 0 0 0 0 0 0 0 0 0 0 0 0
 0 0 0 0 0 0 0 0 0 0 0 0 0 0 0
 0 0 0 0 0 0 0 0 0 0 0 0 0 0 0
 0 0 0 0 0 0 0 0 0 0 0 0 0 0 0
 0 0 0 0 0 0 0 0 0 0 0 0 0 0 0
 0 0 0 0 0 0 0 0 0 0 0 0 0 0 0
 0 0 0 0 0 0 0 0 0 0 0 0 0 0 0
 0 0 0 0 0 0 0 0 0 0 0 0 0 0 0
 0 0 0 0 0 0 0 0 0 0 0 0 0 0 0
 0 0 0 0 0 0 0 0 0 0 0 0 0 0 0
 0 0 0 0 0 0 0 0 0 0 0 0 0 0 0
 0 0 0 0 0 0 0 0 0 0 0 0 0 0 0


# name: iter
# type: scalar
69


# name: c
# type: matrix
# rows: 1
# columns: 15
 -0.1457929676722627 -0.07802396162280328 -0.0458979475076638 -0.02381291158164384 -0.1297241183735858 -0.1302811809179769 -0.08773405876438255 0.4122886911052001 0.1075374373632098 0.04332696457439936 -0.004716549235061289 0.08734552784387328 -0.05408312935019766 -0.0969234945989295 0.01204437976069857


# name: mean_corr
# type: matrix
# rows: 8
# columns: 1
 -0.02955256623506268
 -0.08112022597999029
 -0.0587501173020988
 -0.03977088911547297
 -0.02933529335381386
 -0.01704003405486292
 -0.01355238631977357
 -0.004342814465925778


# name: mean_error
# type: matrix
# rows: 8
# columns: 1
 1.435498132364798
 1.446855590820256
 1.432062251262159
 1.421613353113854
 1.421736687791079
 1.418242175923781
 1.415099214843072
 1.409455367890963


# name: iter_improve
# type: matrix
# rows: 8
# columns: 1
 1
 31
 33
 36
 46
 55
 59
 61


# name: optim_start
# type: scalar
69


# name: optim_steps
# type: matrix
# rows: 0
# columns: 0


# name: VPVP_params
# type: scalar struct
# ndims: 2
 1 1
# length: 8
# name: lambda
# type: scalar
300000000


# name: downsample
# type: scalar
10


# name: MaxIter_X
# type: scalar
200


# name: MaxIter
# type: scalar
50


# name: optTol_X
# type: scalar
1e-06


# name: progTol_X
# type: scalar
1e-10


# name: optTol_aW
# type: scalar
0.0001


# name: progTol_aW
# type: scalar
1e-07




