# Created by Octave 3.8.1, Wed Nov 29 00:20:08 2017 ART <gabrevaya@ws3.labo5>
# name: y_start
# type: matrix
# rows: 15
# columns: 1
 1.077266961105974
 1.463255055304631
 0.9185137455442601
 1.942840617901516
 -1.302440956351298
 1.565339571758744
 -0.05977190302218503
 -1.246755960003452
 2.024602752063769
 -1.607414493004665
 -2.354041395713741
 -1.17840915871659
 -0.1353589837596366
 0.5383838586931354
 0.5880459447064137


# name: alphas
# type: cell
# rows: 1
# columns: 3
# name: <cell-element>
# type: matrix
# rows: 15
# columns: 1
 0.5704229692455054
 0.4844099730756671
 0.4144339726200425
 0.4581905954296122
 0.5028186803336915
 0.4514910164289632
 0.475091876234509
 0.4501307099385707
 0.5376759891430575
 0.4402213029240228
 0.5101408990256446
 0.2557430452500732
 0.5632768119982191
 0.5862044973747702
 0.6287864161294222



# name: <cell-element>
# type: matrix
# rows: 15
# columns: 1
 1.308088942399913
 1.158869285038469
 0.6766478871070988
 0.5083967674014659
 0.981121542774149
 0.5679734274480213
 1.483274887043804
 1.198768164304151
 1.047642989160253
 0.2682156689997729
 0.5890303750385305
 1.212829856675973
 0.2863185784365406
 1.670497288947341
 1.381192652393995



# name: <cell-element>
# type: matrix
# rows: 15
# columns: 1
 11.5685006677698
 11.45109939454796
 11.25494307657952
 11.50086567895055
 11.35366759982969
 11.2717705701371
 11.46465026025993
 11.6053278600878
 11.45929102733065
 11.28873557756352
 11.29068477112764
 11.48460960686485
 11.44303668833369
 11.45780953073897
 11.41424366705148





# name: W
# type: matrix
# rows: 15
# columns: 15
 -0.2005527115747745 0.09380620205423675 0.00418449485645564 0.1361790718475671 -0.3340097555487672 0.1199838914560913 0.07139500403311294 -0.1017261559384293 0.3599152223439466 -0.1110090389717016 -0.2865389527882772 0.08250349001592701 -0.07707067560538053 -0.1374357603253746 0.2167521154647497
 -0.02270970826022583 -0.3666748193296723 0.157000500185938 -0.1531382361368508 0.1949574970281792 -0.08365035093659008 0.06227795854899579 0.3554554185445367 -0.3467600190863265 0.05795375311117853 0.2134866382020785 -0.1757617522936588 -0.02912253551551514 -0.07438327583192055 -0.2995067381930492
 0.2156973901601955 -0.1701435464794725 -0.04933748365247245 -0.04900836289113938 0.04784861735217716 -0.03519952130287304 -0.1158008095970536 -0.05320147924566714 -0.04333571211461495 0.1318058460541191 0.0244748175900666 -0.1345364044923399 0.1491328678297916 0.0627569484805964 -0.03544511657503182
 -0.1275060964578019 -0.09083230557030027 -0.2419118492037136 -0.3667571776621984 0.131582510375677 -0.2878766451829868 -0.01560204792068251 0.08335410642158551 -0.2032735829191062 0.2049624116634568 0.5180995845255129 -0.09036588724448803 0.1926026287864378 0.1349158056831399 -0.1717359354234636
 -0.1306169849566926 0.2774045858397507 0.0636324866390634 0.1451434759625738 -0.1940920993404079 -0.04700202109295792 0.2650533238023617 0.1775958886701113 -0.06347454922243306 0.008370260322845477 -0.1666218917894328 0.2293891878389011 -0.08658037861050991 0.1101329102440062 0.07137702929189249
 -0.1377426341406247 -0.1118999768232514 -0.06609661235593621 -0.05084582343632767 -0.02587512301735161 -0.2303186275139912 -0.03188286030647937 0.03503017845706034 -0.1178942201673085 0.1461497485785562 0.145661892175475 -0.05397079443650355 0.2676827190467718 -0.01252511289685822 -0.08360773442550741
 -0.02436708653336871 -0.09699575619023912 -0.01025699159636777 -0.1612611570579728 0.06777656662043166 -0.1469044023991909 -0.2445115886636444 0.106012656152499 -0.05977204059106306 0.1372831261681378 0.2034426040667012 -0.08530109097738796 0.1150531446179877 -0.006166199767727273 -0.2039120723569853
 0.3346467641700906 -0.009614985981648361 0.01043266577641622 -0.09569854368948734 0.05635611796061474 -0.07298851036939309 -0.2532250296390005 -0.02356166102766838 0.1015971022797398 0.1209838675506904 0.03818971505768618 -0.07062151822575821 0.1377098513785851 0.2573304122109913 -0.1652759906210837
 -0.09481683117458757 -0.03615021547822032 0.02438137470090447 0.007960250652555085 0.01743265404549823 0.03253146576030172 0.1637412601393478 0.005059378960355546 -0.2684173917112676 0.003696504009778888 0.03717364208459018 0.01093037669248723 -0.02107315321671955 -0.01277255682839 0.1118372355600407
 -0.03467344609013885 0.115801007951688 0.1434952673865215 0.005020735865178681 -0.03295586740308064 0.06823733943919884 0.1349935477922324 0.05655311179054639 0.007326754478224539 -0.3053064279434023 -0.2369976570953334 0.1565636989307858 -0.2053714133137953 -0.07111408577739263 0.1032441255629286
 -0.08632865793736814 0.1435142370978436 -0.09060263002646199 -0.09794248722531992 -0.00760652739040925 -0.1435129490500148 0.1876662843492773 0.08569993940022289 -0.03411225913760243 0.05548553290624638 -0.3274601307449908 0.1878605105130248 0.03827251860347052 -0.1022847293265652 0.1298019674857149
 -0.01472696557912731 -0.2653878598082653 0.03772889824023844 0.006471756538026829 -0.04789513889092976 0.04808326742329847 -0.1011372932011588 0.1114603855032772 -0.05281396553539816 -0.03227657758417917 -0.04711298806164168 -0.3722984107342718 -0.0004666899943209905 -0.04536484806656379 -0.2853615184860805
 -0.01738984492509086 0.1739159133444745 0.0955784610118087 -0.08342691620241229 0.05221696212972692 -0.047558407760832 0.1777111800558542 0.176404046953828 0.001224826339928954 -0.01812974713683315 -0.04560964101732839 0.2221032944023626 -0.4301718041708577 -0.07288674041329628 0.02707305948773198
 0.3032027407360992 0.1923378766879382 -0.006732149941848442 0.4072885473914613 0.1045873842938932 0.2231414577681615 0.04873920505757801 -0.1261699623350083 0.06474115108782812 -0.1989456505985751 -0.1193665262769697 0.02801527134405473 -0.1779974658476874 0.08056022905106577 0.2223489862662226
 -0.1339633230258843 -0.1090466689892624 0.02772105463644885 -0.1082488385456853 -0.1009803434119244 -0.0558605438804282 -0.1087651333395667 0.1458892840432317 0.04780176653876312 0.02254181427764615 -0.02507722672440836 -0.1655186347270018 0.0155454279383172 -0.02095404834325008 -0.4416650795724774


# name: iter
# type: scalar
69


# name: c
# type: matrix
# rows: 1
# columns: 15
 0.5542940346690111 0.3336200565914109 0.2212623655422084 0.592285394478936 0.5332989815843774 0.4832386157496576 0.3955956692082138 0.6285315718035833 0.2457765621916864 0.5814532884229251 0.6507733907407307 0.06436594448279004 0.4508465490467488 0.5203543706180033 0.2217595414106757


# name: mean_corr
# type: matrix
# rows: 9
# columns: 1
 -0.02955256623506268
 -0.08112022597999029
 -0.0587501173020988
 -0.03977088911547297
 -0.02933529335381386
 -0.01704003405486292
 -0.01355238631977357
 -0.004342814465925778
 0.4318304224360639


# name: mean_error
# type: matrix
# rows: 9
# columns: 1
 1.435498132364798
 1.446855590820256
 1.432062251262159
 1.421613353113854
 1.421736687791079
 1.418242175923781
 1.415099214843072
 1.409455367890963
 1.227556708212932


# name: iter_improve
# type: matrix
# rows: 9
# columns: 1
 1
 31
 33
 36
 46
 55
 59
 61
 69


# name: optim_start
# type: scalar
69


# name: optim_steps
# type: scalar
9


# name: VPVP_params
# type: scalar struct
# ndims: 2
 1 1
# length: 8
# name: lambda
# type: scalar
300000000


# name: downsample
# type: scalar
10


# name: MaxIter_X
# type: scalar
200


# name: MaxIter
# type: scalar
50


# name: optTol_X
# type: scalar
1e-06


# name: progTol_X
# type: scalar
1e-10


# name: optTol_aW
# type: scalar
0.0001


# name: progTol_aW
# type: scalar
1e-07




