# Created by Octave 3.8.1, Wed Nov 29 21:59:11 2017 ART <gabrevaya@ws3.labo5>
# name: y_start
# type: matrix
# rows: 15
# columns: 1
 0.5967154031878479
 0.9972394939821732
 0.2940618505162629
 2.149866898759777
 -0.3786990377337852
 1.959117050380198
 0.1028275214076495
 -0.9180195254739592
 1.449577936805402
 -1.232572865366333
 -0.3978180638299421
 2.371245902830835
 1.22086910313529
 1.186408296231205
 0.3900858553854656


# name: alphas
# type: cell
# rows: 1
# columns: 3
# name: <cell-element>
# type: matrix
# rows: 15
# columns: 1
 -0.1129135102461118
 0.9174989430104862
 1.104875705640859
 -0.169196533191064
 -0.03394631905564342
 2.115182175628922
 0.2319944430096273
 1.352494710025425
 0.9871403897421407
 1.698810345692632
 0.5517526068065348
 -0.07203942855180087
 2.158375134107831
 0.7513536721817595
 0.8827355954794107



# name: <cell-element>
# type: matrix
# rows: 15
# columns: 1
 1.151485914230894
 0.8082655023386129
 1.118545313041273
 0.8504174502269962
 0.6194989638986705
 0.3208891531602057
 1.510427775769295
 1.242624548915389
 1.26038668131581
 0.09454009409889079
 0.6679554402414456
 2.095293560383964
 0.3996793295887981
 1.673652243007614
 1.272198759439157



# name: <cell-element>
# type: matrix
# rows: 15
# columns: 1
 12.12675830476634
 11.8586986628608
 11.34444906297006
 12.92878270452809
 11.68805310501406
 11.70091999827979
 11.49060424687828
 10.54270506363661
 11.44306984221379
 11.03501604533653
 10.47577809697143
 13.50729446807875
 10.94798224831867
 12.04161856519272
 11.35423167747536





# name: W
# type: matrix
# rows: 15
# columns: 15
 -0.00404629493897093 -0.09157085187458157 -0.05082053342202724 0.2135221990358465 -0.4931255693057378 0.293038208612345 -0.01643432955308863 -0.2944780827051612 0.526436475367559 -0.2293853930688402 -0.6296600798787563 0.1960218665611995 -0.2160760991533986 -0.1910515651065491 0.3920771678028993
 0.170963837680862 -0.0009049027876578854 0.1774525952918137 -0.08366236241386137 0.4286547227297558 -0.3779007019167883 0.01402489523372731 0.5276755770958014 -0.338775424454975 0.213025074923838 0.2055425443568779 -0.3017078710446323 -0.1081266136975214 -0.1476115922517124 -0.6484150161707486
 0.1059227326933738 -0.1360230249133912 -0.004496989661202155 -0.1385384513608308 -0.05016636411242481 -0.1627873379136218 -0.07999462521871009 -0.01705998100660088 -0.09003846930620893 0.3099506339848508 0.1126102262979245 -0.2101323904037683 0.1671010045352738 0.05020004035744371 -0.07520404422445012
 -0.2820176728790665 0.1544549072369527 -0.2437731967881927 -0.4652189664315634 0.2544831614833539 -0.5194622154636426 0.2900269306125651 0.161315002173247 -0.2480222182957774 0.4064219195595991 0.7467005779931793 -0.09438999238329283 0.284968442561179 0.2678148263233309 -0.1616689413079622
 -0.2869425923112577 0.6425334553403901 0.02846806816086288 0.2733838248978913 -0.08386710395244346 -0.3216824789814403 0.6484229158005523 0.2384969960111512 -0.1105204929587393 0.2984057947436586 -0.002426694574939848 0.2501082861335476 -0.2436817487685661 0.2444630328062199 0.06114417810246257
 -0.2834409855546665 -0.01661999512645625 0.009625083342107725 -0.06059568793409892 -0.08731567902175826 -0.3733853230882166 0.06389779347687551 -0.02988230049607562 -0.1530880585651456 0.2372381163749628 0.1135920699060397 -0.005539800250930335 0.4267897583494041 -0.08548754202780164 0.06686318274755758
 -0.05204593466611062 -0.1778795388102444 0.04194897399641234 -0.1851140633831398 0.05783134882977743 -0.2067949525111589 -0.4078847640672827 0.1441683069132797 -0.05935865171035199 0.1934408816269357 0.2369060996411075 -0.1281930852107077 0.2125263179924679 -0.02122396842581357 -0.1573027284874727
 0.4969532500622522 -0.04104241565559121 0.03879452799913214 -0.06914182266731551 0.0870230835175699 -0.004133226533249167 -0.2975195454556306 0.05216043546559913 0.1810941342320381 0.1004200494616541 0.2164543860625237 -0.1124664227429869 0.2213742523031048 0.2743016205259675 -0.2552475979605069
 -0.1180978420962763 -0.09437332887310297 -0.01814057588026767 -0.1242314329067951 -0.1589072498750056 0.03338247743351232 0.5032398211727001 -0.002175573470937273 -0.375248439129044 -0.006150907476139562 -0.0387357147639076 0.09350099534666363 -0.2195505896847099 -0.1715181673309717 0.1616604630583797
 -0.00285200686473672 0.2712518365042701 0.1654888569407312 0.09197450776360946 0.1670528788317165 0.2580018520639667 0.1088403333970759 0.2121061008686358 -0.03056928479903004 -0.582829309446515 -0.08741276053902114 0.1635200277886564 0.07472456642119371 -0.08768441605496058 0.06902491766344819
 0.06976612563313493 0.5770363261857959 -0.009106692884225168 -0.030287930658833 0.07162948109020706 -0.2382164349911274 0.5163894593016382 0.04767506103114876 0.05490223617848815 0.1876644005614899 -0.7144329901302725 0.3507966795970517 0.2878306767329876 -0.2819916514803544 0.2610787646547985
 -0.08114996026735227 -0.1947693048310728 0.07694932653635177 -0.04129981799305667 -0.09404383032109101 0.1156456473203694 0.03779761583658423 0.1144973702764714 -0.07304472806915681 -0.1159580232107636 -0.02890265061183462 -0.4080524914212486 0.08507414590673422 -0.04448790861736586 -0.2951414423641351
 0.08156551106551495 0.4836340900423376 0.07055274499927844 0.07141409363719753 0.3269825512452672 -0.3179551581748437 0.3282611626668293 0.405991562180629 -0.01827602207331165 0.2336771661446372 0.03035930022918774 0.3582409173693981 -0.5686132776471592 -0.1331404877803234 0.07496349229630779
 0.5232948064411905 0.3402349697218559 -0.06981748928728394 0.6759184340449834 0.432821380209253 0.08860849962655726 0.1330279776008444 0.1024727023362476 0.1806569837362189 -0.08488255818949288 -0.06954237566473453 0.162264527943002 -0.1460974025649762 0.250595314992112 0.225176590499828
 -0.3090462205145897 -0.193698190337251 0.1093659869192509 -0.3731688786719597 -0.3106554911830409 -0.0362153839496136 -0.2600670188378208 0.03370974409654626 -0.07157039592769446 -0.073153448749184 -0.05567434634582213 -0.3640943772796567 -0.01525652092306584 -0.02795275852250216 -0.6665748181342602


# name: iter
# type: scalar
300000


# name: c
# type: matrix
# rows: 1
# columns: 15
 NaN NaN NaN NaN NaN NaN NaN NaN NaN NaN NaN NaN NaN NaN NaN


