# Created by Octave 3.8.1, Tue Nov 28 20:19:09 2017 ART <gabrevaya@ws12.labo4>
# name: y_start
# type: matrix
# rows: 15
# columns: 1
 -1.065146403602046
 2.010032185841836
 -0.9549387681573239
 -0.02448386234215463
 -1.420643394350881
 -0.7786530714165871
 0.005313980830382176
 -1.212004937368601
 0.4180952186014775
 -1.097421343358663
 0.1578417755139869
 -1.820103737034277
 0.6287179080037135
 0.3185883810986285
 1.657759620302827


# name: alphas
# type: cell
# rows: 1
# columns: 3
# name: <cell-element>
# type: matrix
# rows: 15
# columns: 1
 0.3781590725324713
 0.517040562707669
 0.2342506067385084
 0.4421532030091169
 0.578
 0.5225043182838346
 0.7494559788721907
 0.578
 0.578
 0.8004049964358635
 0.7054495257713853
 0.578
 0.6561529623993916
 0.578
 0.578



# name: <cell-element>
# type: matrix
# rows: 15
# columns: 1
 0.7898240953129987
 0.7563004157506381
 0.9501149719039454
 1.099120119886289
 1
 1.041102905203378
 1.098408559264372
 1
 1
 0.8746251313571001
 0.910533142118861
 1
 0.830074296282855
 1
 1



# name: <cell-element>
# type: matrix
# rows: 15
# columns: 1
 11.10500765502438
 11.44739397315615
 11.3325837605266
 11.41077957368326
 11.38
 11.42796792401898
 11.49996769010982
 11.38
 11.38
 11.2852682251223
 11.51876485884737
 11.38
 11.47668514830023
 11.38
 11.38





# name: W
# type: matrix
# rows: 15
# columns: 15
 0 0 0 0 0 0 0 0 0 0 0 0 0 0 0
 0 0 0 0 0 0 0 0 0 0 0 0 0 0 0
 0 0 0 0 0 0 0 0 0 0 0 0 0 0 0
 0 0 0 0 0 0 0 0 0 0 0 0 0 0 0
 0 0 0 0 0 0 0 0 0 0 0 0 0 0 0
 0 0 0 0 0 0 0 0 0 0 0 0 0 0 0
 0 0 0 0 0 0 0 0 0 0 0 0 0 0 0
 0 0 0 0 0 0 0 0 0 0 0 0 0 0 0
 0 0 0 0 0 0 0 0 0 0 0 0 0 0 0
 0 0 0 0 0 0 0 0 0 0 0 0 0 0 0
 0 0 0 0 0 0 0 0 0 0 0 0 0 0 0
 0 0 0 0 0 0 0 0 0 0 0 0 0 0 0
 0 0 0 0 0 0 0 0 0 0 0 0 0 0 0
 0 0 0 0 0 0 0 0 0 0 0 0 0 0 0
 0 0 0 0 0 0 0 0 0 0 0 0 0 0 0


# name: iter
# type: scalar
674


# name: c
# type: matrix
# rows: 1
# columns: 15
 -0.04193736471502622 0.3164901938884976 0.07966388428271629 0.1737303672801288 0.3139580010047758 -0.002619390972287863 -0.0227299577636285 0.4734773857106299 0.1878846971000133 0.3387103738192171 -0.04324303444330823 0.08084148279661106 0.1218464582964469 0.127225819461883 0.09296204297311711


# name: mean_corr
# type: matrix
# rows: 19
# columns: 1
 -0.04225834669117822
 -0.03072507512023603
 -0.02057832525921623
 0.007305915512716417
 0.01351869383823614
 0.05063633136316371
 0.05405382362100492
 0.06057528664984657
 0.06976027535577488
 0.1001403342136115
 0.1092477241418896
 0.1123760934301743
 0.1359223840917158
 0.154138115882734
 0.1546562571458477
 0.1563205620916044
 0.1646814555321451
 0.166471250502735
 0.1666995645799164


# name: mean_error
# type: matrix
# rows: 19
# columns: 1
 1.443999016197171
 1.436829486993981
 1.435721240041144
 1.41672411961361
 1.414792817763801
 1.38689353085855
 1.374965178245118
 1.372301995924496
 1.372959463615838
 1.360767549516898
 1.35818007280971
 1.353428126955946
 1.335725257405721
 1.328866924191351
 1.326636675454046
 1.314614642740622
 1.313039547992954
 1.306167918768249
 1.307251422106058


# name: iter_improve
# type: matrix
# rows: 19
# columns: 1
 1
 18
 78
 88
 123
 132
 145
 205
 208
 231
 237
 243
 270
 313
 335
 336
 352
 358
 550


# name: optim_start
# type: scalar
674


# name: optim_steps
# type: matrix
# rows: 0
# columns: 0


# name: VPVP_params
# type: scalar struct
# ndims: 2
 1 1
# length: 8
# name: lambda
# type: scalar
300000000


# name: downsample
# type: scalar
10


# name: MaxIter_X
# type: scalar
200


# name: MaxIter
# type: scalar
50


# name: optTol_X
# type: scalar
1e-06


# name: progTol_X
# type: scalar
1e-10


# name: optTol_aW
# type: scalar
0.0001


# name: progTol_aW
# type: scalar
1e-07




