# Created by Octave 3.8.1, Wed Nov 29 00:26:06 2017 ART <gabrevaya@ws14.labo7>
# name: y_start
# type: matrix
# rows: 15
# columns: 1
 -1.941120753150483
 -0.7453183242070349
 -0.1345540413905505
 0.5119793637639241
 -0.4835621306149567
 -0.906805848702636
 0.3294407152883102
 -0.362263190680644
 -0.5992984928735958
 0.1999086135984577
 0.09204402735657892
 -0.1024548453725686
 -0.8778094162745592
 -0.8779494183399785
 -1.244386603936319


# name: alphas
# type: cell
# rows: 1
# columns: 3
# name: <cell-element>
# type: matrix
# rows: 15
# columns: 1
 0.3768268692503949
 0.5096798364570435
 0.5721800294296853
 0.7408626583955568
 0.5391099454835198
 0.548899439301771
 0.4926615446144086
 0.5956656087679807
 0.5185159384833966
 0.5098280450453662
 0.3680301475789052
 0.4654973172387866
 0.4012738997810716
 0.6413077414670945
 0.5410922436780671



# name: <cell-element>
# type: matrix
# rows: 15
# columns: 1
 0.8306134165518227
 0.7631587838507453
 1.047773948943864
 1.206592486000961
 0.8201073710765512
 1.121620217251115
 1.121805011867717
 0.9594234236269619
 0.9414986228138598
 0.7810083654063494
 0.5626101640938873
 1.085527309060705
 0.8496664679402456
 0.6417515653442886
 0.9955133951185422



# name: <cell-element>
# type: matrix
# rows: 15
# columns: 1
 11.29513008921714
 11.20977767701456
 11.38266748638455
 11.51655310913489
 11.36143134039236
 11.48073976547342
 11.39194794264015
 11.3787184947869
 11.42616674692224
 11.30270572024751
 11.53440315283387
 11.38738178530433
 11.37668321909942
 11.34785498236034
 11.37987718623406





# name: W
# type: matrix
# rows: 15
# columns: 15
 -0.1250699671830192 0.02030880502815659 0.008485992332130489 0.2526764119247132 -0.07245312865426369 0.1064213338912575 0.08729510420027545 -0.04087849965512168 -0.02368091710393514 -0.06240301303610834 -0.1538749281303479 0.129866247338798 -0.1237536822704518 -0.1214215271896409 0.129196433955167
 -0.0694714987498998 -0.09847878825569238 -0.113055437112574 -0.2174117084050382 0.1442300715639416 -0.1979144339976522 -0.08263638228793831 0.164466188705628 -0.0188397908548843 0.05765505783252539 0.2528595746368925 -0.1730996977315432 0.1040354771467489 0.1278648304961598 -0.3561174975619658
 0.005169192361340469 -0.07188648345938607 0.004754559409330667 -0.1429195431664451 -0.01237028395934852 -0.1081528820240361 -0.01387800885592642 -0.004816818148312156 0.005760962475941767 0.05119145436883769 -0.0280617774021674 -0.007958064150610056 0.02563183697399861 -0.07322597170987621 -0.00809062255111255
 0.04029866020816342 -0.02442542212265788 0.01707212034200288 -0.2881137684203497 0.05169861589846955 -0.1663958972367152 0.02666092511091542 0.07184823160297127 0.07209336141349615 0.1588196402120284 0.04423171498622362 -0.04999092374293502 0.1762840461313252 -0.0659075744515452 -0.08201709499676035
 -0.2253853040016311 0.1731104451748822 -0.02649693249042921 0.05191329454176684 0.03271723573481765 0.004909393844320039 0.1027219736360829 0.0923714452184853 0.01103824620675889 -0.1371840285120679 -0.01830984158735566 0.001928971706218289 -0.06948076579189888 0.03408316503979303 -0.03948571016047436
 -0.05336291335981267 -0.04231845420565122 -0.02332601261796387 -0.1514438148226705 0.01429791423852941 -0.1325527662439754 -0.04356027579362257 -0.01554463463312909 -0.03630495067428231 -0.01570533325626927 0.03659861335065545 -0.049671490658524 -0.03079566049512262 0.003950864149739957 -0.08817569636551452
 0.08504615802556845 -0.1415435054887417 -0.0413503579637181 -0.2777948673021189 0.07310787251336583 -0.1320742238584061 -0.1892062017334052 0.04058357292302212 -0.006045304358952964 0.1593839458558224 0.1792520204850543 -0.1709912323897814 0.1431328794627406 0.04362564172957493 -0.2473547842396937
 -0.1037112461647254 0.02667163953754934 -0.05983210673308944 0.1723822051814111 0.04598533528943335 -0.004270964885993904 0.06653228667054371 0.1097530450692663 -0.00171147299657226 0.08082876314051844 0.0006272402193978925 0.0002071444556259968 0.03579495836314942 -0.1080839473758964 -0.1196062852286267
 -0.01691274917777306 -0.06247808054600903 -0.01781708507224071 -0.06453574196819116 -0.01097859308347124 -0.06986995511324874 -0.008041074192770555 -0.006947683475735272 -0.02471263989251812 0.04543818565196386 -0.01362193066236351 -0.01022724968405689 -0.003128562320050365 -0.05907302015838051 -0.02939485022276305
 -0.03374498359817447 0.04012746760437993 0.001166440238347242 0.1019314234079017 -0.01728395389852313 0.04522412600825772 0.05725746904450969 0.00567395515861329 0.006382172711571906 -0.07773204356376874 -0.04105285297127064 0.07220219911546448 -0.03927047280578931 -0.001141865510919427 0.08812783660084963
 -0.1484624980649121 0.1604445950048917 -0.01331940558019178 0.1884510736490778 -0.01889256362780695 0.05346417236237753 0.1879466016646645 0.08100315511256151 0.02962571568577175 -0.2337570159343933 -0.210027078655851 0.1610596104378254 -0.140481701808969 -0.03234192244921047 0.2403030869760712
 -0.05436720708344678 -0.0815174895355293 -0.01568718029463361 -0.1750399031540807 0.04156328922881655 -0.03814934425327397 -0.1468721867768928 -0.04670635815761175 -0.0463052024828815 0.04147077566444706 0.1323951312718616 -0.2113009048287828 0.01411607789193428 0.062566175119529 -0.2438879146576582
 -0.09566670118263826 0.04478371431402325 -0.02526673113217041 0.1189627994937321 -0.03434174376878606 -0.02427524866465905 0.1351069675934986 0.06436053455547085 0.01692933237566578 -0.0799865425048723 -0.1341181324090789 0.1338387069606223 -0.07526962038273098 -0.1079849335796366 0.1683952745109981
 -0.09549130887964183 0.07814786313979569 -0.03059799131756222 -0.073297598931139 0.07381666272506904 -0.02182402867263971 0.0553051353965678 0.05536193655622179 0.009236606611209265 -0.184195417738914 0.06019180300464618 0.02112228347046225 -0.06861979219087237 0.1503298919207799 0.03259584741473384
 -0.09025152395377974 -0.1061318162098998 0.02229876868730817 -0.3116699047889905 0.04644519510364745 -0.09817677170595236 -0.2087312557076839 -0.1006150065880279 -0.05714034925020132 0.1591636399216636 0.142499157850782 -0.2369653107220582 0.06359247270269464 0.009829072459951651 -0.404242685276242


# name: iter
# type: scalar
457


# name: c
# type: matrix
# rows: 1
# columns: 15
 0.4235691247930577 0.5436348734718731 0.487594092521439 0.3137941453402938 0.5048319023307168 0.3848663695387562 0.2850261952660499 0.6964768227895397 0.2852545914900392 0.4914587152864722 0.5234267706708391 0.1179321489756984 0.4255494542511352 0.6235637774857569 0.2174874589818273


# name: mean_corr
# type: matrix
# rows: 14
# columns: 1
 -0.0374711816338481
 -0.01248823602079613
 0.01386906246992908
 0.02996978628288718
 0.03626659978048461
 0.04154861980495413
 0.04430003052027471
 0.0671323517376252
 0.09682840337293437
 0.09910030195658127
 0.09953110108196321
 0.1183938945666503
 0.1181511235307252
 0.4216310962128996


# name: mean_error
# type: matrix
# rows: 14
# columns: 1
 1.466403936770502
 1.452247137763812
 1.43573336223122
 1.425397642999035
 1.423021763172061
 1.413307505151532
 1.412438403830096
 1.403584941398011
 1.386099758356202
 1.383267852749042
 1.383043797590789
 1.376714375106892
 1.372361272937677
 1.255535452516918


# name: iter_improve
# type: matrix
# rows: 14
# columns: 1
 1
 7
 11
 73
 80
 85
 166
 227
 256
 274
 293
 317
 356
 457


# name: optim_start
# type: scalar
457


# name: optim_steps
# type: scalar
14


# name: VPVP_params
# type: scalar struct
# ndims: 2
 1 1
# length: 8
# name: lambda
# type: scalar
300000000


# name: downsample
# type: scalar
10


# name: MaxIter_X
# type: scalar
200


# name: MaxIter
# type: scalar
50


# name: optTol_X
# type: scalar
1e-06


# name: progTol_X
# type: scalar
1e-10


# name: optTol_aW
# type: scalar
0.0001


# name: progTol_aW
# type: scalar
1e-07




