# Created by Octave 3.8.1, Wed Nov 29 00:15:31 2017 ART <gabrevaya@ws12.labo4>
# name: y_start
# type: matrix
# rows: 15
# columns: 1
 1.499684382712437
 0.7878978415319325
 -0.09751978937280627
 1.963592269861641
 0.0009607366418440067
 -0.8722230603606774
 -0.7997940793195004
 -0.4568559651976551
 -0.200615227733786
 1.829693656045109
 -0.5569026580475854
 0.2160102080627082
 -1.297607459528179
 0.5557742653562476
 0.8404217712857781


# name: alphas
# type: cell
# rows: 1
# columns: 3
# name: <cell-element>
# type: matrix
# rows: 15
# columns: 1
 0.5534215747838119
 0.835805064167615
 0.578
 0.6111622977413381
 0.578
 0.5550482461063617
 0.7373535448830446
 0.578
 0.578
 0.4790225845196466
 0.6668839949063829
 0.578
 0.7804217661487403
 0.578
 0.578



# name: <cell-element>
# type: matrix
# rows: 15
# columns: 1
 0.7363461256147914
 0.794614944870787
 1
 0.7298570875677598
 1
 1.105287125749514
 1.053967203213605
 1
 1
 1.225058367339475
 0.611814494869151
 1
 0.8004275685587167
 1
 1



# name: <cell-element>
# type: matrix
# rows: 15
# columns: 1
 11.48768740701004
 11.58772679847424
 11.38
 11.58417639071306
 11.38
 11.17552320872711
 11.26740981706576
 11.38
 11.38
 11.53196538277922
 11.45128510816843
 11.38
 11.07273983753794
 11.38
 11.38





# name: W
# type: matrix
# rows: 15
# columns: 15
 0 0 0 0 0 0 0 0 0 0 0 0 0 0 0
 0 0 0 0 0 0 0 0 0 0 0 0 0 0 0
 0 0 0 0 0 0 0 0 0 0 0 0 0 0 0
 0 0 0 0 0 0 0 0 0 0 0 0 0 0 0
 0 0 0 0 0 0 0 0 0 0 0 0 0 0 0
 0 0 0 0 0 0 0 0 0 0 0 0 0 0 0
 0 0 0 0 0 0 0 0 0 0 0 0 0 0 0
 0 0 0 0 0 0 0 0 0 0 0 0 0 0 0
 0 0 0 0 0 0 0 0 0 0 0 0 0 0 0
 0 0 0 0 0 0 0 0 0 0 0 0 0 0 0
 0 0 0 0 0 0 0 0 0 0 0 0 0 0 0
 0 0 0 0 0 0 0 0 0 0 0 0 0 0 0
 0 0 0 0 0 0 0 0 0 0 0 0 0 0 0
 0 0 0 0 0 0 0 0 0 0 0 0 0 0 0
 0 0 0 0 0 0 0 0 0 0 0 0 0 0 0


# name: iter
# type: scalar
697


# name: c
# type: matrix
# rows: 1
# columns: 15
 0.2549106904684804 0.086144213115441 0.09823143060480012 0.3019801464249568 0.05338485304660349 0.1535824231766834 0.03554208555895341 0.6007307229442025 0.2217300816030777 0.0241501556348205 0.3548193030906712 0.09761990655651558 0.2432393622053831 0.08648302241870424 0.05498494963760862


# name: mean_corr
# type: matrix
# rows: 21
# columns: 1
 -0.03705382279590637
 -0.03457749659162109
 -0.02100695264341228
 -0.02019256853056127
 -0.008985892937201609
 0.02489122120965913
 0.03712812696121189
 0.03880953191646222
 0.05244332552158391
 0.06177766312443292
 0.07780963736661034
 0.08111055270104141
 0.105548954538616
 0.1099295226625837
 0.1256837712581379
 0.1471933372699291
 0.1475505210707959
 0.1724487788380507
 0.1724685213238801
 0.1733627826346469
 0.1735578694455575


# name: mean_error
# type: matrix
# rows: 21
# columns: 1
 1.465351400783503
 1.463303067943735
 1.451677528767138
 1.451706157860608
 1.43908158526166
 1.423083229343898
 1.414105044767621
 1.411863093979018
 1.404758294447896
 1.398947057881874
 1.394610535329272
 1.39472545785656
 1.37885305314455
 1.361235940561456
 1.355098156702158
 1.348765351867105
 1.352309883788115
 1.349584448228887
 1.349667398479983
 1.341977066873422
 1.341792022856622


# name: iter_improve
# type: matrix
# rows: 21
# columns: 1
 1
 5
 18
 34
 85
 89
 112
 126
 208
 210
 261
 262
 356
 371
 456
 461
 490
 537
 576
 612
 681


# name: optim_start
# type: scalar
697


# name: optim_steps
# type: matrix
# rows: 0
# columns: 0


# name: VPVP_params
# type: scalar struct
# ndims: 2
 1 1
# length: 8
# name: lambda
# type: scalar
300000000


# name: downsample
# type: scalar
10


# name: MaxIter_X
# type: scalar
200


# name: MaxIter
# type: scalar
50


# name: optTol_X
# type: scalar
1e-06


# name: progTol_X
# type: scalar
1e-10


# name: optTol_aW
# type: scalar
0.0001


# name: progTol_aW
# type: scalar
1e-07




