# Created by Octave 3.8.1, Wed Nov 29 00:20:48 2017 ART <gabrevaya@ws14.labo7>
# name: y_start
# type: matrix
# rows: 15
# columns: 1
 -1.941120779681953
 -0.7453183058646292
 -0.1345540237808236
 0.5119793534728198
 -0.4835620939725109
 -0.9068058578580109
 0.3294407107622784
 -0.3622631806527224
 -0.5992984912617367
 0.1999086144613932
 0.09204403873006103
 -0.1024548496621984
 -0.8778094140015809
 -0.8779493976368611
 -1.24438661297227


# name: alphas
# type: cell
# rows: 1
# columns: 3
# name: <cell-element>
# type: matrix
# rows: 15
# columns: 1
 0.4599784810739136
 0.6078887575791592
 0.578
 0.8286349826788646
 0.578
 0.6354205354708354
 0.578
 0.578
 0.5391002052462963
 0.5474829561301496
 0.4533210331556531
 0.578
 0.4625406342891452
 0.578
 0.578



# name: <cell-element>
# type: matrix
# rows: 15
# columns: 1
 0.89613752659207
 1.173544510223124
 1
 1.162189452204936
 1
 1.090717168090694
 1
 1
 0.9943443019980737
 0.8845478937815621
 0.856451854128496
 1
 0.8047839054602464
 1
 1



# name: <cell-element>
# type: matrix
# rows: 15
# columns: 1
 11.29353143096558
 11.24594934126577
 11.38
 11.51141922980279
 11.38
 11.4756748612141
 11.38
 11.38
 11.42939944309775
 11.31345262507316
 11.55202618550667
 11.38
 11.37139823575828
 11.38
 11.38





# name: W
# type: matrix
# rows: 15
# columns: 15
 0 0 0 0 0 0 0 0 0 0 0 0 0 0 0
 0 0 0 0 0 0 0 0 0 0 0 0 0 0 0
 0 0 0 0 0 0 0 0 0 0 0 0 0 0 0
 0 0 0 0 0 0 0 0 0 0 0 0 0 0 0
 0 0 0 0 0 0 0 0 0 0 0 0 0 0 0
 0 0 0 0 0 0 0 0 0 0 0 0 0 0 0
 0 0 0 0 0 0 0 0 0 0 0 0 0 0 0
 0 0 0 0 0 0 0 0 0 0 0 0 0 0 0
 0 0 0 0 0 0 0 0 0 0 0 0 0 0 0
 0 0 0 0 0 0 0 0 0 0 0 0 0 0 0
 0 0 0 0 0 0 0 0 0 0 0 0 0 0 0
 0 0 0 0 0 0 0 0 0 0 0 0 0 0 0
 0 0 0 0 0 0 0 0 0 0 0 0 0 0 0
 0 0 0 0 0 0 0 0 0 0 0 0 0 0 0
 0 0 0 0 0 0 0 0 0 0 0 0 0 0 0


# name: iter
# type: scalar
457


# name: c
# type: matrix
# rows: 1
# columns: 15
 -0.03299640917221333 -0.07532460407549552 0.07694496662366537 0.1866951762238608 0.201810412534793 0.1984669371889849 -0.06999042965179257 0.6147980410421447 0.1656940696338308 0.007218793651672054 -0.09127757098373457 0.09657609857973073 0.3109394031952423 0.2213320212355064 -0.2729919361807791


# name: mean_corr
# type: matrix
# rows: 13
# columns: 1
 -0.0374711816338481
 -0.01248823602079613
 0.01386906246992908
 0.02996978628288718
 0.03626659978048461
 0.04154861980495413
 0.04430003052027471
 0.0671323517376252
 0.09682840337293437
 0.09910030195658127
 0.09953110108196321
 0.1183938945666503
 0.1181511235307252


# name: mean_error
# type: matrix
# rows: 13
# columns: 1
 1.466403936770502
 1.452247137763812
 1.43573336223122
 1.425397642999035
 1.423021763172061
 1.413307505151532
 1.412438403830096
 1.403584941398011
 1.386099758356202
 1.383267852749042
 1.383043797590789
 1.376714375106892
 1.372361272937677


# name: iter_improve
# type: matrix
# rows: 13
# columns: 1
 1
 7
 11
 73
 80
 85
 166
 227
 256
 274
 293
 317
 356


# name: optim_start
# type: scalar
457


# name: optim_steps
# type: matrix
# rows: 0
# columns: 0


# name: VPVP_params
# type: scalar struct
# ndims: 2
 1 1
# length: 8
# name: lambda
# type: scalar
300000000


# name: downsample
# type: scalar
10


# name: MaxIter_X
# type: scalar
200


# name: MaxIter
# type: scalar
50


# name: optTol_X
# type: scalar
1e-06


# name: progTol_X
# type: scalar
1e-10


# name: optTol_aW
# type: scalar
0.0001


# name: progTol_aW
# type: scalar
1e-07




