# Created by Octave 3.8.1, Wed Nov 29 00:05:20 2017 ART <gabrevaya@ws18.labo5>
# name: y_start
# type: matrix
# rows: 15
# columns: 1
 -0.1572580395463982
 -1.29359992977719
 -0.174345519358639
 0.7924211505593278
 -1.238363683996156
 -0.5093981701561169
 -1.589230517498708
 1.245759314276336
 -0.4954124992091392
 -0.6812340396538883
 0.0412508856446588
 0.56200219523882
 0.6075938527417296
 1.716329544319409
 0.35403639450494


# name: alphas
# type: cell
# rows: 1
# columns: 3
# name: <cell-element>
# type: matrix
# rows: 15
# columns: 1
 0.1439834678848137
 0.5961560727729532
 0.578
 0.5585256281758999
 0.578
 0.5780724914440407
 0.578
 0.4250578400732275
 0.578
 0.1501156516941725
 0.4357060999024223
 0.578
 0.3944290013407051
 0.6573145867240561
 0.578



# name: <cell-element>
# type: matrix
# rows: 15
# columns: 1
 1.267465417084636
 1.392322967451897
 1
 1.025380211505117
 1
 1.130163784742814
 1
 0.8117671405187216
 1
 1.227323683988413
 0.8837406049361871
 1
 1.20307225800384
 0.9434775098231705
 1



# name: <cell-element>
# type: matrix
# rows: 15
# columns: 1
 11.05082309218792
 11.30368250928515
 11.38
 11.37431596867527
 11.38
 11.47858766046317
 11.38
 11.43541492515366
 11.38
 10.98259887855237
 11.3384156154153
 11.38
 11.27972259985372
 11.35057672258427
 11.38





# name: W
# type: matrix
# rows: 15
# columns: 15
 0 0 0 0 0 0 0 0 0 0 0 0 0 0 0
 0 0 0 0 0 0 0 0 0 0 0 0 0 0 0
 0 0 0 0 0 0 0 0 0 0 0 0 0 0 0
 0 0 0 0 0 0 0 0 0 0 0 0 0 0 0
 0 0 0 0 0 0 0 0 0 0 0 0 0 0 0
 0 0 0 0 0 0 0 0 0 0 0 0 0 0 0
 0 0 0 0 0 0 0 0 0 0 0 0 0 0 0
 0 0 0 0 0 0 0 0 0 0 0 0 0 0 0
 0 0 0 0 0 0 0 0 0 0 0 0 0 0 0
 0 0 0 0 0 0 0 0 0 0 0 0 0 0 0
 0 0 0 0 0 0 0 0 0 0 0 0 0 0 0
 0 0 0 0 0 0 0 0 0 0 0 0 0 0 0
 0 0 0 0 0 0 0 0 0 0 0 0 0 0 0
 0 0 0 0 0 0 0 0 0 0 0 0 0 0 0
 0 0 0 0 0 0 0 0 0 0 0 0 0 0 0


# name: iter
# type: scalar
500


# name: c
# type: matrix
# rows: 1
# columns: 15
 -0.03644828746435352 -0.006136131068114403 0.05397131304757901 -0.07349998494970628 0.3032296313054832 0.2554219436310223 0.03117323246289617 0.4523043381554629 0.1779120570889073 -0.07154582996009047 -0.07186274891111337 0.09814629147579437 0.161462394605758 0.08785587054195237 0.0322017574408116


# name: mean_corr
# type: matrix
# rows: 22
# columns: 1
 -0.1142848872802306
 -0.09321846071625864
 -0.0914311412135707
 -0.07792763884116878
 -0.07766302755797908
 -0.01845560649911554
 -0.01814456796548084
 -0.01805797857538214
 -0.01008449428303657
 -0.007991017340034278
 -0.002230636126013067
 0.001109301200150881
 0.03081454341740037
 0.03711917808108336
 0.04202675323382392
 0.04365693345462378
 0.05327109342844825
 0.07653218835205808
 0.07916114244812365
 0.0847759208812493
 0.09581472672637426
 0.09622003967554389


# name: mean_error
# type: matrix
# rows: 22
# columns: 1
 1.488925909834193
 1.472625962189716
 1.471469997999792
 1.465131185141548
 1.464909497708823
 1.447433834424544
 1.442801241069162
 1.443183664693939
 1.436105377363917
 1.420177432594392
 1.418287478871865
 1.418646646620065
 1.407981862919212
 1.405625234471034
 1.403847759635454
 1.402096372649062
 1.396800785344231
 1.380629525681686
 1.376406188858847
 1.375828581467257
 1.364570032177681
 1.357287196672848


# name: iter_improve
# type: matrix
# rows: 22
# columns: 1
 1
 17
 29
 36
 63
 69
 79
 85
 106
 126
 230
 236
 252
 280
 309
 339
 390
 393
 473
 482
 491
 494


# name: optim_start
# type: scalar
500


# name: optim_steps
# type: matrix
# rows: 0
# columns: 0


# name: VPVP_params
# type: scalar struct
# ndims: 2
 1 1
# length: 8
# name: lambda
# type: scalar
300000000


# name: downsample
# type: scalar
10


# name: MaxIter_X
# type: scalar
200


# name: MaxIter
# type: scalar
50


# name: optTol_X
# type: scalar
1e-06


# name: progTol_X
# type: scalar
1e-10


# name: optTol_aW
# type: scalar
0.0001


# name: progTol_aW
# type: scalar
1e-07




