# Created by Octave 3.8.1, Sat Jan 06 20:48:25 2018 ART <gabrevaya@ws13.labo2>
# name: y_start
# type: matrix
# rows: 10
# columns: 1
 0.5361193269150215
 0.1572600878292392
 1.917151347207621
 -0.9077061559095668
 -0.3433338781378353
 1.026768497430409
 0.8148318374797218
 -1.578360825170771
 -0.2790455353711729
 0.9034931105543056


# name: alphas
# type: cell
# rows: 1
# columns: 3
# name: <cell-element>
# type: matrix
# rows: 10
# columns: 1
 0.6794859586991862
 0.6739102523251471
 0.2935454704640363
 0.4353026558597187
 0.5486334864296784
 0.5029615719753546
 0.6211534130037154
 0.4341873074795663
 0.4534430143530913
 0.6133166226925592



# name: <cell-element>
# type: matrix
# rows: 10
# columns: 1
 0.6875207847089752
 0.9967369080277717
 1.270925587354157
 0.9974869950554252
 0.970904288708122
 1.057943793555217
 0.7365330350219873
 0.7273512106572874
 1.179475263067541
 0.7504356019626687



# name: <cell-element>
# type: matrix
# rows: 10
# columns: 1
 11.3294664075259
 11.45315732262792
 11.33366846860384
 11.52266349527591
 11.39478387378973
 11.39270193252785
 11.11638169225293
 11.3535550683307
 11.66790648088046
 11.35803139919074





# name: W
# type: matrix
# rows: 10
# columns: 10
 -0.02624746772382949 -7.020725516115945e-05 0.3033847321172387 -0.06803138888567087 0.03690645278316097 -0.0209697011948824 0.04360606983322216 -0.1169497343983278 -0.2374373727048583 0.1770790005194701
 0.05112642164482933 -0.02598498618777507 -0.112552838993207 0.007902362457829194 -0.04501910200810999 0.04120923834524683 0.1045708543593336 -0.01180018883405135 0.1062832341461844 -0.01294268099919492
 0.04463746046406523 -0.0190259380495945 -0.3199317464891935 0.133247474030213 0.1145904788735085 0.02039026050392131 0.1511384194357737 0.1309340673933409 0.2804444498614123 -0.2002785219576087
 -0.07398321360752522 -0.03359743044535831 0.1916758027035898 0.1005833648053393 0.1989352540970664 0.08316098130441178 -0.005962270779969486 -0.09097036603637512 0.08968283786289542 0.1434611382110781
 0.02207057515213292 -0.09727678233700118 0.1259701972912903 0.03528209384812338 0.0537368588505198 0.009880684262746506 0.07361884581700115 -0.008353441119607766 -0.003010851670406075 -0.08174652639215961
 0.114142498641328 -0.004522621343066315 -0.0659994213887212 0.01716968603433448 0.03164609040961969 -0.05318650582126522 0.1423094235117195 0.09240662325255727 0.01042216174690249 -0.0692222463440952
 -0.04737659763703281 -0.01092600877425241 0.1049994799664244 0.008427191042058798 0.0473176210985988 -0.007720430653264608 -0.08575726753137328 -0.01841768809979305 -0.06713260817555677 0.03453570307663324
 -0.2764835234987377 -0.01417032144530425 0.2079409325892804 0.05891452672040373 0.04646540605967368 0.07797572041524493 -0.3166176942869386 -0.2838784613269167 -0.02768962743406878 0.1839176464667377
 0.06131996042542543 0.04658863188629426 0.1353265082307566 -0.05092249998979029 0.008556934118694404 0.02256752795431894 0.04210283531922734 -0.1125783739306144 -0.07258126306159245 0.2466436498300024
 0.196352069055344 -0.04545990690346355 -0.2231429006464223 0.03443064117336489 0.1318258646020875 -0.05983010500879249 0.3479237126094843 0.1977079911895274 0.06340499053090808 -0.4132399860641617


# name: iter
# type: scalar
531


# name: c
# type: matrix
# rows: 1
# columns: 10
 0.4663389559825561 0.4591297766159663 0.318834547401646 0.4517899904728824 0.6286143333220694 0.2989516808402894 0.4511844467762673 0.5008582433806992 0.3279794698519888 0.3067330926901707


# name: mean_corr
# type: matrix
# rows: 18
# columns: 1
 -0.07679183194513027
 -0.05943472904953469
 -0.05180826138678148
 -0.04846866169936466
 -0.0352244577121814
 -0.01514818499203066
 -0.02105328281456929
 0.04341303973691095
 0.0507829506171373
 0.05485597835980459
 0.08191122198376023
 0.1002086172958929
 0.1090127569608566
 0.1388975995370489
 0.1391140028855795
 0.1420932982491482
 0.1615699079864891
 0.4210414537334535


# name: mean_error
# type: matrix
# rows: 18
# columns: 1
 1.463182300745802
 1.458830439622357
 1.452960266238201
 1.450801776803247
 1.444068919473659
 1.434336515765595
 1.429845169290895
 1.37844407053913
 1.378047048544869
 1.376546836295861
 1.361869534117277
 1.352946029411018
 1.343824948072804
 1.326958131135223
 1.325228606244419
 1.323736319227306
 1.302688984196875
 1.247142378667657


# name: iter_improve
# type: matrix
# rows: 18
# columns: 1
 1
 9
 18
 29
 48
 54
 62
 69
 71
 134
 187
 193
 237
 252
 271
 313
 337
 531


# name: optim_start
# type: scalar
531


# name: optim_steps
# type: scalar
18


# name: VPVP_params
# type: scalar struct
# ndims: 2
 1 1
# length: 8
# name: lambda
# type: scalar
300000000


# name: downsample
# type: scalar
10


# name: MaxIter_X
# type: scalar
200


# name: MaxIter
# type: scalar
50


# name: optTol_X
# type: scalar
1e-06


# name: progTol_X
# type: scalar
1e-10


# name: optTol_aW
# type: scalar
0.0001


# name: progTol_aW
# type: scalar
1e-07




