# Created by Octave 3.8.1, Wed Nov 29 00:08:16 2017 ART <gabrevaya@ws18.labo5>
# name: y_start
# type: matrix
# rows: 15
# columns: 1
 -0.1572580289898393
 -1.293599919485439
 -0.1743454988562366
 0.7924211142189985
 -1.238363706727476
 -0.5093981736723459
 -1.589230525327602
 1.24575922319961
 -0.4954125120647104
 -0.681234043627656
 0.04125087149719452
 0.5620021772169279
 0.6075938626579636
 1.716329533081531
 0.3540364417173565


# name: alphas
# type: cell
# rows: 1
# columns: 3
# name: <cell-element>
# type: matrix
# rows: 15
# columns: 1
 0.1082253457433949
 0.5948741712717502
 0.5660525812403869
 0.4814183410302632
 0.4415913942274109
 0.5165122151140935
 0.4773988161331533
 0.4796475372983355
 0.54536245237055
 0.1522636781223591
 0.2956440557096571
 0.4453957318398638
 0.3797545438823736
 0.6021242132079132
 0.5773127207945244



# name: <cell-element>
# type: matrix
# rows: 15
# columns: 1
 1.335337967011808
 1.449556729856407
 1.04831701310487
 1.058351045334274
 0.9743011951741647
 1.183045685059806
 1.181715169053168
 0.8598216219559854
 0.9802520255980425
 1.081955682623086
 1.000080021655483
 1.044312253351648
 1.239959037541181
 1.020530061377492
 0.9980377328772008



# name: <cell-element>
# type: matrix
# rows: 15
# columns: 1
 11.06098897231384
 11.30146984852586
 11.38146970489553
 11.37739166470978
 11.37548218909292
 11.48488240945589
 11.39740194058221
 11.4295716433719
 11.37912646503059
 10.96331187994499
 11.34608928196723
 11.38351278195234
 11.28496210422095
 11.34903158928849
 11.37181813028083





# name: W
# type: matrix
# rows: 15
# columns: 15
 -0.0003726313466269264 -0.2419268360933364 0.1052520403668979 0.005554673964547933 -0.3385154177436979 -0.02926981684492954 -0.1348565880533495 -0.1380476759974869 -0.04615079147761096 -0.1000973802963739 -0.2487368224684308 0.1542302030333557 -0.03057918030875619 -0.03668068448695449 0.3989637962690399
 0.1100370818695933 0.05646012626038049 -0.05902268804652729 -0.1178319290911435 0.2517209793138258 -0.1098050721936381 0.08938010401798932 0.2146238298315837 0.09919437854035502 0.1955668356933411 0.2714163613474612 -0.1477197884498249 0.2455655580149089 -0.01909606302653529 -0.4030128789182568
 -0.01746088488531274 0.04071279798479414 -0.0003712291501076976 -0.1378821689255939 -0.001342111509376689 -0.1544456979921865 -0.09129160405459652 -0.03584641630789161 0.002974853873834859 0.08682466945255971 0.02728183678104798 -0.04979516271109123 0.132386851778115 -0.01205798131921638 -0.0009366896430934718
 -0.03448544459730229 0.5394431306116847 -0.01311629357077583 -0.191516286625482 0.1321139351730944 -0.09389237595757237 0.1062023515733892 0.2079997359315833 0.09081944576213814 0.09981032319894345 0.1561817586278186 -0.07458736719014031 0.1922395544897732 -0.008710092249963115 -0.2455237959564508
 -0.04820640019240015 0.4338400893263182 -0.01065399115228216 0.2044497414446054 -0.1141413590523 0.02742436050401816 0.2287762213551621 0.2586055386508453 0.03757272350173436 -0.1032994002105344 -0.08697064122323911 0.1856071082951638 0.09509702086729292 0.02241894852574359 0.05593125237954794
 0.08812042602631734 0.1114732353350679 -0.02536257023396398 -0.1419500507817626 -0.02732203968422868 -0.09132365494914615 -0.06920790256782115 0.05096398520075576 -0.05044313303375785 0.03603177097182354 0.02269301020859442 -0.03817314990046286 0.04734383921259067 0.0302265032813148 -0.09381906444841753
 0.2837716820348971 0.05516797349532088 -0.04975810590654031 -0.3719283031516099 -0.03831816648811739 -0.2092365527235276 -0.2431061107906682 0.1690231366084682 -0.002742115415783665 0.2017754485099608 0.169784857273431 -0.1518221119401592 0.2299224349572292 0.01543969517256307 -0.2308650829008757
 0.210250562976302 -0.211213726933098 -0.1330019250854372 0.2263532077058696 0.1991698385866644 0.1887178380695716 0.1872595570946682 0.1841018249806154 0.09645184967560159 0.02722268295532543 0.06796612996775506 0.01044930197345109 -0.05350328469805073 -0.04913126356937964 -0.3329667411218313
 0.06181163200747573 0.1920915315500252 0.0003161523170968608 -0.0698831389456417 -0.06193864918082256 -0.0525571440498613 -0.01218855133645287 0.02288221685488491 -0.0482767625287299 0.03679766906033311 0.0005642895784958167 -0.02249085995537046 0.05278381763352924 -0.02921791819738508 -0.0160087727578015
 0.001969330862445489 -0.1407334068055003 0.07474145454399729 0.1569782068994557 -0.05103349992381676 0.09396121728955835 0.1556627229355997 -0.1263162126010971 0.1059634864676657 -0.01023177921462353 -0.1997262306114376 0.1752091698318391 -0.03365345721905807 -0.1311738627614936 0.3762900077531934
 0.009584000932963938 0.210103482764422 -0.06621592737961396 0.3714954999767183 -0.05953721721394536 0.1438289010212647 0.2926111265231281 0.17484056891184 0.009948873562708632 -0.1729978298047102 -0.3613926347272126 0.3313582776232815 -0.1080386277962904 -0.1127952030382542 0.2746960044999616
 -0.04213274494858029 0.09187620198230019 0.01138870525366518 -0.2044980747237412 0.054017841379188 -0.0500745172063717 -0.1503013059100601 0.001258824212393004 -0.0537735202171015 0.05154214792283501 0.1699411437160613 -0.2526735862467099 0.001752922419576651 0.04125443851522563 -0.2540421555383453
 -0.0109733631052133 0.1860943710863655 0.06368813253548652 0.1109483177941538 -0.05575487713872807 0.07548454888274297 0.1733656420834445 -0.08364996371261807 0.1059053371962881 -0.002266463171425362 -0.1677154272240275 0.1634032275255592 -0.02013886523686442 -0.1851165095433673 0.3435085602794948
 -0.08517493554463909 0.7053857635625421 -0.03390293099522185 0.2065457803198486 0.1263885783484465 0.1310313633527236 0.3550181071752569 0.1253907594030896 0.05544445012948809 -0.07117346178672272 -0.1122506209375496 0.1331208989673832 -0.04472876402977814 -0.06172595620542526 0.1920357799325147
 -0.1191973039822297 0.1998432797179494 0.08271283180521993 -0.320902685494344 0.01283737531290226 -0.1552490698716762 -0.1289514716262814 -0.1183560481772468 -0.01568449870509531 0.1059837800462392 0.1533845423727765 -0.2867123579795491 0.1002309791517815 0.01023199737752385 -0.4491551108017824


# name: iter
# type: scalar
500


# name: c
# type: matrix
# rows: 1
# columns: 15
 0.5576432054116616 0.4222415986419414 0.4842117963826749 0.5817779661256094 0.5960602772487874 0.462299815643166 0.4287712703973123 0.7700320094472134 0.3334814565796862 0.489583578285089 0.2588458999970043 0.1248012633805107 0.4877287687659662 0.5733625948126578 0.2678440476775485


# name: mean_corr
# type: matrix
# rows: 23
# columns: 1
 -0.1142848872802306
 -0.09321846071625864
 -0.0914311412135707
 -0.07792763884116878
 -0.07766302755797908
 -0.01845560649911554
 -0.01814456796548084
 -0.01805797857538214
 -0.01008449428303657
 -0.007991017340034278
 -0.002230636126013067
 0.001109301200150881
 0.03081454341740037
 0.03711917808108336
 0.04202675323382392
 0.04365693345462378
 0.05327109342844825
 0.07653218835205808
 0.07916114244812365
 0.0847759208812493
 0.09581472672637426
 0.09622003967554389
 0.4559123699197886


# name: mean_error
# type: matrix
# rows: 23
# columns: 1
 1.488925909834193
 1.472625962189716
 1.471469997999792
 1.465131185141548
 1.464909497708823
 1.447433834424544
 1.442801241069162
 1.443183664693939
 1.436105377363917
 1.420177432594392
 1.418287478871865
 1.418646646620065
 1.407981862919212
 1.405625234471034
 1.403847759635454
 1.402096372649062
 1.396800785344231
 1.380629525681686
 1.376406188858847
 1.375828581467257
 1.364570032177681
 1.357287196672848
 1.21902568541337


# name: iter_improve
# type: matrix
# rows: 23
# columns: 1
 1
 17
 29
 36
 63
 69
 79
 85
 106
 126
 230
 236
 252
 280
 309
 339
 390
 393
 473
 482
 491
 494
 500


# name: optim_start
# type: scalar
500


# name: optim_steps
# type: scalar
23


# name: VPVP_params
# type: scalar struct
# ndims: 2
 1 1
# length: 8
# name: lambda
# type: scalar
300000000


# name: downsample
# type: scalar
10


# name: MaxIter_X
# type: scalar
200


