# Created by Octave 3.8.1, Sat Jan 06 20:47:20 2018 ART <gabrevaya@ws13.labo2>
# name: y_start
# type: matrix
# rows: 10
# columns: 1
 0.5361193345135513
 0.157260098404743
 1.917151353080108
 -0.9077061567761391
 -0.3433339059648053
 1.026768503509192
 0.8148318434650812
 -1.578360815672158
 -0.2790455288006503
 0.9034931056222368


# name: alphas
# type: cell
# rows: 1
# columns: 3
# name: <cell-element>
# type: matrix
# rows: 10
# columns: 1
 0.7070368454605374
 0.6957747814492253
 0.4300299239978771
 0.3889737540334997
 0.5656593767968351
 0.5487161394969686
 0.6563633118275266
 0.5344672169353999
 0.513336137403256
 0.6585597026427505



# name: <cell-element>
# type: matrix
# rows: 10
# columns: 1
 0.7088740571381974
 0.9666058263602397
 1.117962304709418
 1.338916540667919
 0.9036840891473372
 1.035605083974604
 0.8060572467001508
 0.9554706386853168
 1.278122290434536
 0.9487958794595946



# name: <cell-element>
# type: matrix
# rows: 10
# columns: 1
 11.33258618580235
 11.45136723796008
 11.30764909248194
 11.5578911928544
 11.38593194705594
 11.38604490995172
 11.12215922306506
 11.3761928576761
 11.68006872135933
 11.37705246955372





# name: W
# type: matrix
# rows: 10
# columns: 10
 0 0 0 0 0 0 0 0 0 0
 0 0 0 0 0 0 0 0 0 0
 0 0 0 0 0 0 0 0 0 0
 0 0 0 0 0 0 0 0 0 0
 0 0 0 0 0 0 0 0 0 0
 0 0 0 0 0 0 0 0 0 0
 0 0 0 0 0 0 0 0 0 0
 0 0 0 0 0 0 0 0 0 0
 0 0 0 0 0 0 0 0 0 0
 0 0 0 0 0 0 0 0 0 0


# name: iter
# type: scalar
531


# name: c
# type: matrix
# rows: 1
# columns: 10
 -0.1555939711549761 0.2894378928502793 0.08129695139110107 0.008366064090616524 0.09095332981972645 0.1801823610272399 0.3644448075020038 0.0251495648571786 0.1957257233471345 0.143255752658431


# name: mean_corr
# type: matrix
# rows: 17
# columns: 1
 -0.07679183194513027
 -0.05943472904953469
 -0.05180826138678148
 -0.04846866169936466
 -0.0352244577121814
 -0.01514818499203066
 -0.02105328281456929
 0.04341303973691095
 0.0507829506171373
 0.05485597835980459
 0.08191122198376023
 0.1002086172958929
 0.1090127569608566
 0.1388975995370489
 0.1391140028855795
 0.1420932982491482
 0.1615699079864891


# name: mean_error
# type: matrix
# rows: 17
# columns: 1
 1.463182300745802
 1.458830439622357
 1.452960266238201
 1.450801776803247
 1.444068919473659
 1.434336515765595
 1.429845169290895
 1.37844407053913
 1.378047048544869
 1.376546836295861
 1.361869534117277
 1.352946029411018
 1.343824948072804
 1.326958131135223
 1.325228606244419
 1.323736319227306
 1.302688984196875


# name: iter_improve
# type: matrix
# rows: 17
# columns: 1
 1
 9
 18
 29
 48
 54
 62
 69
 71
 134
 187
 193
 237
 252
 271
 313
 337


# name: optim_start
# type: scalar
531


# name: optim_steps
# type: matrix
# rows: 0
# columns: 0


# name: VPVP_params
# type: scalar struct
# ndims: 2
 1 1
# length: 8
# name: lambda
# type: scalar
300000000


# name: downsample
# type: scalar
10


# name: MaxIter_X
# type: scalar
200


# name: MaxIter
# type: scalar
50


# name: optTol_X
# type: scalar
1e-06


# name: progTol_X
# type: scalar
1e-10


# name: optTol_aW
# type: scalar
0.0001


# name: progTol_aW
# type: scalar
1e-07




