# Created by Octave 3.8.1, Sun Jan 07 09:47:04 2018 ART <gabrevaya@ws13.labo2>
# name: y_start
# type: matrix
# rows: 10
# columns: 1
 0.1207843968929841
 -0.0640219691363219
 1.759731421722441
 -0.6608762981643268
 -0.2860157934264115
 -1.376243888669767
 0.5237611636097621
 -1.154137924979602
 -0.2051801904227264
 1.019658211371822


# name: alphas
# type: cell
# rows: 1
# columns: 3
# name: <cell-element>
# type: matrix
# rows: 10
# columns: 1
 -0.2127663019593398
 0.85899565167957
 0.9825995849924296
 0.924301932440189
 0.9733256089516982
 -3.410925286629534
 0.4848517203873198
 0.4146189880645947
 0.2281642840685194
 1.565478570002092



# name: <cell-element>
# type: matrix
# rows: 10
# columns: 1
 0.6348223824647978
 0.9265935026343537
 1.473416944833561
 0.6779596162376283
 1.018372152140847
 0.909796145594876
 0.8036254962851569
 0.5547044849773901
 1.478813433489686
 0.3385128754145739



# name: <cell-element>
# type: matrix
# rows: 10
# columns: 1
 10.56808347620761
 11.73188568692448
 11.42451106326588
 11.90150806922464
 12.52717823676859
 12.57116376521649
 10.84831549358288
 11.27235473196083
 11.65438746036636
 11.14539614922295





# name: W
# type: matrix
# rows: 10
# columns: 10
 0.4717235357404651 -0.3298257956953173 1.334475931940079 -0.07731388301738956 0.2479084531199547 0.1301422707267796 -0.39616177903612 -0.5431220845287438 -1.010623560932841 0.1689002514392756
 0.1978437976983211 0.05009868212863086 -0.1726012479335515 0.281320619906919 -0.1612496501230948 0.2043732192985003 0.3171859034565549 -0.1767693909679885 0.271539158148261 -0.2249980760017941
 0.1209960593145059 -0.0503887778051938 0.07385344252920029 0.1129489608761745 0.5783331635524803 0.1361443845424088 0.4660193125041538 0.2928337046616014 0.6414029296134224 0.02174519041683057
 -0.8409166704677448 0.08532845865561024 0.4309225838627695 0.3683850931926799 0.6900096132535929 0.08090336011141352 -0.1476429569464165 -0.01002832589395957 0.6937184145103413 0.4184672424412397
 0.4176528801160996 -0.5837254557354741 0.1124474705218571 0.3853483181919272 0.4582553292682357 -0.1488357205224315 0.6640118224081062 -0.4887765949118963 -0.1172293558249496 -0.07419393008259516
 0.3436916342195773 -0.1029641406303904 0.3791283172832698 -0.09716717836481018 0.1053952848677585 0.04792183020644404 0.2374537522854172 -0.6139103025223489 0.3024164570800997 0.490534540668122
 0.1372404227782547 -0.3560826466986886 0.1571429565646033 -0.312009572677 0.1012160850087632 0.1345812371849729 -0.4067432517636312 0.05939755844119825 -0.154775617914765 0.3045315601678654
 0.02850716763802941 -0.1086676363680022 0.36097125143665 -0.02972114170175599 -0.07370359013819271 0.136964091475937 -0.439865622568539 -0.3458235564001784 -0.205263491611211 -0.129177955747606
 -0.1804484957514199 0.03243915262153793 0.1033190641833236 -0.2767894330000029 0.008875464844051629 0.3127990145514857 0.2154089252329112 -0.8498578766684224 -0.1380146120447502 0.9793182163775741
 0.3121008511956069 0.179136958634599 -0.7817225949080057 0.2863393187085524 0.3452807810262026 0.1928799207339154 0.7903097065062448 0.445625206048007 0.318189130627538 -0.9581509094223742


# name: iter
# type: scalar
100000


# name: c
# type: matrix
# rows: 1
# columns: 10
 NaN NaN NaN NaN NaN NaN NaN NaN NaN NaN


# name: mean_corr
# type: matrix
# rows: 792
# columns: 1
 -0.07679183194513027
 -0.05943472904953469
 -0.05180826138678148
 -0.04846866169936466
 -0.0352244577121814
 -0.01514818499203066
 -0.02105328281456929
 0.04341303973691095
 0.0507829506171373
 0.05485597835980459
 0.08191122198376023
 0.1002086172958929
 0.1090127569608566
 0.1388975995370489
 0.1391140028855795
 0.1420932982491482
 0.1615699079864891
 0.4210414537334535
 0.422572389594798
 0.4196462397705244
 0.4187803276840892
 0.4131090828386642
 0.4131909781312276
 0.4132654393071625
 0.4131713301254406
 0.4070616099108874
 0.4070600675902272
 0.4025481808824186
 0.4041782195293889
 0.4055951753072435
 0.4048326747563654
 0.3958413270351721
 0.3981823289338894
 0.3961370762977476
 0.4041894111868828
 0.3957458448585268
 0.3890807157375437
 0.3896156078998828
 0.3882746618641973
 0.3816007812031496
 0.389351973369401
 0.378061773932723
 0.3795695793701946
 0.3907814060640246
 0.3911261909609176
 0.3898888410215658
 0.5086712659334379
 0.4900788871171782
 0.4870127913101425
 0.485581058996731
 0.4775698982876878
 0.4664220759634606
 0.4653002186349494
 0.4474556016830708
 0.4512146939554431
 0.4572840189816488
 0.4540459946994668
 0.4559364921619443
 0.439895168609974
 0.441622705932973
 0.4413800095268972
 0.4481996987663649
 0.4473360250019433
 0.4501409821280647
 0.4510123987493712
 0.445535471614564
 0.442066838814159
 0.4379489298967482
 0.4322547272160879
 0.4355694021062034
 0.4378630456430577
 0.4437079613072089
 0.4428051100569227
 0.4434075618744531
 0.4446415520803885
 0.4467814347046749
 0.445683286520781
 0.4496763719343805
 0.4447595541915776
 0.4457333319869937
 0.4425940246231562
 0.4425361118382588
 0.4410142547069363
 0.437728386830422
 0.4414409553571882
 0.443483349758111
 0.5307941305860229
 0.531687453849353
 0.5271545614122322
 0.5279327783944754
 0.5282812899869682
 0.5124064280524259
 0.5077003094998583
 0.5077729669009992
 0.5015149920370132
 0.5042551230627292
 0.49947963243556
 0.4987032372037675
 0.5055097361988716
 0.49148195151335
 0.4916035304358058
 0.4823194929254101
 0.4930203763987988
 0.4846000643083315
 0.4876243967035835
 0.4872405787379995
 0.4915759729849774
 0.4922297722979089
 0.4850547438289776
 0.4871817623113851
 0.4888680362992647
 0.4894124620727694
 0.4869846987274031
 0.4837774417532194
 0.4846090696370799
 0.4908636657485604
 0.4867947679421462
 0.49204280049845
 0.491800607206612
 0.48501034504125
 0.4811232339005039
 0.4810522024268284
 0.4807413006243212
 0.4814446509599744
 0.4805964154340062
 0.4810093915810872
 0.4807389769636843
 0.4806470637962863
 0.4781988339634747
 0.4548009652361558
 0.4584238071960646
 0.4584668418774592
 0.459806834786528
 0.464232845451835
 0.47060598435561
 0.4700116955209789
 0.4593950532693573
 0.4596145596884293
 0.4586428359648113
 0.4617916998904991
 0.4600752479132675
 0.4654878964097953
 0.4642606390616542
 0.4695306371900406
 0.4716895781425445
 0.4712523475626804
 0.4708321163393767
 0.4695030198384724
 0.5453138912113273
 0.5218123460103365
 0.5262697237268886
 0.5187886329701803
 0.4709177575809594
 0.4751356359286668
 0.4728708011083767
 0.4722281868070602
 0.4620028510262483
 0.4516167377923733
 0.452589017125081
 0.4531508607225115
 0.4507778631032764
 0.4506200889414596
 0.4458032719239953
 0.4466356318886828
 0.4457240860413054
 0.4416548370327938
 0.4462853064596887
 0.451890669421132
 0.4528142298977452
 0.4474707832547847
 0.4475506711724903
 0.4483868178274474
 0.4495776569907405
 0.4525400326973406
 0.4520455172969502
 0.4538143913653596
 0.4534556710535141
 0.4529551424024881
 0.4521555016752538
 0.4523769541526323
 0.4532049415968638
 0.4537745069786534
 0.4537650586934848
 0.4534120225763392
 0.4537083884884334
 0.4489626519774311
 0.5397745695935535
 0.5384038627602329
 0.5298084504920523
 0.5338986460946737
 0.5289177416556949
 0.5201169237376627
 0.5194903770110184
 0.5202730351325057
 0.5191207533461023
 0.5163530596650269
 0.5044754588591641
 0.504024837909723
 0.5019582371100461
 0.4944305243540539
 0.5020688129209675
 0.5022313723340442
 0.4993446208137876
 0.5057056283834003
 0.504797001271252
 0.50433232793591
 0.5037086466948321
 0.5043664980272385
 0.4998313398899579
 0.5000248080425249
 0.5096827260244307
 0.5083032196003062
 0.5099806478732632
 0.5100937232015772
 0.5073708174392125
 0.5049156110666575
 0.5049768826646153
 0.5060220876079875
 0.5064831592852164
 0.5061023976540041
 0.5064219321852583
 0.5062249524892946
 0.5067040386843628
 0.5064270946832796
 0.5048221876723347
 0.5040587865109318
 0.5023412223051126
 0.5009190238478276
 0.5035097257648349
 0.5029541022048645
 0.5022865988593401
 0.5021941882100077
 0.5020614628424057
