# Created by Octave 3.8.1, Tue Nov 28 20:20:51 2017 ART <gabrevaya@ws18.labo2>
# name: y_start
# type: matrix
# rows: 15
# columns: 1
 1.449852361077095
 0.7738538206901147
 -0.2681476844332681
 -0.3468049769819418
 -0.0230875806983309
 1.395438445204522
 -1.231822008417488
 1.874150654526986
 0.6481416918842358
 0.9355867105571373
 0.1456384270443686
 -0.3175640900046358
 -1.016451197030456
 0.4023243061553684
 1.551850712967209


# name: alphas
# type: cell
# rows: 1
# columns: 3
# name: <cell-element>
# type: matrix
# rows: 15
# columns: 1
 0.4827094522106818
 0.4690489326031809
 0.5506693054986405
 0.4635875958620608
 0.4908217878854659
 0.4583544151822532
 0.4657613128294376
 0.5433686695253482
 0.5243823902013166
 0.6383064866021343
 0.4901382990192282
 0.4715533880275818
 0.5178419978647084
 0.5310433090970665
 0.5789505200564656



# name: <cell-element>
# type: matrix
# rows: 15
# columns: 1
 1.200745586335136
 0.7816930551205614
 0.9635519259373735
 1.122361777328132
 0.5930481682793846
 1.116804083158356
 1.045192294786169
 1.175039905858114
 1.031378937575673
 0.7464196241897147
 0.8280665111498229
 0.9951957930459534
 0.927139047688926
 0.6534702550721503
 0.9257130824905158



# name: <cell-element>
# type: matrix
# rows: 15
# columns: 1
 11.40157950317029
 11.53316909637024
 11.36131581586796
 11.39671158432446
 11.31589237631825
 11.3967864957515
 11.39202576124687
 11.39999366993005
 11.38981932755628
 11.47264474779121
 11.35469005457531
 11.38016672180947
 11.36164689023039
 11.33387238339928
 11.35285458359134





# name: W
# type: matrix
# rows: 15
# columns: 15
 -0.1549977510810858 -0.007999943648268205 0.09149504027668474 0.09471799352007043 -0.08947215325104486 0.1484988082785359 0.02294481489585417 -0.1122954224991447 0.01439433588510989 -0.1176445675125753 -0.2211529350734252 0.1350734911960263 -0.1819013701669555 -0.06461780267098667 0.304736761428801
 0.1685075787280931 -0.03615524568988935 -0.1027171476896482 -0.08864887642574121 0.2593596016551374 -0.1050475393039152 -0.08540875730040867 0.1207070708355087 -0.04995744369340127 0.01915823472004242 0.2535820869117685 -0.1736197122392928 0.1187463296618277 0.1459187508458334 -0.2790022789329658
 0.08260044908815212 0.02243106595170231 -0.005033501731710851 -0.1739212164426705 -0.04231500159711155 0.00131552558000827 -0.09381203672118914 0.01335959328042807 0.02950889993134269 0.101061650486314 0.005953152856125151 -0.05481561294742952 0.05817913191729854 -0.01595188128995799 0.002162439141861577
 0.05247160890254198 0.009784255891815254 -0.006894331573006009 -0.2543243333977223 -0.010725414644092 -0.1940531216403862 -0.05589181341916228 -0.02950362677598625 0.01568343079106332 0.1100757064997276 0.1616437657972224 -0.1327211198592106 0.1639411229130562 0.02359295851528752 -0.2129325732671585
 -0.1979711288941227 0.07704219640983721 -0.03584578271415217 0.170889245974528 -0.0175740262007958 0.07045609282027233 0.07748740591273455 -0.0468593006957085 -0.04735444760187946 -0.1678500930394832 0.01646254051638538 0.003973982604185643 -0.1619910227195664 0.07704208591262884 -0.0986245124470288
 -0.1283244195127501 -0.05715951616974962 -0.01112479597945353 -0.007674529162050768 0.05091118295357995 -0.1558389056629842 -0.01547729881990094 -0.1417475491246943 -0.06374550025154632 0.07089655416854657 0.1226367879776052 -0.08179635852946229 0.07552912907831894 0.0478238120211556 -0.20316981566526
 0.1307538277169681 -0.03139135279698319 0.001565680093003439 -0.2972774605398254 0.005886841760762166 -0.1056339533639998 -0.2509823556329557 0.01146998660326746 -0.004828467736934598 0.0730883865418552 0.1676085901707309 -0.202128428222721 0.07555704193787557 0.0376194749689342 -0.2045272786637725
 0.007588732242346989 -0.06942364239462223 -0.05137062516495938 0.1045259419352282 -0.0586498558654364 -0.03925144682909176 0.1467295610359405 0.0114992049510498 -0.01026465370897934 0.1885950404129053 0.04350312131118526 0.06504892534553224 0.1580459775356718 -0.06996329586551467 -0.1184782946974373
 -0.02976374502132889 -0.05557373526846242 0.00121829381338192 -0.04761131062865417 -0.003294042025166581 -0.03165711958860217 -0.0001587381167613461 -0.05928270184580989 -0.04474498938275775 0.08813912599433363 0.003108407331152026 0.006344961251660704 0.07121136903640619 -0.03421321506622964 -0.03529213562886694
 -0.02688831447891354 -0.0005925249759764562 0.009115532369084134 0.09720705098035191 0.009862504714984014 -0.003830049315129184 0.09492285135118239 0.02161067985802342 0.01786580037699324 -0.1010145730994632 -0.02894244992024227 0.08817468499018588 -0.0311529545302929 -0.01593677935048455 0.02296819789892765
 0.01757476952074916 0.1830916723666398 -0.002273830808053602 0.2237762844747516 0.01947864537811975 0.1147022616442362 0.2127485457536401 0.1674780878901834 0.04787186610579953 -0.2593727732612455 -0.2321932237437907 0.2043024832396318 -0.1040296549565427 -0.03426553325262793 0.1798575499903814
 -0.06043075696298902 -0.003915873244941373 -0.02170192783363973 -0.1366973246111987 -0.0191679134559454 -0.04631975814761934 -0.1748092515868957 -0.1046478785010713 -0.04196983764732683 0.0568964577671373 0.1614745335053551 -0.208922538001268 -0.00552474244037086 0.0859182992705972 -0.210870506253359
 0.07858750624179861 0.03323464147173514 0.04409917915212615 0.08053511436763666 -0.1089996928562942 0.03365706165638175 0.125134683749238 0.1664948076233611 0.0876297299844547 -0.07781799463202553 -0.1031036815435322 0.1417026965033539 -0.07495820434901136 -0.06693188072794307 0.1711780954887595
 -0.08142469453798033 0.1822865937463188 0.01315327866418421 0.1671021512347384 0.08502425298956549 -0.007791953687335866 0.1605546836972236 -0.01621419295567359 -0.005776577214732767 -0.3497563703674749 -0.04950441778761346 0.08815368842403976 -0.07769120025080617 -0.03925663597304892 0.09188748029507283
 -0.1585698263177941 -0.08428067639626176 -0.00591984076512189 -0.1503827257464651 -0.06190598071938124 -0.1143932183393238 -0.1277012829011772 -0.1863252045048481 -0.04588434563392762 0.2268203279493841 0.1209674962403234 -0.1650392738940704 0.1023695829473967 0.06347884905916427 -0.3293121552830535


# name: iter
# type: scalar
3


# name: c
# type: matrix
# rows: 1
# columns: 15
 0.5987090009976473 0.550892816982488 0.4224857808539683 0.3723099470994023 0.5288070577560893 0.3476481463931607 0.258381092132094 0.744269147413717 0.3103009714872756 0.4589633774706712 0.2118212264929389 0.09603128684607007 0.4373959356595757 0.4672838765308689 0.2487647848829309


# name: mean_corr
# type: matrix
# rows: 3
# columns: 1
 -0.1143692624487564
 -0.1046733060394983
 0.4036042965999265


# name: mean_error
# type: matrix
# rows: 3
# columns: 1
 1.471002915290569
 1.466616447294731
 1.26782146850896


# name: iter_improve
# type: matrix
# rows: 3
# columns: 1
 1
 3
 3


# name: optim_start
# type: scalar
3


# name: optim_steps
# type: scalar
3


# name: VPVP_params
# type: scalar struct
# ndims: 2
 1 1
# length: 8
# name: lambda
# type: scalar
300000000


# name: downsample
# type: scalar
10


# name: MaxIter_X
# type: scalar
200


# name: MaxIter
# type: scalar
50


# name: optTol_X
# type: scalar
1e-06


# name: progTol_X
# type: scalar
1e-10


# name: optTol_aW
# type: scalar
0.0001


# name: progTol_aW
# type: scalar
1e-07




