# Created by Octave 3.8.1, Tue Nov 28 20:11:47 2017 ART <gabrevaya@ws18.labo2>
# name: y_start
# type: matrix
# rows: 15
# columns: 1
 1.449852355558881
 0.7738538121445211
 -0.2681476740067716
 -0.3468049648704918
 -0.02308759296832225
 1.395438439828717
 -1.231821995469119
 1.874150664965253
 0.6481416908932458
 0.9355867173143496
 0.145638421598785
 -0.3175640985051373
 -1.016451192231529
 0.4023243367812099
 1.551850719128318


# name: alphas
# type: cell
# rows: 1
# columns: 3
# name: <cell-element>
# type: matrix
# rows: 15
# columns: 1
 0.578
 0.5176767987276835
 0.578
 0.578
 0.578
 0.578
 0.578
 0.578
 0.578
 0.6812283589416831
 0.578
 0.578
 0.578
 0.578
 0.578



# name: <cell-element>
# type: matrix
# rows: 15
# columns: 1
 1
 0.8553957760759162
 1
 1
 1
 1
 1
 1
 1
 0.901915407331942
 1
 1
 1
 1
 1



# name: <cell-element>
# type: matrix
# rows: 15
# columns: 1
 11.38
 11.58765980441905
 11.38
 11.38
 11.38
 11.38
 11.38
 11.38
 11.38
 11.50454124977593
 11.38
 11.38
 11.38
 11.38
 11.38





# name: W
# type: matrix
# rows: 15
# columns: 15
 0 0 0 0 0 0 0 0 0 0 0 0 0 0 0
 0 0 0 0 0 0 0 0 0 0 0 0 0 0 0
 0 0 0 0 0 0 0 0 0 0 0 0 0 0 0
 0 0 0 0 0 0 0 0 0 0 0 0 0 0 0
 0 0 0 0 0 0 0 0 0 0 0 0 0 0 0
 0 0 0 0 0 0 0 0 0 0 0 0 0 0 0
 0 0 0 0 0 0 0 0 0 0 0 0 0 0 0
 0 0 0 0 0 0 0 0 0 0 0 0 0 0 0
 0 0 0 0 0 0 0 0 0 0 0 0 0 0 0
 0 0 0 0 0 0 0 0 0 0 0 0 0 0 0
 0 0 0 0 0 0 0 0 0 0 0 0 0 0 0
 0 0 0 0 0 0 0 0 0 0 0 0 0 0 0
 0 0 0 0 0 0 0 0 0 0 0 0 0 0 0
 0 0 0 0 0 0 0 0 0 0 0 0 0 0 0
 0 0 0 0 0 0 0 0 0 0 0 0 0 0 0


# name: iter
# type: scalar
3


# name: c
# type: matrix
# rows: 1
# columns: 15
 -0.3256737529502452 -0.2636150768694053 0.001412520350839097 -0.07485927206350547 0.06226722803775935 -0.2882558113378722 0.01432538542716226 -0.388186191753067 0.1569730657786627 -0.2813324400160725 -0.1217577645508236 0.09553240078217025 -0.3582362508984833 0.1131991263528318 0.0881072431175742


# name: mean_corr
# type: matrix
# rows: 2
# columns: 1
 -0.1143692624487564
 -0.1046733060394983


# name: mean_error
# type: matrix
# rows: 2
# columns: 1
 1.471002915290569
 1.466616447294731


# name: iter_improve
# type: matrix
# rows: 2
# columns: 1
 1
 3


# name: optim_start
# type: scalar
3


# name: optim_steps
# type: matrix
# rows: 0
# columns: 0


# name: VPVP_params
# type: scalar struct
# ndims: 2
 1 1
# length: 8
# name: lambda
# type: scalar
300000000


# name: downsample
# type: scalar
10


# name: MaxIter_X
# type: scalar
200


# name: MaxIter
# type: scalar
50


# name: optTol_X
# type: scalar
1e-06


# name: progTol_X
# type: scalar
1e-10


# name: optTol_aW
# type: scalar
0.0001


# name: progTol_aW
# type: scalar
1e-07




