# Created by Octave 3.8.1, Sat Jan 06 20:49:37 2018 ART <gabrevaya@ws18.labo2>
# name: y_start
# type: matrix
# rows: 10
# columns: 1
 0.3464573572096217
 0.1631026224443735
 -0.8413934933859841
 0.433912524423237
 0.126029520402004
 -0.06835312173243738
 0.4852909634643754
 0.4500598412603718
 -0.3740550715272393
 1.060463476656345


# name: alphas
# type: cell
# rows: 1
# columns: 3
# name: <cell-element>
# type: matrix
# rows: 10
# columns: 1
 0.3820960762646862
 0.680604756483413
 0.6788524236872001
 0.2447178434318481
 0.4832420800471056
 0.6100375808203311
 0.5896442930843528
 0.5191573259158728
 0.5779945464970209
 0.439283310214523



# name: <cell-element>
# type: matrix
# rows: 10
# columns: 1
 0.6851946063122869
 1.042740469027573
 1.172616911167018
 0.9333373741908254
 1.085847188544292
 0.9550981321639205
 0.7460664848645747
 0.5653646397769426
 0.7749494751029057
 0.7451385515617704



# name: <cell-element>
# type: matrix
# rows: 10
# columns: 1
 11.27877134039953
 11.20097409144043
 11.23456758099174
 11.69512466261894
 10.84307370631447
 11.58255821534281
 11.28148387398061
 11.30772988589694
 11.37326193940065
 11.38483993773126





# name: W
# type: matrix
# rows: 10
# columns: 10
 0.03346477571853781 -0.01450680646880037 0.3669652513361387 -0.05073654825063683 0.03118212252091068 -0.008543014000586999 0.06205379718270419 -0.266592979104335 -0.08803211212471945 0.2217084454098064
 0.08008782782779186 -0.01575285721324202 -0.1712705374423815 0.000704130013395482 -0.02902896226971498 0.02665364977234787 0.1314210086611132 0.01014469276361294 0.09810449591364828 -0.02686440270747965
 0.07235407225263714 0.02185870018764736 -0.3858709368332788 0.05607567099162617 0.04272642412032152 0.08160888533409666 0.1799899311257057 0.1036425500414825 0.2088538382349868 -0.1566669523447762
 -0.1476101547695239 -0.0658943702174043 0.2674794370082069 0.05619951967622839 0.1603691907731473 0.08519426952215037 -0.05323609960966716 -0.001308121645725925 0.06108197452173824 0.03379898480509305
 0.06843387588237901 -0.07165495404252832 0.1254013854955051 0.1717552359845788 0.2163348969205001 0.06262781746436294 0.1317930640810523 -0.06741221537304784 0.1001353548445317 0.07174234561969431
 0.08551235274997825 0.001668172724900793 -0.1080723288587311 0.03345000639975824 0.01154149598128763 -0.03837518408219621 0.09923642010830869 -0.01168161513358643 0.03369824222590904 -0.03801181108510815
 -0.06593221306405192 -0.01622867149178512 0.10862516663161 0.003485900438828851 0.03061965346617281 -6.184463982229442e-05 -0.1108715747649465 -0.04293707175821639 -0.06825768224056168 0.08795189623254555
 -0.1609304498708344 0.02058295893212458 0.2389282240891592 0.03651996722378128 0.1076091362529175 0.06240658681179483 -0.2095584441312982 -0.2803471870154947 -0.1311426161741978 0.2446807620588039
 -0.05016866283898275 -0.02170874560717768 0.1550675775959783 0.07111136715622028 0.1652654046709848 0.0640312194361151 -0.06981492855508191 -0.1897428680748491 -0.1032557698993115 0.2904284641492705
 0.2469700293007552 -0.01509438900934006 -0.2019638889032884 -0.02059421183340489 -0.07613492828137394 -0.04783334918505354 0.4325951108361856 0.21853158708397 0.2714060151786656 -0.539791667853816


# name: iter
# type: scalar
949


# name: c
# type: matrix
# rows: 1
# columns: 10
 0.5112912664058716 0.4714725545370967 0.3433779183715573 0.4542982892665998 0.7188444056423932 0.3048033751178389 0.4705431826445184 0.4925088175276184 0.4359813685269006 0.3888701354401354


# name: mean_corr
# type: matrix
# rows: 17
# columns: 1
 -0.1465635418502091
 -0.1419266794469798
 -0.07458275399579083
 -0.002651250805744779
 0.0112720781681299
 0.01309624589013441
 0.01656637762281584
 0.0948163687648356
 0.09678142213932003
 0.1134649222214699
 0.1169646471601554
 0.1519873920961572
 0.1719515589213198
 0.1719302948199432
 0.1724027315231794
 0.1728759736840657
 0.4591991313480531


# name: mean_error
# type: matrix
# rows: 17
# columns: 1
 1.524584861046803
 1.525050962392331
 1.480342611984391
 1.432534343200564
 1.43353707362542
 1.445419768139133
 1.444803032605675
 1.387663813206153
 1.380844805587903
 1.361092171819059
 1.351491515804708
 1.343406164410595
 1.337663201102898
 1.337150415106491
 1.327134573458749
 1.325960327636725
 1.257711582473436


# name: iter_improve
# type: matrix
# rows: 17
# columns: 1
 1
 3
 6
 31
 52
 62
 98
 121
 134
 140
 168
 169
 190
 194
 256
 754
 949


# name: optim_start
# type: scalar
949


# name: optim_steps
# type: scalar
17


# name: VPVP_params
# type: scalar struct
# ndims: 2
 1 1
# length: 8
# name: lambda
# type: scalar
300000000


# name: downsample
# type: scalar
10


# name: MaxIter_X
# type: scalar
200


# name: MaxIter
# type: scalar
50


# name: optTol_X
# type: scalar
1e-06


# name: progTol_X
# type: scalar
1e-10


# name: optTol_aW
# type: scalar
0.0001


# name: progTol_aW
# type: scalar
1e-07




