# Created by Octave 3.8.1, Mon Jan 08 00:57:09 2018 ART <gabrevaya@ws18.labo2>
# name: y_start
# type: matrix
# rows: 10
# columns: 1
 0.5896863146773612
 0.6003272951194307
 -0.5744686816337471
 0.6019697358284186
 0.1234879040959336
 -0.8205664730335452
 0.366094379860298
 0.3488888013965806
 -0.230909646848296
 1.226761915187632


# name: alphas
# type: cell
# rows: 1
# columns: 3
# name: <cell-element>
# type: matrix
# rows: 10
# columns: 1
 -0.1946051355596478
 0.7016263264167348
 0.4628242639052732
 0.02797321259120835
 0.5911268319686239
 -1.169068940279066
 0.5623577848825572
 0.9330035635460331
 0.4454677400070201
 -0.3613890798238719



# name: <cell-element>
# type: matrix
# rows: 10
# columns: 1
 0.5373070121450391
 1.129344625307296
 1.232223518004096
 0.6606461082897233
 1.239223434524908
 0.6273565181785584
 0.697284670971118
 0.5474432632897404
 0.456476878712872
 0.2689583500116114



# name: <cell-element>
# type: matrix
# rows: 10
# columns: 1
 11.67670429649515
 10.89862819827041
 11.30624431977093
 11.80319895305083
 10.63809433258032
 12.3159646641569
 11.45284021465049
 11.14285712313986
 11.04889325408384
 11.7803530256709





# name: W
# type: matrix
# rows: 10
# columns: 10
 0.3830465885009952 -0.334599876861386 1.580805409769357 -0.1823806186890221 -0.05665350913117658 0.01487393699770536 -0.2074180106649427 -0.6566620946696156 -0.246500574378631 0.1041157987639088
 0.0369683485186111 0.04776189980711673 -0.1880950848574326 -0.05962874140755334 -0.1171565052522875 0.1286713869376984 0.3700685987664907 -0.1036498082627417 0.2621878182155016 -0.3363536245033278
 -0.2681312535155395 0.4013978265172317 -0.1103487176511358 0.2409142569775343 0.3804589697246574 0.3812392710979633 0.1433172086353904 0.1693397750135726 0.6400398571792747 0.008049703907120523
 -0.7472277089051589 0.04101724893815348 0.5384922157735904 0.1764490030248053 0.4079564267359162 0.2370672934272238 -0.1682547675151768 -0.1223713023093375 0.1151998849579859 -0.1079618347841611
 0.2959140834399131 -0.3328168606680683 0.06082658330416552 0.3614820972803622 0.5620654931821784 0.06680672264788183 0.7225108761132922 -0.2351600409327337 0.3458405236097196 0.02634184358916272
 -0.001568034286542065 -0.1350116240542248 0.03335103738749912 0.133676526833102 0.3211163545068327 0.01846757146224037 0.1499738080544717 -0.5511520953814899 -0.01994636987599766 0.2093947415052443
 -0.03887445424992404 -0.04301942298607298 0.3214953497186087 -0.07049868317533213 0.1599825453568142 0.05318449372501813 -0.3133105477474956 -0.1453219860051751 -0.114310049932831 0.3389619727894678
 0.06329377803317844 -0.2208616979439566 0.3782654860692031 -0.03671166986531163 -0.08001896692744088 0.07999274702595209 -0.2054088453253038 -0.4973917328389194 -0.2012772816559683 -0.2702527702792
 -0.1761142627664413 -0.2957064486952193 0.5231479020836698 0.2483989393529688 0.7723247579513725 0.1885616602110352 -0.3832184088684246 -0.3899764144431366 -0.1547385678934461 0.1061514994465163
 -0.0143693357957509 0.2468019644985653 -0.3914301843510792 0.06514892115731985 0.154082523847672 0.04620196195253033 0.5649695315293962 0.512161326783884 0.5079212480104337 -0.5524147896263534


# name: iter
# type: scalar
100000


# name: c
# type: matrix
# rows: 1
# columns: 10
 0.6945293297355858 0.4818141761432099 0.4937683530543583 0.6415886674527903 0.7713181594965965 0.5447815412288515 0.4716889752948262 0.5846281826501121 0.5715492630868085 0.747276642401025


# name: mean_corr
# type: matrix
# rows: 224
# columns: 1
 -0.1465635418502091
 -0.1419266794469798
 -0.07458275399579083
 -0.002651250805744779
 0.0112720781681299
 0.01309624589013441
 0.01656637762281584
 0.0948163687648356
 0.09678142213932003
 0.1134649222214699
 0.1169646471601554
 0.1519873920961572
 0.1719515589213198
 0.1719302948199432
 0.1724027315231794
 0.1728759736840657
 0.4591991313480531
 0.4502646240857523
 0.4497196632905535
 0.4467620661873862
 0.4490626786879878
 0.44499479585043
 0.4468229661867327
 0.4442396240282134
 0.4194748131870613
 0.4159395540654605
 0.4201714877729793
 0.423599741178879
 0.421181493044695
 0.4181368863643414
 0.4176476690794881
 0.5061872788239328
 0.522910732761078
 0.5076635175091375
 0.5176528882760342
 0.4828373230842603
 0.4852971087280584
 0.4708315223571254
 0.4868717639079708
 0.4838986766097468
 0.4271991806116009
 0.4414028040859758
 0.4262888978150155
 0.4274613499882813
 0.4348424979505842
 0.4350174056672033
 0.4263481773405957
 0.4338834347872632
 0.4341339984411684
 0.440557391163362
 0.4598170190687931
 0.4568289114961792
 0.4550040344790152
 0.4593342629395639
 0.4597147776269431
 0.4640887136703861
 0.4616199277183632
 0.4572814660342086
 0.476688981377853
 0.4762768083206232
 0.4762830349760896
 0.4750006109640847
 0.4733148203891048
 0.4715308508073885
 0.4659709800150935
 0.4665824223395635
 0.4525185678630203
 0.4530078241707048
 0.46279093111494
 0.4612903261958836
 0.5505138817000623
 0.5390787959915034
 0.529646988964941
 0.5008863527293081
 0.5024922194751482
 0.507069315085569
 0.5067594013726652
 0.5008487661142764
 0.5022185421097236
 0.5009457271128511
 0.4992384222728473
 0.4932847826187571
 0.4919723012443861
 0.4962687655815998
 0.4975290391578592
 0.4921797992724745
 0.490983271431742
 0.4931808394562987
 0.4920767781928855
 0.4933207932641576
 0.4967314059341826
 0.4949065650723186
 0.4953658851768075
 0.4969373603222357
 0.4961143369001032
 0.5002173151173802
 0.5005795136220311
 0.5547972912752284
 0.5540235325561246
 0.5536843273390272
 0.5512850100805247
 0.5518300241457791
 0.5533032583090709
 0.5348280571103923
 0.5358042947194901
 0.5353124383868528
 0.5353993510323789
 0.5327940613793796
 0.5327875639079723
 0.5323220387355949
 0.5323601929242413
 0.5334314312547144
 0.5332749865705531
 0.5317289529421465
 0.5323825322409494
 0.5323796629335398
 0.5339162843355109
 0.5348113777779535
 0.5337219804041913
 0.5354821770152165
 0.5317290284261681
 0.5330192932953373
 0.5377124473381791
 0.5378363900997587
 0.5323804547681674
 0.5393115852212548
 0.5392126783587374
 0.53591283604994
 NaN
 NaN
 NaN
 NaN
 NaN
 NaN
 NaN
 NaN
 NaN
 NaN
 NaN
 NaN
 NaN
 NaN
 NaN
 NaN
 NaN
 NaN
 NaN
 NaN
 NaN
 NaN
 NaN
 NaN
 NaN
 NaN
 NaN
 NaN
 NaN
 NaN
 NaN
 NaN
 NaN
 NaN
 NaN
 NaN
 NaN
 NaN
 NaN
 NaN
 NaN
 NaN
 NaN
 NaN
 NaN
 NaN
 NaN
 NaN
 NaN
 NaN
 NaN
 NaN
 NaN
 NaN
 NaN
 NaN
 NaN
 NaN
 NaN
 NaN
 NaN
 NaN
 NaN
 NaN
 NaN
 NaN
 NaN
 NaN
 NaN
 NaN
 NaN
 NaN
 NaN
 NaN
 NaN
 NaN
 NaN
 NaN
 NaN
 NaN
 NaN
 NaN
 NaN
 NaN
 NaN
 NaN
 NaN
 NaN
 NaN
 NaN
 NaN
 NaN
 NaN
 NaN
 NaN
 NaN


