# Created by Octave 3.8.1, Tue Nov 28 20:07:54 2017 ART <gabrevaya@ws9.labo2>
# name: y_start
# type: matrix
# rows: 15
# columns: 1
 0.7267146937271717
 -1.066345226082022
 0.4291951100307534
 0.952524032549754
 -1.18186732159702
 1.883671093148089
 1.130862189762967
 0.6138310894479746
 -0.3618674365916219
 1.594946239453922
 -0.9632444838173388
 -0.1796806764174432
 -1.848679043662704
 0.6178218936023878
 0.4279783124618767


# name: alphas
# type: cell
# rows: 1
# columns: 3
# name: <cell-element>
# type: matrix
# rows: 15
# columns: 1
 0.5426676776846189
 0.4353557848919604
 0.6766991911760311
 0.6504977187431447
 0.5278772557325928
 0.5442361955322282
 0.638896867931217
 0.3855400467461692
 0.6383718410613514
 0.349032910279685
 0.5741254590357479
 0.3766428616003448
 0.4835310096824486
 0.4204806998987136
 0.4775973193614753



# name: <cell-element>
# type: matrix
# rows: 15
# columns: 1
 1.247416706515514
 1.096220968540969
 0.9505941004993111
 0.8055623258833311
 1.072497476114914
 0.861485342590518
 1.070884372071599
 1.103422995375145
 1.083005904550737
 0.7837898030197117
 0.9413252851842872
 0.9745091036300092
 1.248498978415785
 0.9934861285700344
 0.9217489834900252



# name: <cell-element>
# type: matrix
# rows: 15
# columns: 1
 11.35297378309613
 11.35890235175696
 11.20340710973261
 11.380161926623
 11.36385427083952
 11.31223278996373
 11.24748656012142
 11.23687978064939
 11.41504180311919
 11.23511013040343
 11.48911178055655
 11.42792081292963
 11.65916739416709
 11.3548595393596
 11.58890524089267





# name: W
# type: matrix
# rows: 15
# columns: 15
 0 0 0 0 0 0 0 0 0 0 0 0 0 0 0
 0 0 0 0 0 0 0 0 0 0 0 0 0 0 0
 0 0 0 0 0 0 0 0 0 0 0 0 0 0 0
 0 0 0 0 0 0 0 0 0 0 0 0 0 0 0
 0 0 0 0 0 0 0 0 0 0 0 0 0 0 0
 0 0 0 0 0 0 0 0 0 0 0 0 0 0 0
 0 0 0 0 0 0 0 0 0 0 0 0 0 0 0
 0 0 0 0 0 0 0 0 0 0 0 0 0 0 0
 0 0 0 0 0 0 0 0 0 0 0 0 0 0 0
 0 0 0 0 0 0 0 0 0 0 0 0 0 0 0
 0 0 0 0 0 0 0 0 0 0 0 0 0 0 0
 0 0 0 0 0 0 0 0 0 0 0 0 0 0 0
 0 0 0 0 0 0 0 0 0 0 0 0 0 0 0
 0 0 0 0 0 0 0 0 0 0 0 0 0 0 0
 0 0 0 0 0 0 0 0 0 0 0 0 0 0 0


# name: iter
# type: scalar
876


# name: c
# type: matrix
# rows: 1
# columns: 15
 0.1859760829131708 -0.01793986522143703 0.2884935433398756 0.1064260391218542 0.009968458266774977 0.04952672349258308 -0.02055258377625407 0.0639214727124801 -0.003346044586093173 0.2203020704190941 -0.0005653010306028331 0.08858168988657239 0.1437048306022639 0.08780590891990403 0.1252446563839889


# name: mean_corr
# type: matrix
# rows: 21
# columns: 1
 -0.1008294565708564
 -0.09480272062746772
 -0.09040089678733607
 -0.06614119324436503
 -0.05322646705911487
 -0.04004283593189403
 -0.03190974417624096
 -0.0157345514848179
 -0.009467363153653671
 0.006888106430949088
 0.01147006414284585
 0.01340227928469769
 0.03886498840560111
 0.0476455329491567
 0.05261605084865416
 0.06596491714291285
 0.06645360677537136
 0.06717324905477967
 0.0822669773476062
 0.08316236477993724
 0.09356359448623876


# name: mean_error
# type: matrix
# rows: 21
# columns: 1
 1.472038703648819
 1.470588652488664
 1.474232116844201
 1.45950048672477
 1.429798347388812
 1.424437191222883
 1.423155081269815
 1.412869008412288
 1.409123009120716
 1.404116803482956
 1.401018896997898
 1.400930126457782
 1.3771423476119
 1.372352970705327
 1.373411793346789
 1.364211097026649
 1.36364853193876
 1.357009301840637
 1.353426253780747
 1.357435931765762
 1.345790318359563


# name: iter_improve
# type: matrix
# rows: 21
# columns: 1
 1
 3
 11
 29
 62
 69
 70
 73
 168
 181
 184
 216
 256
 301
 313
 363
 454
 565
 634
 711
 723


# name: optim_start
# type: scalar
876


# name: optim_steps
# type: matrix
# rows: 0
# columns: 0


# name: VPVP_params
# type: scalar struct
# ndims: 2
 1 1
# length: 8
# name: lambda
# type: scalar
300000000


# name: downsample
# type: scalar
10


# name: MaxIter_X
# type: scalar
200


# name: MaxIter
# type: scalar
50


# name: optTol_X
# type: scalar
1e-06


# name: progTol_X
# type: scalar
1e-10


# name: optTol_aW
# type: scalar
0.0001


# name: progTol_aW
# type: scalar
1e-07




