# Created by Octave 3.8.1, Tue Nov 28 20:10:47 2017 ART <gabrevaya@ws9.labo2>
# name: y_start
# type: matrix
# rows: 15
# columns: 1
 0.7267147117701901
 -1.066345221580767
 0.4291951046051986
 0.9525240312036566
 -1.181867322381613
 1.883671083661521
 1.130862183447396
 0.6138311015335444
 -0.3618674328022367
 1.594946250154627
 -0.9632444909857499
 -0.1796806756952518
 -1.848679041541497
 0.6178218545719635
 0.4279783169283813


# name: alphas
# type: cell
# rows: 1
# columns: 3
# name: <cell-element>
# type: matrix
# rows: 15
# columns: 1
 0.504970265789477
 0.3201998341202145
 0.6482785765610541
 0.5294761567438673
 0.455420654035239
 0.4052379862288316
 0.5609230612963081
 0.4734884072113973
 0.5950947660721198
 0.349938785445443
 0.4996473041673479
 0.2853729852860235
 0.472152840691461
 0.4095898288612851
 0.490345698516868



# name: <cell-element>
# type: matrix
# rows: 15
# columns: 1
 1.326124475491892
 0.9946163541521926
 1.005796849274434
 1.070285896522779
 0.9573377600571893
 0.9577185780697827
 1.108211001678646
 1.124303797379399
 0.9870709933401184
 0.7263695170881141
 0.8981561865032095
 0.9694608734207338
 1.269191989190567
 0.6974484889044695
 0.8959773711042459



# name: <cell-element>
# type: matrix
# rows: 15
# columns: 1
 11.35842544217605
 11.35328974384098
 11.20891936971104
 11.39683090910733
 11.34937469016978
 11.32801283365478
 11.25446038245354
 11.23748227342586
 11.40651205979759
 11.23271766190782
 11.48210712176992
 11.42790855690764
 11.66751275208675
 11.33502715669662
 11.58402393596846





# name: W
# type: matrix
# rows: 15
# columns: 15
 -0.05947894629731387 -0.1248641092520223 0.09875801377398481 -0.04281653931462878 -0.2017716899402591 0.08087752846262983 -0.01513503280740443 -0.1387625385718065 -0.0350525923807486 -0.04593557445645782 -0.1476642898393169 0.03093014366519814 -0.1104118317379752 -0.0488446829315176 0.1842695412494753
 0.3084362422935335 -0.1377970935814649 -0.0822663250684019 -0.1458524346279527 0.07953681817948353 0.06826354473527457 -0.1296693598371356 0.2145444124593709 -0.007128348556376237 0.06256144773164622 0.2606453894137441 -0.2830435605067669 0.3702930564697494 0.1811948075225191 -0.4441759257667476
 -0.04225788310191732 -0.01757186155288947 -0.04291442243172231 -0.1339441309388215 -0.009523111550504504 -0.06279042761797829 0.001847565030126827 -0.02948766286975668 0.02122954368417604 0.08568531470153927 0.004781815791931383 -0.001501029089076401 0.08855177569249902 -0.04133356959458184 0.01481507069140139
 -0.1419711200124641 0.09760270841971738 -0.07474516056342348 -0.3062716719235821 0.1083064081509832 -0.03853451046912483 -0.05607503806069637 0.03144427689118191 0.05821754100528893 0.09860593129098902 0.1695416618626874 -0.1195361689050193 0.3073459608515467 -0.02286562223907812 -0.2351919338776442
 -0.04109632935702411 0.1502896503108883 -0.02067955007103183 0.09330510641835435 -0.02630889678280833 0.1137251183831161 0.1385704664845844 0.1175888525350992 0.07096796918766385 -0.1548960007505339 0.005468406207418259 0.03575960432199691 0.1135917860697047 0.05431181351810183 -0.006318756081859191
 -0.09940952024938335 0.08938262661594518 -0.03260155915103293 -0.1208560391522161 0.1241424832468602 -0.2306806178713529 -0.0778761712753466 -0.05122826433723424 0.01975944583329077 0.136923941099459 0.1160840000144346 -0.0290660235363035 0.05286367540678894 -0.007291305402486258 -0.1151740354673063
 0.03534364204148283 -0.09564126013658143 -0.03751391310027287 -0.1757795658843916 0.08920035241604091 -0.1169416257847867 -0.2027517167686001 -0.006223662705201585 -0.001497627006431514 0.1557227625082928 0.188251970912026 -0.1738537584478771 0.2597436191739096 0.01598930843345208 -0.2505832742824374
 0.155752194197251 0.1016106485495081 -0.05692801964904208 0.06439810219722995 0.1224437010557531 -0.09726819797992649 0.1329075920966979 0.1947764661919412 0.08681560125370312 0.2205805203852043 0.03358739211039284 0.06587329902471176 -0.07214631313813634 -0.09879181685471498 -0.03398614704931657
 0.05621501386152487 -0.06903195882313391 0.01259786998080103 -0.0423888329098142 -0.02061771940524349 0.02981856973498479 -0.03430903616551241 0.01868490038669691 -0.0549129119275089 0.09469253807525403 -0.02206530885685684 -0.04138699821360507 0.1038370962338566 -0.005320194028557258 -0.02096407345552221
 0.002239987715515325 0.05730958531551271 -0.02376321151102008 0.065526593952743 0.04063104056955776 -0.02189055775321257 0.03130982685024685 0.02482830328987749 0.01298830260009475 0.002877476987726781 0.0124715779542997 0.0338645714295332 -0.06030911403595889 0.00269760133523422 -0.00561359371788025
 0.07110480551755267 0.1340720405795181 -0.01549105254603495 0.1833808546154301 -0.01152226860713542 0.1985273400949142 0.1851817724506445 0.1521423931835513 0.01548306476913571 -0.3089744598123493 -0.209480001121438 0.1396208586966336 -0.03752265242868784 -0.01301414734637936 0.1751034488571851
 -0.05546821534788815 -0.07039617198694452 -0.03239338553953314 -0.08998893709056534 0.02373149406111162 0.02516365161987245 -0.1628274806468001 -0.07319854623812343 -0.04367843671408094 0.04676958928453311 0.1412485713401702 -0.1736859850864745 0.1034144478096524 0.08687523438954198 -0.2173484618889152
 0.03353849266344215 -0.02191156244663603 0.08076285594092067 -0.01091443826778101 -0.1171931959428652 0.0007593342793351036 0.1272739763460475 0.04001984807710886 0.05274531496961959 0.01642989894618174 -0.1591579125091587 0.1214448712731674 -0.03038311296684731 -0.1451623401106849 0.2346969611083048
 -0.1417555497416332 0.2039788283003775 -0.08970432843091114 0.06494403943650366 0.07615721315334295 0.1091375707989812 0.08325287705028145 0.02624600750553472 0.03717056418484672 -0.4676255462013958 0.00375190316519594 0.1077955278148585 0.1326240005255749 0.0364997072174479 0.09000006381393993
 -0.1428708326835649 -0.08285699668486833 -0.009982981255664844 -0.2362975140870116 0.0207684059761923 -0.08694787518287111 -0.1784302244885398 -0.1364688503377917 -0.0213694047886088 0.2534290576974561 0.1444782220709908 -0.1847575259003988 0.1800369251289 0.0345314645930986 -0.2957721028761954


# name: iter
# type: scalar
876


# name: c
# type: matrix
# rows: 1
# columns: 15
 0.5439826115041315 0.5375572637966943 0.4424246164161318 0.4752196234695838 0.5066093418410268 0.2488878412685718 0.273882815970209 0.7541160268118996 0.3030096089173118 0.4289094817200133 0.2557734991225141 0.1060988683729883 0.3307307409535811 0.5624842602330896 0.2736594993766176


# name: mean_corr
# type: matrix
# rows: 22
# columns: 1
 -0.1008294565708564
 -0.09480272062746772
 -0.09040089678733607
 -0.06614119324436503
 -0.05322646705911487
 -0.04004283593189403
 -0.03190974417624096
 -0.0157345514848179
 -0.009467363153653671
 0.006888106430949088
 0.01147006414284585
 0.01340227928469769
 0.03886498840560111
 0.0476455329491567
 0.05261605084865416
 0.06596491714291285
 0.06645360677537136
 0.06717324905477967
 0.0822669773476062
 0.08316236477993724
 0.09356359448623876
 0.4028897399849577


# name: mean_error
# type: matrix
# rows: 22
# columns: 1
 1.472038703648819
 1.470588652488664
 1.474232116844201
 1.45950048672477
 1.429798347388812
 1.424437191222883
 1.423155081269815
 1.412869008412288
 1.409123009120716
 1.404116803482956
 1.401018896997898
 1.400930126457782
 1.3771423476119
 1.372352970705327
 1.373411793346789
 1.364211097026649
 1.36364853193876
 1.357009301840637
 1.353426253780747
 1.357435931765762
 1.345790318359563
 1.256828095680731


# name: iter_improve
# type: matrix
# rows: 22
# columns: 1
 1
 3
 11
 29
 62
 69
 70
 73
 168
 181
 184
 216
 256
 301
 313
 363
 454
 565
 634
 711
 723
 876


# name: optim_start
# type: scalar
876


# name: optim_steps
# type: scalar
22


# name: VPVP_params
# type: scalar struct
# ndims: 2
 1 1
# length: 8
# name: lambda
# type: scalar
300000000


# name: downsample
# type: scalar
10


# name: MaxIter_X
# type: scalar
200


# name: MaxIter
# type: scalar
50


