# Created by Octave 3.8.1, Mon Jan 08 01:06:03 2018 ART <gabrevaya@ws18.labo2>
# name: y_start
# type: matrix
# rows: 10
# columns: 1
 0.5883226099316524
 0.59873752365142
 -0.5729613752476477
 0.6002993587356127
 0.1234087859426265
 -0.818322737344213
 0.3653273871985673
 0.3477770399061288
 -0.2303177550288504
 1.223472529394216


# name: alphas
# type: cell
# rows: 1
# columns: 3
# name: <cell-element>
# type: matrix
# rows: 10
# columns: 1
 -0.1946053741700494
 0.7016263560319618
 0.4628243086720901
 0.02797306919729353
 0.5911264197060822
 -1.169068897545014
 0.5623582202407387
 0.9330035460317702
 0.4454677671203626
 -0.3613895568163461



# name: <cell-element>
# type: matrix
# rows: 10
# columns: 1
 0.5373067157038753
 1.129345752486663
 1.232226058232714
 0.6606467210903482
 1.239221671399274
 0.6273564849949014
 0.6972852518031124
 0.5474421707167473
 0.4564775263121408
 0.2689572960684397



# name: <cell-element>
# type: matrix
# rows: 10
# columns: 1
 11.67670428491767
 10.89862830728381
 11.3062446957978
 11.80319898842349
 10.63809406962262
 12.31596465932228
 11.45284025268236
 11.14285706492954
 11.0488932807146
 11.78035299286637





# name: W
# type: matrix
# rows: 10
# columns: 10
 0.3830463914238537 -0.3346000261380107 1.580805483827947 -0.1823804362949998 -0.05665373697973423 0.01487377052222978 -0.2074176878354845 -0.6566618237473693 -0.2465006471011931 0.1041156540404512
 0.03696884907003332 0.04776194713003582 -0.1880949639156776 -0.05962890797161245 -0.1171562833182032 0.1286716623522322 0.37006815789481 -0.1036505221307443 0.2621876617739162 -0.3363527962382512
 -0.2681316333394685 0.4013978098253718 -0.1103488084438118 0.240914443937451 0.3804590442853434 0.3812390883709565 0.1433175662485794 0.1693404320255492 0.6400400892271826 0.00804902795802776
 -0.7472278732967568 0.04101742017341067 0.5384916959077768 0.1764488355054988 0.4079566429386292 0.2370674321043183 -0.1682545501243837 -0.1223715118019966 0.1151999405973033 -0.1079619778863314
 0.2959132168439469 -0.3328169652183916 0.06082611126317588 0.3614823409405952 0.5620652553051488 0.06680634243465899 0.7225119878473562 -0.2351588458195191 0.3458409034671386 0.02634009244162592
 -0.001568151170531835 -0.1350116505224164 0.03335091495240634 0.1336765087941949 0.3211164893499979 0.01846761621006181 0.1499738141534232 -0.5511521964296383 -0.01994645130710431 0.2093947912647402
 -0.03887460691906915 -0.0430193406265592 0.3214948087156954 -0.07049875722716639 0.1599826626091334 0.0531844961300078 -0.3133101716892069 -0.1453219108403604 -0.114309965907921 0.3389618139678533
 0.06329391453227456 -0.2208618598113029 0.3782657999138896 -0.03671161021723754 -0.08001907402788698 0.07999279126712334 -0.2054089576960228 -0.4973918319396436 -0.2012772911999957 -0.2702529573556796
 -0.1761143652501938 -0.2957064093489523 0.5231476025207089 0.2483989372139912 0.7723249972554652 0.188561665691093 -0.3832183855565364 -0.3899762459464608 -0.1547385101980578 0.1061512687095457
 -0.01436948299661189 0.246802129625784 -0.3914304467076629 0.06514888009743572 0.1540826713168342 0.04620206822828693 0.5649696026121855 0.5121611459590811 0.5079212126970752 -0.5524144830096249


# name: iter
# type: scalar
100000


# name: c
# type: matrix
# rows: 1
# columns: 10
 NaN NaN NaN NaN NaN NaN NaN NaN NaN NaN


# name: mean_corr
# type: matrix
# rows: 225
# columns: 1
 -0.1465635418502091
 -0.1419266794469798
 -0.07458275399579083
 -0.002651250805744779
 0.0112720781681299
 0.01309624589013441
 0.01656637762281584
 0.0948163687648356
 0.09678142213932003
 0.1134649222214699
 0.1169646471601554
 0.1519873920961572
 0.1719515589213198
 0.1719302948199432
 0.1724027315231794
 0.1728759736840657
 0.4591991313480531
 0.4502646240857523
 0.4497196632905535
 0.4467620661873862
 0.4490626786879878
 0.44499479585043
 0.4468229661867327
 0.4442396240282134
 0.4194748131870613
 0.4159395540654605
 0.4201714877729793
 0.423599741178879
 0.421181493044695
 0.4181368863643414
 0.4176476690794881
 0.5061872788239328
 0.522910732761078
 0.5076635175091375
 0.5176528882760342
 0.4828373230842603
 0.4852971087280584
 0.4708315223571254
 0.4868717639079708
 0.4838986766097468
 0.4271991806116009
 0.4414028040859758
 0.4262888978150155
 0.4274613499882813
 0.4348424979505842
 0.4350174056672033
 0.4263481773405957
 0.4338834347872632
 0.4341339984411684
 0.440557391163362
 0.4598170190687931
 0.4568289114961792
 0.4550040344790152
 0.4593342629395639
 0.4597147776269431
 0.4640887136703861
 0.4616199277183632
 0.4572814660342086
 0.476688981377853
 0.4762768083206232
 0.4762830349760896
 0.4750006109640847
 0.4733148203891048
 0.4715308508073885
 0.4659709800150935
 0.4665824223395635
 0.4525185678630203
 0.4530078241707048
 0.46279093111494
 0.4612903261958836
 0.5505138817000623
 0.5390787959915034
 0.529646988964941
 0.5008863527293081
 0.5024922194751482
 0.507069315085569
 0.5067594013726652
 0.5008487661142764
 0.5022185421097236
 0.5009457271128511
 0.4992384222728473
 0.4932847826187571
 0.4919723012443861
 0.4962687655815998
 0.4975290391578592
 0.4921797992724745
 0.490983271431742
 0.4931808394562987
 0.4920767781928855
 0.4933207932641576
 0.4967314059341826
 0.4949065650723186
 0.4953658851768075
 0.4969373603222357
 0.4961143369001032
 0.5002173151173802
 0.5005795136220311
 0.5547972912752284
 0.5540235325561246
 0.5536843273390272
 0.5512850100805247
 0.5518300241457791
 0.5533032583090709
 0.5348280571103923
 0.5358042947194901
 0.5353124383868528
 0.5353993510323789
 0.5327940613793796
 0.5327875639079723
 0.5323220387355949
 0.5323601929242413
 0.5334314312547144
 0.5332749865705531
 0.5317289529421465
 0.5323825322409494
 0.5323796629335398
 0.5339162843355109
 0.5348113777779535
 0.5337219804041913
 0.5354821770152165
 0.5317290284261681
 0.5330192932953373
 0.5377124473381791
 0.5378363900997587
 0.5323804547681674
 0.5393115852212548
 0.5392126783587374
 0.53591283604994
 NaN
 NaN
 NaN
 NaN
 NaN
 NaN
 NaN
 NaN
 NaN
 NaN
 NaN
 NaN
 NaN
 NaN
 NaN
 NaN
 NaN
 NaN
 NaN
 NaN
 NaN
 NaN
 NaN
 NaN
 NaN
 NaN
 NaN
 NaN
 NaN
 NaN
 NaN
 NaN
 NaN
 NaN
 NaN
 NaN
 NaN
 NaN
 NaN
 NaN
 NaN
 NaN
 NaN
 NaN
 NaN
 NaN
 NaN
 NaN
 NaN
 NaN
 NaN
 NaN
 NaN
 NaN
 NaN
 NaN
 NaN
 NaN
 NaN
 NaN
 NaN
 NaN
 NaN
 NaN
 NaN
 NaN
 NaN
 NaN
 NaN
 NaN
 NaN
 NaN
 NaN
 NaN
 NaN
 NaN
 NaN
 NaN
 NaN
 NaN
 NaN
 NaN
 NaN
 NaN
 NaN
 NaN
 NaN
 NaN
 NaN
 NaN
 NaN
 NaN
 NaN
 NaN
 NaN
 NaN
 NaN


