# Created by Octave 3.8.1, Sat Jan 06 20:48:32 2018 ART <gabrevaya@ws18.labo2>
# name: y_start
# type: matrix
# rows: 10
# columns: 1
 0.346457352356256
 0.163102630352075
 -0.8413934936116246
 0.4339125299104605
 0.1260295075201618
 -0.06835312072043689
 0.4852909675550569
 0.4500598523377015
 -0.3740550651261283
 1.060463472980712


# name: alphas
# type: cell
# rows: 1
# columns: 3
# name: <cell-element>
# type: matrix
# rows: 10
# columns: 1
 0.3655080559322857
 0.7045319531035059
 0.7855085656723078
 0.3169038867988229
 0.4060282380919484
 0.6394948851539897
 0.6448153085729098
 0.6294920754774442
 0.6478026551651401
 0.4405434496326603



# name: <cell-element>
# type: matrix
# rows: 10
# columns: 1
 0.6943950174383952
 0.9281255693474209
 1.075085626951509
 1.229995648815554
 1.160804404159574
 1.017407540631087
 0.7502665377814473
 0.9116669635177695
 0.7148057551538229
 1.018683590588261



# name: <cell-element>
# type: matrix
# rows: 10
# columns: 1
 11.2795211241604
 11.18928507642231
 11.22461701923781
 11.71997307049693
 10.85169570230614
 11.58897395890144
 11.28129704000127
 11.32738058198069
 11.3689351317116
 11.41654997672806





# name: W
# type: matrix
# rows: 10
# columns: 10
 0 0 0 0 0 0 0 0 0 0
 0 0 0 0 0 0 0 0 0 0
 0 0 0 0 0 0 0 0 0 0
 0 0 0 0 0 0 0 0 0 0
 0 0 0 0 0 0 0 0 0 0
 0 0 0 0 0 0 0 0 0 0
 0 0 0 0 0 0 0 0 0 0
 0 0 0 0 0 0 0 0 0 0
 0 0 0 0 0 0 0 0 0 0
 0 0 0 0 0 0 0 0 0 0


# name: iter
# type: scalar
949


# name: c
# type: matrix
# rows: 1
# columns: 10
 0.2022666291935547 0.2830253535307132 0.1362060211754933 0.05381653094608679 0.3953655617978816 0.1879112916878647 0.4588033017256109 -0.1951923158381133 0.07795793826982909 -0.008266185878849709


# name: mean_corr
# type: matrix
# rows: 16
# columns: 1
 -0.1465635418502091
 -0.1419266794469798
 -0.07458275399579083
 -0.002651250805744779
 0.0112720781681299
 0.01309624589013441
 0.01656637762281584
 0.0948163687648356
 0.09678142213932003
 0.1134649222214699
 0.1169646471601554
 0.1519873920961572
 0.1719515589213198
 0.1719302948199432
 0.1724027315231794
 0.1728759736840657


# name: mean_error
# type: matrix
# rows: 16
# columns: 1
 1.524584861046803
 1.525050962392331
 1.480342611984391
 1.432534343200564
 1.43353707362542
 1.445419768139133
 1.444803032605675
 1.387663813206153
 1.380844805587903
 1.361092171819059
 1.351491515804708
 1.343406164410595
 1.337663201102898
 1.337150415106491
 1.327134573458749
 1.325960327636725


# name: iter_improve
# type: matrix
# rows: 16
# columns: 1
 1
 3
 6
 31
 52
 62
 98
 121
 134
 140
 168
 169
 190
 194
 256
 754


# name: optim_start
# type: scalar
949


# name: optim_steps
# type: matrix
# rows: 0
# columns: 0


# name: VPVP_params
# type: scalar struct
# ndims: 2
 1 1
# length: 8
# name: lambda
# type: scalar
300000000


# name: downsample
# type: scalar
10


# name: MaxIter_X
# type: scalar
200


# name: MaxIter
# type: scalar
50


# name: optTol_X
# type: scalar
1e-06


# name: progTol_X
# type: scalar
1e-10


# name: optTol_aW
# type: scalar
0.0001


# name: progTol_aW
# type: scalar
1e-07




