# Created by Octave 3.8.1, Tue Nov 28 20:06:40 2017 ART <gabrevaya@ws7.labo2>
# name: y_start
# type: matrix
# rows: 15
# columns: 1
 -1.972153498846976
 -0.2752998825921926
 -0.6756539443405746
 -0.0835190042766909
 1.262450819925205
 1.330190681577144
 0.04914011632853132
 -0.3665842341704578
 0.9489088756596609
 -0.5443872129965737
 -0.8469449831749708
 -0.3495978470377963
 0.1059013491543823
 0.3415408600630811
 -2.158500698962049


# name: alphas
# type: cell
# rows: 1
# columns: 3
# name: <cell-element>
# type: matrix
# rows: 15
# columns: 1
 0.8941136548755308
 0.5644467685667776
 0.6446063090584757
 0.4777688942833747
 0.3713387922913264
 0.6393904220672125
 0.7133732065692089
 0.7167477293926283
 0.6891452607064014
 0.7793495091920765
 0.6011230537690725
 0.6596300627019009
 0.4647757234619842
 0.5303931164909057
 0.5623810075909089



# name: <cell-element>
# type: matrix
# rows: 15
# columns: 1
 0.8904360345957223
 1.079967885648074
 0.8010091455855641
 1.041992867106799
 0.896620501194234
 0.8153152340123491
 1.11046617020932
 0.9704064649006516
 1.131590712263528
 0.7987000470967742
 0.8855900958021793
 1.048145541545763
 0.8405874448345384
 1.048272805164954
 0.8906718040065127



# name: <cell-element>
# type: matrix
# rows: 15
# columns: 1
 11.33911072358335
 11.44204509762802
 11.38878652418702
 11.25453587416452
 11.26455928238225
 11.34561596210231
 11.42874030174228
 11.43333098367094
 11.68484295681214
 11.46429489385044
 11.36990718544458
 11.63350085379748
 11.62321286129631
 11.3314045098752
 11.36153995284159





# name: W
# type: matrix
# rows: 15
# columns: 15
 0 0 0 0 0 0 0 0 0 0 0 0 0 0 0
 0 0 0 0 0 0 0 0 0 0 0 0 0 0 0
 0 0 0 0 0 0 0 0 0 0 0 0 0 0 0
 0 0 0 0 0 0 0 0 0 0 0 0 0 0 0
 0 0 0 0 0 0 0 0 0 0 0 0 0 0 0
 0 0 0 0 0 0 0 0 0 0 0 0 0 0 0
 0 0 0 0 0 0 0 0 0 0 0 0 0 0 0
 0 0 0 0 0 0 0 0 0 0 0 0 0 0 0
 0 0 0 0 0 0 0 0 0 0 0 0 0 0 0
 0 0 0 0 0 0 0 0 0 0 0 0 0 0 0
 0 0 0 0 0 0 0 0 0 0 0 0 0 0 0
 0 0 0 0 0 0 0 0 0 0 0 0 0 0 0
 0 0 0 0 0 0 0 0 0 0 0 0 0 0 0
 0 0 0 0 0 0 0 0 0 0 0 0 0 0 0
 0 0 0 0 0 0 0 0 0 0 0 0 0 0 0


# name: iter
# type: scalar
501


# name: c
# type: matrix
# rows: 1
# columns: 15
 -0.008579223601705963 -0.06054295373166321 0.1169415836055745 0.01030666115170531 0.237160881988827 0.08881112391928338 -0.0312170760658949 0.5937368787853948 0.06154309724212972 0.4770445776278022 -0.04407712707946223 0.07538721268499765 0.09239361918745127 -0.001970883043970985 0.07358134341207542


# name: mean_corr
# type: matrix
# rows: 19
# columns: 1
 -0.09532566971740414
 -0.08755550946833868
 -0.08095349101956879
 -0.04528557476244073
 -0.04498004656811138
 -0.03660410908711102
 -0.007853984012096473
 -0.006727718532164611
 -0.001885552747059047
 -0.0008943643627760354
 0.009471065203346203
 0.02142473799739708
 0.03843482056964555
 0.03993550215992887
 0.08003728460950103
 0.08300573919356512
 0.08826868843688038
 0.1014152479014358
 0.1115845245425769


# name: mean_error
# type: matrix
# rows: 19
# columns: 1
 1.500339724691292
 1.497433404515211
 1.494188218807765
 1.450403316327805
 1.450139622575872
 1.443859775583038
 1.438052930631655
 1.43740030956958
 1.435592515250034
 1.435133318538893
 1.429965498010155
 1.424725761066684
 1.416228424904287
 1.407521979823231
 1.376619639437979
 1.382094645097425
 1.379055490878224
 1.370118696845144
 1.358183425413952


# name: iter_improve
# type: matrix
# rows: 19
# columns: 1
 1
 16
 53
 62
 82
 85
 129
 154
 165
 242
 286
 307
 316
 331
 337
 388
 404
 432
 436


# name: optim_start
# type: scalar
501


# name: optim_steps
# type: matrix
# rows: 0
# columns: 0


# name: VPVP_params
# type: scalar struct
# ndims: 2
 1 1
# length: 8
# name: lambda
# type: scalar
300000000


# name: downsample
# type: scalar
10


# name: MaxIter_X
# type: scalar
200


# name: MaxIter
# type: scalar
50


# name: optTol_X
# type: scalar
1e-06


# name: progTol_X
# type: scalar
1e-10


# name: optTol_aW
# type: scalar
0.0001


# name: progTol_aW
# type: scalar
1e-07




