# Created by Octave 3.8.1, Sat Jan 06 20:48:18 2018 ART <gabrevaya@ws17.labo2>
# name: y_start
# type: matrix
# rows: 10
# columns: 1
 -2.629687338086243
 -0.03426897905028851
 -0.1089099842912216
 -1.02791116275445
 -0.7085555554641518
 -0.7486146647256046
 0.3607580595540561
 1.333695917857508
 0.4157576036960509
 -1.138405021947964


# name: alphas
# type: cell
# rows: 1
# columns: 3
# name: <cell-element>
# type: matrix
# rows: 10
# columns: 1
 0.4429075546854599
 0.2872055345270172
 0.3159185901759854
 0.6708426196154776
 0.6506910859541841
 0.4931455241516721
 0.5171917024763065
 0.4132731077741199
 0.5632726264398579
 0.5974001921001328



# name: <cell-element>
# type: matrix
# rows: 10
# columns: 1
 0.8743204460568299
 1.047092762755544
 1.102065959248666
 0.6900360686167755
 0.9198843040309863
 0.7579932461006781
 0.8959215171706172
 0.758158934638774
 0.8668940355874326
 0.9300857991518646



# name: <cell-element>
# type: matrix
# rows: 10
# columns: 1
 11.2796698546447
 11.27191449004757
 11.30948209112934
 11.52210784227703
 11.32836557302477
 11.42036350910545
 11.09654236071853
 11.27654437164494
 11.39856634927168
 11.36919604030227





# name: W
# type: matrix
# rows: 10
# columns: 10
 -0.1980449691144755 0.01069679932787786 0.2768727860395646 -0.1723463389852571 -0.04013984459909453 -0.01821835437093242 -0.1135778385590205 -0.1254524152524263 -0.1078840795417525 0.1956292866939656
 -0.0201337681293137 0.06918167974583778 -0.2347527358609621 -0.1130788950372427 -0.1172355329583918 0.02273894819067686 0.1439315518158998 0.006935201876823722 0.08504077089382413 0.001035045924083761
 -0.07627115216786727 -0.03637087426809361 -0.2978347284158065 0.09357798989019381 0.0815078502826718 0.02919779111304876 0.2376999302053285 0.2155812348689941 0.2164349269660948 -0.3167791890163346
 -0.4193656046152903 -0.1069235790781628 0.1813605462300917 -0.1175120979912787 0.157579691395512 -0.04226210310033676 -0.1519613696124461 0.06267315380413969 -0.146935384667687 -0.05969027277395423
 -0.2448490957231723 -0.08996721663928399 0.2488776238818488 -0.01917875928415907 0.1930304419603747 0.00496127835853144 0.07046239139436837 0.08092830256815838 0.1217636851324715 -0.1061367607791754
 -0.0539053189014776 -0.03195006584129943 -0.05942751857436074 -0.0941484999823778 0.0005943367173429576 -0.05235342581562238 0.06568408933301621 0.1266831034809655 0.1003647347047771 -0.1497303155003725
 0.2239654192386042 0.05164118117010109 0.1618279286278833 -0.009376698048082666 -0.01352417595742906 0.05068250861992599 -0.1696230728025184 -0.1718452805963833 -0.03323072773451156 0.2034680075203839
 -0.1872106818868376 -0.00945539845634495 0.4005332446722296 0.1390161243427619 0.1798807597696145 0.06774868637406256 -0.1753707775174893 -0.3956668033551482 -0.2761445769260589 0.509771725840068
 -0.01316106335152155 -0.004365476320699158 0.245093804386155 -0.0005238460487304866 0.115852022279751 0.05660741942333473 0.0004032177379932434 -0.1978979485700118 -0.05725344942668849 0.3193753880193601
 -0.03438762163230481 -0.005257577239971531 -0.3305716274240306 -0.007832085198927335 -0.1140352640509162 -0.02650373915751181 0.1234695925731655 0.3155569310152576 0.2081198721000622 -0.5732225694128619


# name: iter
# type: scalar
176


# name: c
# type: matrix
# rows: 1
# columns: 10
 0.3142740868633671 0.4793318136466453 0.362419690714955 0.4978012471993102 0.6664061740251115 0.3191219483831602 0.4685373237138023 0.2912807862463999 0.4352160339376728 0.1823536799919347


# name: mean_corr
# type: matrix
# rows: 13
# columns: 1
 -0.09452818197101208
 -0.07212149369737181
 -0.06720672989801978
 -0.06438061753543554
 -0.1178283923758036
 -0.09409012035787409
 -0.09183250728183504
 -0.07352008102117971
 -0.06438414586905361
 -0.05091020929366023
 0.002668019212702555
 0.02527184751876139
 0.4016742784722359


# name: mean_error
# type: matrix
# rows: 13
# columns: 1
 1.491587892137838
 1.478422976175059
 1.475080728286112
 1.473959137568325
 1.447587212970437
 1.437123591983257
 1.436461262144133
 1.423876848845213
 1.420365284415466
 1.415331793012941
 1.399925347783832
 1.376062911219163
 1.277818212372633


# name: iter_improve
# type: matrix
# rows: 13
# columns: 1
 1
 7
 15
 27
 31
 70
 79
 81
 101
 138
 157
 167
 176


# name: optim_start
# type: scalar
176


# name: optim_steps
# type: scalar
13


# name: VPVP_params
# type: scalar struct
# ndims: 2
 1 1
# length: 8
# name: lambda
# type: scalar
300000000


# name: downsample
# type: scalar
10


# name: MaxIter_X
# type: scalar
200


# name: MaxIter
# type: scalar
50


# name: optTol_X
# type: scalar
1e-06


# name: progTol_X
# type: scalar
1e-10


# name: optTol_aW
# type: scalar
0.0001


# name: progTol_aW
# type: scalar
1e-07




