# Created by Octave 3.8.1, Tue Nov 28 20:11:56 2017 ART <gabrevaya@ws7.labo2>
# name: y_start
# type: matrix
# rows: 15
# columns: 1
 -1.972153488682617
 -0.275299887872383
 -0.6756539414474211
 -0.08351901070259254
 1.262450803122064
 1.330190675674434
 0.04914011156126757
 -0.3665842184225626
 0.9489088707687701
 -0.5443872119872682
 -0.8469449941423963
 -0.3495978464237898
 0.1059013504285875
 0.341540815131812
 -2.158500693050212


# name: alphas
# type: cell
# rows: 1
# columns: 3
# name: <cell-element>
# type: matrix
# rows: 15
# columns: 1
 0.8339677715365068
 0.519428277397477
 0.6103919393157055
 0.3905231486259294
 0.3480880121935737
 0.554696614649774
 0.6401106276206986
 0.7268099189545543
 0.6410147814275123
 0.7479879298497513
 0.5342048667666944
 0.5801576564503339
 0.4489445086225256
 0.5359651240751964
 0.5704354459882293



# name: <cell-element>
# type: matrix
# rows: 15
# columns: 1
 0.8236017438252354
 0.8128320854401324
 0.8580835576928763
 1.120638811614754
 0.7925458517464279
 0.8434822823735433
 1.050647377456871
 0.9820588060802017
 1.086259357879153
 0.7693523030203777
 0.7819771467323435
 1.036434036904383
 0.8346417425761878
 0.7091184657221522
 0.9054399185049452



# name: <cell-element>
# type: matrix
# rows: 15
# columns: 1
 11.33555175613128
 11.42032828386254
 11.39444318224527
 11.26250083931946
 11.26073983863844
 11.35008268551904
 11.42215283884949
 11.43595563747052
 11.68240797340177
 11.46110942557216
 11.36053408680334
 11.63228313972236
 11.6207772072759
 11.30508808510959
 11.36743423978403





# name: W
# type: matrix
# rows: 15
# columns: 15
 -0.1330549788836002 0.05365833326702291 -0.009022612588742984 0.09000827947574862 -0.0005205745853767218 0.08189530871116465 0.03290152700381313 -0.03574879133311213 -0.0006656022112806511 -0.103074475368058 -0.08714751829946718 0.04334032962807786 -0.09195063924422089 0.005217247962462039 0.05096339583154787
 -0.02047021866484094 -0.04014607756882502 -0.07175686107936284 -0.09298598665418796 0.1550260218648726 -0.04436832777937025 -0.05890937545876776 0.1173635031525361 0.01965720445569248 0.06071658001258199 0.1612906238650225 -0.1051808521544518 0.1136902776587029 0.08829024305461215 -0.2514570055416618
 -0.0445100799752765 -0.05474706399026014 -0.03624149802542405 -0.09392139323732997 0.02306861114044286 0.01869899983791127 -0.01796345625883391 -0.01853034692215969 0.06238561242566934 0.0185777108636477 -0.03606658617956255 -0.02806525214751063 0.05052622510498768 -0.03288120035250145 -0.02684451896415557
 -0.01270093811662968 -0.06960720296882919 -0.04172005002139643 -0.1793786468014679 0.09155288534363404 -0.03132948947764319 -0.09480481056445077 0.02527859837727205 0.03174584878921506 0.06394591003356852 0.09154311336547187 -0.1216158894187592 0.09973919037010014 0.02349743611974571 -0.1678740912289805
 -0.0299089093798213 0.1402509555567167 -0.03376945745791488 0.1411583920788257 0.03933770843353864 -0.003191579453845401 0.09555577196057538 0.1040309292954621 -0.02171230612276089 -0.06299570214769734 0.05301891671081047 0.07951399036999422 -0.04134461000404056 0.05157430278550934 0.03215616638899166
 0.1380952953807539 -0.02417482870330689 0.004200033666730297 -0.04369059186295203 -0.01475512837890075 -0.1379942962742965 -0.07180736784568748 -0.01231552527034209 -0.06037204407968057 0.1179384480087614 0.12826332859648 -0.04605658457561641 0.05340327127708808 0.03476890189954095 -0.08763517602985957
 0.000342882806900595 -0.1328727091656825 -0.0257059033423225 -0.2012308367011937 0.05332686446857036 -0.02988565727594717 -0.178647087014368 -0.03039925627663584 0.0023289112304051 0.05179311483432522 0.0924238298131001 -0.1608305260473066 0.06266082485071411 0.0390140574305046 -0.1745926940345508
 -0.03261756884232658 0.05272963801530507 -0.03671035795053854 0.09311846552946287 0.07317709482273815 2.542380960193091e-05 0.07956859423349466 0.05332823735732749 0.02622421435844459 0.03986997101425496 0.01530044859301238 0.04317215111943639 0.05851338288267198 -0.01877772652752974 -0.08009300276071096
 0.09497124534117488 -0.04816673463013323 0.01099430751844024 -0.03623003380583632 -0.01781176771534257 -0.06763127838023288 -0.06565952611274067 -0.003090305543396718 -0.05998748074528559 0.09645102697603805 0.08082981147816382 -0.05580777820033662 0.03975031289060042 0.009870588199053339 -0.03839907409730284
 -0.06615993475950738 0.03175548283897851 -0.00594328404009201 0.03599551604738096 0.001142806429274401 0.0376804510685126 0.02526750063071335 -0.01210401604857102 0.005656707263265837 -0.07594763849537277 -0.04335807749571011 0.02954291569095855 -0.05060398544172101 0.0139586857689111 0.04249912864466782
 -0.1922985308144474 0.1350129140239912 -0.003487879665516321 0.1028108738984389 0.01673080842627496 0.1331211513255486 0.1191334274858753 0.02476378342053857 0.05542134370794963 -0.2147629570010693 -0.1821987336095998 0.1055820312761533 -0.1189167289588196 -0.01012548731642909 0.1579301480934731
 -0.07189400030438434 -0.09068920136534306 -0.03261344662121185 -0.1482935731179919 0.06061681980102327 0.02623226824138627 -0.1602019938906713 -0.05094936373716725 -0.02778836667474996 -0.0182691121931721 0.07037384415137478 -0.1676011658472389 0.001988668159279749 0.06484345080081798 -0.1698137552375275
 -0.01050734732351604 0.06528515978026876 0.01235377380541384 0.1217841635413549 -0.02491949200350715 0.01731685394354983 0.1196123235674799 0.05241836175495969 0.03547726788577627 -0.0144021410671487 -0.0714989733305104 0.1088682213530878 -0.02165151992419653 -0.05028155161541108 0.1248872129188058
 -0.05168846013422151 0.1302989916006369 -0.009453145576928152 0.1068541474605842 0.01182312658688747 0.02437693243459187 0.1228355695371294 0.06595842814023332 0.01040334733275196 -0.1373951795143987 0.001805296078602359 0.1182636397056922 -0.07333547736385579 0.04227537396031848 0.1494198140767378
 -0.0278911155297662 -0.07784510650270339 -0.04233697779597738 -0.1471751884376684 0.08722908443442044 -0.02747678739129554 -0.1534935272689976 -0.02393909822744292 -0.02071159983657653 0.0907257385851709 0.1151195247476837 -0.1667868613761799 0.07972827502584275 0.03519020073076124 -0.2548554374190733


# name: iter
# type: scalar
501


# name: c
# type: matrix
# rows: 1
# columns: 15
 0.2592965541813401 0.4345766756368038 0.4243470742448754 0.2973699341559992 0.4353891056206142 0.2028595314421779 0.09055752200643981 0.6620946876134636 0.3028338603852075 0.5030776399186128 0.3519073666368334 0.07377297488111399 0.4155176378126547 0.4958107776648442 0.1162264314500752


# name: mean_corr
# type: matrix
# rows: 20
# columns: 1
 -0.09532566971740414
 -0.08755550946833868
 -0.08095349101956879
 -0.04528557476244073
 -0.04498004656811138
 -0.03660410908711102
 -0.007853984012096473
 -0.006727718532164611
 -0.001885552747059047
 -0.0008943643627760354
 0.009471065203346203
 0.02142473799739708
 0.03843482056964555
 0.03993550215992887
 0.08003728460950103
 0.08300573919356512
 0.08826868843688038
 0.1014152479014358
 0.1115845245425769
 0.3377091849100704


# name: mean_error
# type: matrix
# rows: 20
# columns: 1
 1.500339724691292
 1.497433404515211
 1.494188218807765
 1.450403316327805
 1.450139622575872
 1.443859775583038
 1.438052930631655
 1.43740030956958
 1.435592515250034
 1.435133318538893
 1.429965498010155
 1.424725761066684
 1.416228424904287
 1.407521979823231
 1.376619639437979
 1.382094645097425
 1.379055490878224
 1.370118696845144
 1.358183425413952
 1.316587967226044


# name: iter_improve
# type: matrix
# rows: 20
# columns: 1
 1
 16
 53
 62
 82
 85
 129
 154
 165
 242
 286
 307
 316
 331
 337
 388
 404
 432
 436
 501


# name: optim_start
# type: scalar
501


# name: optim_steps
# type: scalar
20


# name: VPVP_params
# type: scalar struct
# ndims: 2
 1 1
# length: 8
# name: lambda
# type: scalar
300000000


# name: downsample
# type: scalar
10


# name: MaxIter_X
# type: scalar
200


# name: MaxIter
# type: scalar
50


# name: optTol_X
# type: scalar
1e-06


