# Created by Octave 3.8.1, Mon Jan 08 03:09:33 2018 ART <gabrevaya@ws17.labo2>
# name: y_start
# type: matrix
# rows: 10
# columns: 1
 4.275193529130644e-05
 4.04153985362527e-05
 -1.156796635630811e-05
 -2.631355924877902e-05
 -2.666513535628166e-05
 -2.645259195090428e-05
 4.638771705647634e-05
 1.450743985175447e-05
 -1.438725695988208e-05
 2.804038960813328e-05


# name: alphas
# type: cell
# rows: 1
# columns: 3
# name: <cell-element>
# type: matrix
# rows: 10
# columns: 1
 -0.0630039460311808
 1.83118950502275
 1.254146380512619
 1.890779117138879
 0.3020264117285515
 1.408946315035698
 2.214487244043206
 2.05624976067641
 0.5572327004016479
 2.215375029608716



# name: <cell-element>
# type: matrix
# rows: 10
# columns: 1
 0.6359493186801886
 0.834514379044056
 1.085610717564233
 0.3310524859876557
 1.027850890381249
 0.5314996850456853
 0.811881808414627
 0.4845746975156122
 0.6980754760602615
 1.309862601138565



# name: <cell-element>
# type: matrix
# rows: 10
# columns: 1
 11.52662703219931
 12.42788155731105
 11.67085267173312
 12.58882944257388
 11.08913792658369
 10.34934011476219
 11.72940912280052
 10.71966265928211
 10.68689793610904
 10.35996178304269





# name: W
# type: matrix
# rows: 10
# columns: 10
 0.4397707297883882 -1.079156302049783 1.785564985448169 -0.3214965429263335 0.2438190217979886 0.2788477883041119 -0.03268039801292409 -0.5303257871238672 -0.3550013492217831 0.7790476261332757
 0.07159162885554242 -0.4364742334588899 -0.3604826690712434 0.3864058727682706 -0.1045502116544937 0.2051727891285434 0.310063301640056 -0.06512602186907616 0.1973636879723467 0.08709335159304936
 -0.5966025307147808 0.8366989903444945 -0.7619133432927238 -0.02709458466287722 0.6674450251332916 0.3134080819475277 0.186669660428887 0.4845301734356863 0.4201952922682877 0.5867554055590959
 -1.076369180184247 -0.4734365671483737 -0.03133010677398853 0.1916165772128463 0.5523352281033015 0.3070998026942697 -0.5064411587829785 -0.4156024045883691 -0.4439208666188634 -0.2238466225162901
 -0.4799762822665793 -0.02062145485374767 0.6754769241089608 -0.409029539523041 0.2554787577338596 0.2625503128086462 0.2935967999583184 -0.5869019349643341 0.2909741818999151 -0.4167024270212337
 -0.4935720263004933 0.07197671098920748 0.342454934005171 -0.3723966679888474 0.3486310223851755 -0.3416741728030844 -0.2510477134354104 -0.1547589022815674 0.04955339832269844 0.2901687298395333
 0.4212464503699367 0.06889633456539355 0.348225966172313 0.255430743646602 0.2378198813471148 0.2570196848439268 -0.6036947746391179 -0.1366525989247501 -0.1349227943129254 0.4079988786781715
 -0.05431225139175051 -0.5095598619505153 -0.05199274837624974 0.1024544251048084 0.005767417426892821 0.2734357815256928 -0.4965471187840182 -0.4007312526295577 -0.5630707372473703 0.3712033500145362
 -0.06169218528121573 -0.2727902574605645 0.770156174590085 0.5825109838613375 0.8082064346401486 0.45120501388942 -0.09232312972544787 -0.4505951478177708 -0.3631377326656743 0.7188445933220946
 0.1844477127919118 -0.2866862215598815 -0.9103522904879442 -0.06218686705948039 -0.769701547575028 -0.3297185822955337 0.8981684990150717 0.7900828464194716 0.1371881817441389 -1.112548648442313


# name: iter
# type: scalar
200000


# name: c
# type: matrix
# rows: 1
# columns: 10
 NaN NaN NaN NaN NaN NaN NaN NaN NaN NaN


# name: mean_corr
# type: matrix
# rows: 975
# columns: 1
 -0.09452818197101208
 -0.07212149369737181
 -0.06720672989801978
 -0.06438061753543554
 -0.1178283923758036
 -0.09409012035787409
 -0.09183250728183504
 -0.07352008102117971
 -0.06438414586905361
 -0.05091020929366023
 0.002668019212702555
 0.02527184751876139
 0.4016742784722359
 0.3915064684566098
 0.3827940727332994
 0.3781041014371582
 0.3761883476285161
 0.370614684351786
 0.3525453464522113
 0.3561078176907373
 0.3599785287996118
 0.3558824851440814
 0.347857591375753
 0.3382709093585087
 0.3294780678613093
 0.3432317676813436
 0.3538203365536913
 0.3566647610052083
 0.355195444627355
 0.3605278499267054
 0.3647570843414187
 0.365239992129277
 0.3617205298490884
 0.3601054017362127
 0.3623794838290301
 0.3595899693835582
 0.3539395839383946
 0.3579848962147382
 0.3613043664306071
 0.3631719835941181
 0.3626437766362164
 0.3578846496823595
 0.3545618189287603
 0.3545078794262042
 0.3574417124468682
 0.3527917384523969
 0.3535426138877005
 0.3525391007083675
 0.4568967688194178
 0.4537719865068471
 0.4354304133521795
 0.4327911542758206
 0.4036412094926852
 0.4105238734565368
 0.4107288676703055
 0.4013686792698283
 0.401026617978388
 0.3934081217251923
 0.3989041379741812
 0.3964514383223233
 0.3942937051860859
 0.3983978586018836
 0.3972930012779024
 0.3997409601784052
 0.3995706065218393
 0.3963479246354862
 0.4000933146841424
 0.4007116594600898
 0.4012462934774622
 0.4023815691288163
 0.4031943620426525
 0.3961450145109093
 0.3966563811725001
 0.3943407650496192
 0.3964091376028553
 0.3957520173084109
 0.3942999308181133
 0.3868171817827127
 0.391198266795049
 0.393500264269968
 0.3981368944443521
 0.4059222090456186
 0.4039045466189316
 0.4061735929857521
 0.4017909059498289
 0.4000558417802249
 0.4042145872030946
 0.4028857064424464
 0.3979484641308547
 0.4003907918210369
 0.4034992387156156
 0.406434375288686
 0.4044683098222806
 0.4060521356867531
 0.4053003746061327
 0.4092087082590547
 0.4073539824661578
 0.4016188418508542
 0.4026678865120612
 0.4025428684097322
 0.4009263396737241
 0.4054322521345879
 0.4065061385557341
 0.40068616324344
 0.3936257111050547
 0.3928967936019244
 0.3919196943350162
 0.4058628425329193
 0.4090798766797429
 0.4039983003779652
 0.4093850024900639
 0.4084593552213036
 0.4065340451452314
 0.4080677414922837
 0.4087091363935997
 0.4881736626942844
 0.4744936355918553
 0.4748871188194198
 0.4683090895394687
 0.4637381188974558
 0.4634753063910679
 0.4642192202118489
 0.4631614354479822
 0.4496287847552056
 0.4494413866388219
 0.4496323252772924
 0.4490190454355386
 0.4316482673748211
 0.4226696255642882
 0.4222462431124542
 0.4144607317347838
 0.4221595639507897
 0.4288353859466646
 0.4203326830531195
 0.4213929593434674
 0.4175269124602812
 0.4161736824422949
 0.4161977223563092
 0.4162016074133129
 0.4186861636060152
 0.4187622972663384
 0.4106824799908364
 0.4142372266623687
 0.4102241642732155
 0.4096642498987027
 0.4124069635973672
 0.4072518759604315
 0.4033599165714382
 0.4079065452113534
 0.4109776169656633
 0.4159214456043402
 0.4197416563602836
 0.4078823898439515
 0.4170545392817807
 0.4125913596934676
 0.4070142793919637
 0.4119503272042618
 0.4065517351108702
 0.4111541017647364
 0.4128923333139027
 0.4126018278664008
 0.4169298586218756
 0.4170933429872193
 0.4172872287805954
 0.4172125675351548
 0.4144222585491817
 0.4107373458848498
 0.4145780203186
 0.4120618864914423
 0.4117975460326536
 0.4158992383508287
 0.4178008152552168
 0.4174790670231904
 0.4170685816123897
 0.4203328366146106
 0.4293381346000458
 0.4279012731893648
 0.4275377713962552
 0.4270741034486931
 0.4321579740499544
 0.429330432730295
 0.4273216850444108
 0.4255555292919418
 0.4089953063235042
 0.4095304010164577
 0.4042817487030499
 0.402680352853126
 0.4022818365502971
 0.4962241285210791
 0.4923193955217724
 0.4884864015752605
 0.4896501532400412
 0.4373041144523396
 0.4439663655743226
 0.4451417053995333
 0.4433834982090108
 0.4282217165797059
 0.4281577398923541
 0.427843152939535
 0.43356438213987
 0.4339418171586134
 0.4360373672789916
 0.4371720437355033
 0.4341907172366568
 0.4300061485390584
 0.4238416040222296
 0.4290017006174504
 0.4287732709511486
 0.4309949713039122
 0.4457340944624919
 0.4426885375526131
 0.44135166612503
 0.4399860841257073
 0.4361653782239962
 0.4414737800782337
 0.4471424011271536
 0.4352873313663426
 0.4320305162933891
 0.4313667172268597
 0.4234759386609698
 0.4308186685602401
 0.4284000777564592
 0.4303878482824729
 0.4305761529134977
 0.4295386402996387
 0.4299663444676139
 0.4324007479671957
 0.4266396118595413
 0.4276324779113903
 0.4275079939709087
