# Created by Octave 3.8.1, Sat Jan 06 20:47:12 2018 ART <gabrevaya@ws17.labo2>
# name: y_start
# type: matrix
# rows: 10
# columns: 1
 -2.629687361862172
 -0.0342689735133378
 -0.1089099885708424
 -1.027911129244657
 -0.7085555722899277
 -0.7486146785591734
 0.3607580568903556
 1.333695932139787
 0.4157575944099962
 -1.138405029578479


# name: alphas
# type: cell
# rows: 1
# columns: 3
# name: <cell-element>
# type: matrix
# rows: 10
# columns: 1
 0.5150960145538732
 0.2375895858397672
 0.4668579528137486
 0.7895514583746048
 0.6086950047682106
 0.5381177389601117
 0.6059368714451409
 0.5360360136673334
 0.6010849010851321
 0.6214211036296122



# name: <cell-element>
# type: matrix
# rows: 10
# columns: 1
 0.9264370003296831
 0.9834977190662949
 1.018409632946284
 0.6084887608036488
 1.116265827586807
 0.8092077595799265
 1.17823055619705
 0.8901399690750657
 0.838664302624019
 0.9501773061798823



# name: <cell-element>
# type: matrix
# rows: 10
# columns: 1
 11.27117994677809
 11.26676936852773
 11.30107523040952
 11.53742010803365
 11.33999967117184
 11.41898922509643
 11.12000896438286
 11.27418977363252
 11.39942584375251
 11.36793172525945





# name: W
# type: matrix
# rows: 10
# columns: 10
 0 0 0 0 0 0 0 0 0 0
 0 0 0 0 0 0 0 0 0 0
 0 0 0 0 0 0 0 0 0 0
 0 0 0 0 0 0 0 0 0 0
 0 0 0 0 0 0 0 0 0 0
 0 0 0 0 0 0 0 0 0 0
 0 0 0 0 0 0 0 0 0 0
 0 0 0 0 0 0 0 0 0 0
 0 0 0 0 0 0 0 0 0 0
 0 0 0 0 0 0 0 0 0 0


# name: iter
# type: scalar
176


# name: c
# type: matrix
# rows: 1
# columns: 10
 -0.1017330700864228 0.2302190286197802 -0.0492595916958578 0.3564445260840512 -0.1063939831947601 -0.08838231761189638 0.01219949933734875 -0.1026033979912565 0.1355829810579957 0.08514401483718148


# name: mean_corr
# type: matrix
# rows: 12
# columns: 1
 -0.09452818197101208
 -0.07212149369737181
 -0.06720672989801978
 -0.06438061753543554
 -0.1178283923758036
 -0.09409012035787409
 -0.09183250728183504
 -0.07352008102117971
 -0.06438414586905361
 -0.05091020929366023
 0.002668019212702555
 0.02527184751876139


# name: mean_error
# type: matrix
# rows: 12
# columns: 1
 1.491587892137838
 1.478422976175059
 1.475080728286112
 1.473959137568325
 1.447587212970437
 1.437123591983257
 1.436461262144133
 1.423876848845213
 1.420365284415466
 1.415331793012941
 1.399925347783832
 1.376062911219163


# name: iter_improve
# type: matrix
# rows: 12
# columns: 1
 1
 7
 15
 27
 31
 70
 79
 81
 101
 138
 157
 167


# name: optim_start
# type: scalar
176


# name: optim_steps
# type: matrix
# rows: 0
# columns: 0


# name: VPVP_params
# type: scalar struct
# ndims: 2
 1 1
# length: 8
# name: lambda
# type: scalar
300000000


# name: downsample
# type: scalar
10


# name: MaxIter_X
# type: scalar
200


# name: MaxIter
# type: scalar
50


# name: optTol_X
# type: scalar
1e-06


# name: progTol_X
# type: scalar
1e-10


# name: optTol_aW
# type: scalar
0.0001


# name: progTol_aW
# type: scalar
1e-07




