# Created by Octave 3.8.1, Tue Nov 28 20:18:07 2017 ART <gabrevaya@ws17.labo2>
# name: y_start
# type: matrix
# rows: 15
# columns: 1
 0.2728704085867979
 -0.4337630241073639
 -0.2594261292269877
 0.6856530147838583
 -0.5173586658828077
 -0.4158660279479272
 -0.5944359371039651
 1.82212183879103
 0.2523838212590722
 -0.786200776770047
 -2.019876091978496
 0.1742567317890794
 -0.05065411146672874
 -0.1252860450381302
 -1.704886967902345


# name: alphas
# type: cell
# rows: 1
# columns: 3
# name: <cell-element>
# type: matrix
# rows: 15
# columns: 1
 0.7584311957241687
 0.4945264395985813
 0.2114412216840608
 0.3785177905532219
 0.6252302540165589
 0.4489284770866045
 0.3536987862388926
 0.7686808304133027
 0.5485661474401025
 0.4600354565549344
 0.625425536990378
 0.4916641964478646
 0.7180266609057949
 0.7093593948411674
 0.6223109952476934



# name: <cell-element>
# type: matrix
# rows: 15
# columns: 1
 0.7483829866833634
 0.8390907996310035
 0.878537244343077
 1.139100944470255
 0.8882105676603711
 1.186793195599013
 0.4385133823253179
 1.259633863662
 1.019345772142587
 1.086650170502954
 0.9701410891846594
 1.004261711639767
 0.8370107376867109
 0.7570788049902988
 0.8925782614423383



# name: <cell-element>
# type: matrix
# rows: 15
# columns: 1
 11.31713181648168
 11.17448757788604
 11.13452947503472
 11.27990738653011
 11.54185677328489
 11.37808757886826
 11.00455990036683
 11.12988204488693
 11.06937839227604
 11.55376146398406
 11.54770908518398
 11.1846100636686
 11.34436206679231
 11.41523432472951
 11.36025984794362





# name: W
# type: matrix
# rows: 15
# columns: 15
 0.01070588441280657 0.04577767998848308 0.002995449837356132 0.1559518068682764 -0.008044637283934453 0.1231514926748918 0.1633449967282401 -0.01416859444405144 -0.008469363818967467 -0.1106261132680453 -0.06531142295934816 0.08493991950763041 -0.05638072777984642 -0.008155764107775026 0.102147913592788
 -0.05949552959848015 -0.04827084501713567 -0.07953345525486562 -0.1575519712388547 0.1064301583469957 -0.1850488635268482 -0.04472293325068405 0.2028187861899552 0.005359284700622038 0.1869975704876745 0.1386087737043432 -0.1445592028554019 0.09144600957061604 0.08575347288881424 -0.3257933345199444
 0.06437489747295323 -0.03749693728499595 0.02619568804670159 -0.08194447726810027 -0.04782663053337765 -0.07612121962853069 0.06427077748351281 -0.009359229662691485 0.03096876268009291 0.04791409331694641 -0.04062823290001298 -0.006286232208120438 0.07003201594434441 -0.0554538408909714 0.005757812392871556
 0.01936404381169205 -0.03993931575795713 -0.02226343740334182 -0.1911184820564578 0.07462095250103846 -0.1358223820760883 -0.07016672544552581 -0.07417919405990415 0.01131100704979222 0.1678239181064686 0.1556674988799298 -0.1202914975926347 0.1381402249203771 0.01746335548323949 -0.1653660176659908
 -0.1296510357696231 0.1327045926148572 -0.0331731014112309 0.06823166500824686 0.01210277502852486 -0.003284798907557994 0.05369306667142919 0.08391448755389601 0.01933434068414408 -0.001296102997263641 -0.01160833397435838 0.05617775577196179 -0.01821356726361251 0.004886545438964511 -0.0008003934371716051
 -0.004555064664166043 -0.07511234310701426 -0.006176324990174321 -0.12423477673327 -0.009536694011520727 -0.1025239643683451 0.02925034624483263 0.01567015942927566 -0.006670101550568693 0.09237220251508529 0.01242194454656362 -0.06638517773810637 -0.01040017722276456 0.02331293717649131 -0.06505536346749552
 -0.06773787737125458 0.01662094650654551 -0.04225910710298677 -0.06189630044483162 0.08187577911597722 -0.037024119260423 -0.2807166150092323 0.01047092965503756 -0.0154277851449041 0.05905007705393818 0.1237141619234203 -0.0804958109363902 0.03294464445045669 0.06741983067204915 -0.16885843957649
 0.1098423053233174 0.02380600727489232 -0.02114127533316397 0.02836978910394912 0.09026173209863882 0.027326713238406 -0.0008478404774238554 0.002158925886490332 0.009387614325298643 0.03450655370257767 0.1197497096503397 -0.009615210373427472 0.1524237190101805 -0.01932360758787168 -0.07226296528859659
 0.08980142947884591 -0.01651124717374792 -0.0004987281550900669 -0.02726908812148769 0.01217841868684042 -0.004451447008507704 0.07017763971627644 -0.01280055157059423 -0.0149728971384415 0.02268423211297217 0.05332130572936674 -0.01701831516821388 0.06117142282348395 -0.003041904575023902 -0.01648728311493515
 0.03688527107927621 0.01315737464362395 0.06856443586205575 0.09132228250750926 -0.1183871379490862 0.05969963284293601 0.03120627043467024 0.01572125888596701 0.03177227343910482 -0.1115751729590756 -0.1666086185140944 0.126211103986188 -0.05054361638645097 -0.1047156868876069 0.2499331413533587
 -0.1794947009859165 0.1019892329611689 0.01443561837490942 0.09371977974092893 -0.0604918600754556 -0.03195420958759927 -0.03694115748731239 0.202941926983865 0.05346059084059564 -0.01059218937920964 -0.2208153002371206 0.1414601739579646 -0.1371029117674253 -0.0641548648160624 0.1877480512465851
 -0.0171825672294234 -0.09053207602231329 -0.02980865472938876 -0.1546995256418686 0.03421914206549101 -0.05837477560238506 -0.03581913034516674 -0.1138349914027456 -0.03890324602059553 0.0560296123943493 0.1208746850224742 -0.1710290158613288 0.00927590441094597 0.08142338629897253 -0.2098085138433755
 -0.03549202174989819 0.06617118910847135 0.005069169035069731 0.1306505342398752 0.001329727257204499 0.04258230032499354 0.09051593960768603 0.1231430488314148 0.03094516183776828 -0.02059318370381488 -0.08352231727437001 0.1118511781628731 -0.04077918915905236 -0.04884708257810216 0.1437721526788304
 -0.2804282331003671 0.1911719895784623 -0.02896756146130562 0.0508834429425196 0.02490965913129681 -0.05518236407082055 -0.07327343263632265 0.1517770772100709 0.03768590932950635 0.001738222240409651 -0.1048326279768773 0.06787558933797094 -0.1052470353778056 -0.003381175911862691 0.02254429380874661
 0.05963458206263297 -0.07713184438092202 -0.02312171510902059 -0.1666584681839504 0.03894549790864434 -0.05965558125200075 0.003643387115414265 -0.1658348173277704 -0.03459769629996773 0.05492197092867879 0.1434643438535569 -0.1667497819804 0.09341510685819784 0.07186366901602083 -0.2586276326798868


# name: iter
# type: scalar
810


# name: c
# type: matrix
# rows: 1
# columns: 15
 0.420099472879534 0.4945779119420691 0.4574207678927109 0.3493910744220857 0.4763588091185126 0.3879979255363107 0.2838621832905672 0.6799463781915688 0.3162841721713864 0.4088778900603688 0.1546258223325771 0.1075245204095967 0.4223897662686337 0.5316160900080111 0.1377200433806802


# name: mean_corr
# type: matrix
# rows: 16
# columns: 1
 -0.1094363531707419
 -0.1057590697676692
 -0.09080835926035555
 -0.1392179684254966
 -0.1328630909218001
 -0.1180571864021757
 -0.1034124204861489
 0.07794154302298334
 0.08867601161926704
 0.104603896194555
 0.1047639175978818
 0.1100703601133911
 0.1103591191082937
 0.1124837370352521
 0.1125211398115382
 0.3752461885269742


# name: mean_error
# type: matrix
# rows: 16
# columns: 1
 1.462641619894672
 1.461200097294267
 1.453135319390007
 1.486503590740769
 1.483465518897121
 1.469451701894376
 1.449756150493395
 1.36585254473423
 1.360720269326701
 1.348075604705196
 1.347613182248397
 1.343155165509555
 1.344148757724461
 1.343551973899398
 1.343673152512495
 1.2901703112942


# name: iter_improve
# type: matrix
# rows: 16
# columns: 1
 1
 3
 29
 31
 43
 54
 87
 93
 104
 149
 192
 211
 259
 274
 495
 810


# name: optim_start
# type: scalar
810


# name: optim_steps
# type: scalar
16


# name: VPVP_params
# type: scalar struct
# ndims: 2
 1 1
# length: 8
# name: lambda
# type: scalar
300000000


# name: downsample
# type: scalar
10


# name: MaxIter_X
# type: scalar
200


# name: MaxIter
# type: scalar
50


# name: optTol_X
# type: scalar
1e-06


# name: progTol_X
# type: scalar
1e-10


# name: optTol_aW
# type: scalar
0.0001


# name: progTol_aW
# type: scalar
1e-07




