# Created by Octave 3.8.1, Tue Nov 28 20:12:33 2017 ART <gabrevaya@ws17.labo2>
# name: y_start
# type: matrix
# rows: 15
# columns: 1
 0.2728704105674293
 -0.433763022251349
 -0.2594261295101971
 0.6856530215898921
 -0.5173586554934605
 -0.4158660311931649
 -0.5944359426785044
 1.822121844713517
 0.2523838235056449
 -0.7862007715197771
 -2.019876087636103
 0.1742567336191779
 -0.05065410938373953
 -0.125286014892071
 -1.70488698008836


# name: alphas
# type: cell
# rows: 1
# columns: 3
# name: <cell-element>
# type: matrix
# rows: 15
# columns: 1
 0.753713555194071
 0.5461058448668173
 0.1921812916100776
 0.4753440861994544
 0.6560736623677482
 0.5252303596406425
 0.4358351348168908
 0.7947842191218921
 0.5619285508389178
 0.5316885186443591
 0.6829993379208071
 0.5759919427672734
 0.7411577979484691
 0.7203033199793347
 0.614884593220668



# name: <cell-element>
# type: matrix
# rows: 15
# columns: 1
 0.7928142754446109
 1.127479056672503
 0.8448860299886665
 1.061475512126904
 1.03120109537622
 1.123488432658375
 0.4338087830668155
 1.190097772632176
 0.9992492657724132
 1.206885172931012
 0.983081271912319
 1.057639085275729
 0.8529446924286909
 1.064061338610868
 0.9298701261799736



# name: <cell-element>
# type: matrix
# rows: 15
# columns: 1
 11.32272263594016
 11.19900773533818
 11.1319478053476
 11.27003783870136
 11.55792367212709
 11.37093258771031
 11.00439432207552
 11.12090142301533
 11.0667495344346
 11.56539366695406
 11.55239658658516
 11.18977345446042
 11.34768784542075
 11.4463859883286
 11.35946563026437





# name: W
# type: matrix
# rows: 15
# columns: 15
 0 0 0 0 0 0 0 0 0 0 0 0 0 0 0
 0 0 0 0 0 0 0 0 0 0 0 0 0 0 0
 0 0 0 0 0 0 0 0 0 0 0 0 0 0 0
 0 0 0 0 0 0 0 0 0 0 0 0 0 0 0
 0 0 0 0 0 0 0 0 0 0 0 0 0 0 0
 0 0 0 0 0 0 0 0 0 0 0 0 0 0 0
 0 0 0 0 0 0 0 0 0 0 0 0 0 0 0
 0 0 0 0 0 0 0 0 0 0 0 0 0 0 0
 0 0 0 0 0 0 0 0 0 0 0 0 0 0 0
 0 0 0 0 0 0 0 0 0 0 0 0 0 0 0
 0 0 0 0 0 0 0 0 0 0 0 0 0 0 0
 0 0 0 0 0 0 0 0 0 0 0 0 0 0 0
 0 0 0 0 0 0 0 0 0 0 0 0 0 0 0
 0 0 0 0 0 0 0 0 0 0 0 0 0 0 0
 0 0 0 0 0 0 0 0 0 0 0 0 0 0 0


# name: iter
# type: scalar
810


# name: c
# type: matrix
# rows: 1
# columns: 15
 0.1454980908833281 -0.03757140866233745 0.161051651393227 0.01649354796302683 -0.01105040819848089 0.1966717375572806 0.179685284171468 0.4922936098501864 0.1664354907264655 -0.02520186707335551 0.01422627538468515 0.1018155928312364 0.1065891557814842 0.03716779231049146 0.08954378496200398


# name: mean_corr
# type: matrix
# rows: 15
# columns: 1
 -0.1094363531707419
 -0.1057590697676692
 -0.09080835926035555
 -0.1392179684254966
 -0.1328630909218001
 -0.1180571864021757
 -0.1034124204861489
 0.07794154302298334
 0.08867601161926704
 0.104603896194555
 0.1047639175978818
 0.1100703601133911
 0.1103591191082937
 0.1124837370352521
 0.1125211398115382


# name: mean_error
# type: matrix
# rows: 15
# columns: 1
 1.462641619894672
 1.461200097294267
 1.453135319390007
 1.486503590740769
 1.483465518897121
 1.469451701894376
 1.449756150493395
 1.36585254473423
 1.360720269326701
 1.348075604705196
 1.347613182248397
 1.343155165509555
 1.344148757724461
 1.343551973899398
 1.343673152512495


# name: iter_improve
# type: matrix
# rows: 15
# columns: 1
 1
 3
 29
 31
 43
 54
 87
 93
 104
 149
 192
 211
 259
 274
 495


# name: optim_start
# type: scalar
810


# name: optim_steps
# type: matrix
# rows: 0
# columns: 0


# name: VPVP_params
# type: scalar struct
# ndims: 2
 1 1
# length: 8
# name: lambda
# type: scalar
300000000


# name: downsample
# type: scalar
10


# name: MaxIter_X
# type: scalar
200


# name: MaxIter
# type: scalar
50


# name: optTol_X
# type: scalar
1e-06


# name: progTol_X
# type: scalar
1e-10


# name: optTol_aW
# type: scalar
0.0001


# name: progTol_aW
# type: scalar
1e-07




