# Created by Octave 3.8.1, Tue Nov 28 20:03:22 2017 ART <gabrevaya@ws17.labo1>
# name: y_start
# type: matrix
# rows: 15
# columns: 1
 0.7554608360182945
 -0.09931197394345112
 -0.8509366871618267
 -1.637651250435262
 -0.4006831411492492
 0.7131361167291318
 -0.1601713897927266
 -0.146858851807313
 -0.07500769288758245
 -1.636664947365376
 -1.211580001996632
 0.5064647056785722
 1.237206367859815
 0.2952172754245614
 -0.1312339871391014


# name: alphas
# type: cell
# rows: 1
# columns: 3
# name: <cell-element>
# type: matrix
# rows: 15
# columns: 1
 0.4968208979254747
 0.44448551864637
 0.6029002858200326
 0.5596328131303873
 0.4581167026855139
 0.5275610385947155
 0.6067266557295913
 0.3985534432340702
 0.3960191674019424
 0.7059982724162553
 0.5509261034529698
 0.5357943578161453
 0.6266491635353104
 0.8435112090738085
 0.4878064208094946



# name: <cell-element>
# type: matrix
# rows: 15
# columns: 1
 1.320690238280844
 0.1550749450047881
 0.8978393125449737
 1.084312048749677
 0.9395207616660904
 0.8269946899017276
 1.033153950608417
 1.095648265099462
 1.059205769619139
 1.284148815647941
 0.9911701369346305
 1.105012101642714
 1.181648452135762
 0.956089843153048
 0.9689914404796527



# name: <cell-element>
# type: matrix
# rows: 15
# columns: 1
 11.36831489539102
 11.25341732275838
 11.46486361957595
 11.45033618804089
 11.2862739438775
 11.57775439264014
 11.66933206396556
 11.34252134010303
 11.47849659694914
 11.51305620464917
 11.34454001661321
 11.26781621074144
 11.59013018966187
 11.30087178298188
 11.22983676816122





# name: W
# type: matrix
# rows: 15
# columns: 15
 -0.1043313680677843 0.02859690244369236 0.04182345738256709 -0.00064166852766201 -0.07014573099269504 0.02585418153531511 0.01747662467906502 -0.08676484992089566 0.01711344841669512 -0.08737673543065159 -0.1003947919602956 0.03880876366858374 -0.01033695912867372 -0.04978535813061957 0.1174036722568409
 0.03390231396354057 -0.0651905299495949 -0.03558912839765279 -0.06824524611185458 0.03440510474149568 0.1024849738593298 -0.0900149030077453 -0.02647581778006955 -0.01650045375597627 0.01514319598734181 0.08205540356225652 -0.05678800998140549 0.04089603865768585 0.04596032353725994 -0.1160252349856858
 0.04782359673072224 0.06237768377595097 -0.06601135861068949 -0.1162016194247352 -0.01644186370214194 -0.04490413632560964 -0.01816531155789117 -0.0112574725297346 -0.01124631773970851 0.05682793803477673 -0.04232063591262102 -0.03074884655032405 0.06532029405621995 0.04492583160996334 0.0003100701657523237
 0.02144828264304177 -0.01161241572687753 -0.03076306369335167 -0.1346283907866013 0.02059816403667561 -0.004318766490503733 -0.04519760013472743 -0.05762464658169295 0.009556253750571493 0.1677607974441111 0.05408690274470795 -0.06363662913881103 0.1270891271188812 0.004572221340824696 -0.07661868663347669
 0.02324161502377029 0.02118227289303182 -0.0716960070230936 0.07398461050078461 -0.07436061063543546 0.1469012724474156 0.05984841241148398 0.05517814306375191 -0.02596182092407517 -0.02611824976616276 0.01750512299635136 0.06283765026074704 -0.02546331214439707 0.1066422354103342 -0.03830419315633216
 -0.01673548328501843 0.006201882027365648 0.02741286561341999 0.02453298597658811 0.03447413513175826 -0.1846575273099374 -0.02430941709566119 0.03909346587195304 -0.003820676854696172 0.05817485326153108 0.08625139438362175 -0.04822892157462055 -0.04294277584575721 0.006428265973679769 -0.08368827055744417
 0.04031809567673003 0.007375332996122195 -0.02209861059935936 -0.1248261312894846 0.03665647324339232 -0.03003896939631125 -0.1168495322619642 -0.0665123237385136 -0.004341080755447163 0.1319796291111626 0.09263148572847744 -0.1279171270147611 0.08510698392546054 0.0218184237871182 -0.1357066215530282
 -0.02519426492052182 -0.0124515928891264 0.02759197476049412 0.1135701429565033 0.08043148170435048 -0.03935004857374497 0.1206554915609737 -0.02722745839736203 0.03823674722822598 -0.08441993289645566 0.01953824971036324 0.1322318985418409 0.05595604167591556 -0.08730263439426292 0.01115927033300245
 0.07006585199004579 0.02448181229230875 -0.02314434859435915 -0.05017112966536477 -0.0563259149420742 -0.02878613003340108 -0.004609394615547218 0.01452170802101747 -0.02833316886650312 0.05865638013505876 -0.02162952197466097 -0.01817368119922818 0.007036587459714614 0.03886712933939799 -0.01574274173831523
 -0.001111960357857988 0.006195077782718762 0.03564511062599897 0.08526502219613749 -0.06177323147462409 0.00402815164967919 0.08522533370109378 0.06593634545679439 0.01004372160441281 -0.1699745786443662 -0.1313853673709058 0.106816472451264 -0.07523775677791723 -0.05278104656853793 0.1663675036580925
 0.05388611761167832 -0.01019775900211897 0.01277063317340053 0.0443627076326165 -0.01204815826528045 0.1043757792896558 0.09332779628351334 0.04055106960019438 0.02393849709299661 -0.03352420047663784 -0.1389962929500894 0.09142077575077993 0.05007122637885889 -0.06392391661052318 0.1718509398648208
 -0.01344849886570812 0.02068556778903896 -0.02364491267232648 -0.1163125999017661 0.01573855700811085 0.002414559398896049 -0.1282494373464521 -0.101952732599934 -0.01582282415224856 0.09364524619819667 0.07217369288234218 -0.1407622885711667 0.03052019785034362 0.05293718692810553 -0.115649147667687
 -0.02422962631042763 -0.004928959803550977 0.007694429895585764 0.0368235938828213 -0.04790751655422627 -0.03925996860654379 0.02988574136008363 0.0175566006143387 -0.02040724227378023 0.009274443538893026 -0.02791414976372541 0.01714317772065489 -0.1249840784765543 0.01731986587219852 0.0414408085829578
 -0.03397734341652264 -0.06122180502232395 0.01073003489392081 0.09784524528233636 0.07416918707540772 0.1390287882841935 0.05657005282994258 -0.02046020043101351 0.04500218314144264 -0.003744073235775153 0.004484341019134937 0.06792428360039397 0.03584015046672624 -0.07917870436751631 0.06543354539317117
 -0.02127737304799833 0.03688918900937183 -0.04226217646504753 -0.1031917259521457 -0.02793981915257864 -0.08036720972657828 -0.09252932008719097 -0.05202321719098557 -0.02980033719286244 0.09735457238250798 0.09430764557523995 -0.1016160412927547 -0.01146397813887744 0.08106025775039151 -0.1788537629718961


# name: iter
# type: scalar
400


# name: c
# type: matrix
# rows: 1
# columns: 15
 0.4454216018753074 0.5232106392267312 0.4423045390962476 0.3309439823214524 0.4116292566473833 0.155876963534816 0.1063522870987907 0.5935713833380072 0.2636001225733022 0.1473523281501348 0.007410660771219847 0.1031890776210679 0.2821884042557357 0.2696525633105025 0.1382592507149285


# name: mean_corr
# type: matrix
# rows: 21
# columns: 1
 -0.1139199190777095
 -0.1092901268024393
 -0.1005396653129145
 -0.09584823730316151
 -0.09451120344801137
 -0.06993197676902316
 -0.04879879345160056
 -0.04266511874214775
 -0.03911137142502374
 -0.0175906709204404
 -0.003002747002772822
 0.004712282143946709
 0.01744864870948
 0.04053565675622506
 0.05162202143644538
 0.05914983955172661
 0.08530281035739826
 0.08905074415170926
 0.09260031109834907
 0.09587475062434565
 0.2813975373690418


# name: mean_error
# type: matrix
# rows: 21
# columns: 1
 1.492297342755102
 1.490071002150298
 1.479211580252027
 1.473716266114632
 1.473135446616535
 1.458800214887947
 1.448941688318282
 1.464713805431018
 1.46364449913959
 1.458972977656587
 1.446618959200034
 1.441040704180781
 1.427416292060788
 1.416592654016662
 1.405064139400529
 1.405728330690556
 1.387378272936767
 1.375749437284764
 1.382230998791009
 1.379563081023292
 1.302877131658298


# name: iter_improve
# type: matrix
# rows: 21
# columns: 1
 1
 2
 31
 49
 56
 69
 81
 93
 99
 102
 111
 135
 166
 199
 223
 296
 314
 343
 347
 353
 400


# name: optim_start
# type: scalar
400


# name: optim_steps
# type: scalar
21


# name: VPVP_params
# type: scalar struct
# ndims: 2
 1 1
# length: 8
# name: lambda
# type: scalar
300000000


# name: downsample
# type: scalar
10


# name: MaxIter_X
# type: scalar
200


