# Created by Octave 3.8.1, Tue Nov 28 19:56:17 2017 ART <gabrevaya@ws17.labo1>
# name: y_start
# type: matrix
# rows: 15
# columns: 1
 0.7554608280969369
 -0.09931197789473489
 -0.850936689028298
 -1.637651253708936
 -0.4006831433435236
 0.7131361210923156
 -0.1601713885309032
 -0.1468588662036104
 -0.07500769351728105
 -1.636664952024004
 -1.211579995749665
 0.506464702421187
 1.237206372511451
 0.2952172725898561
 -0.1312339946537425


# name: alphas
# type: cell
# rows: 1
# columns: 3
# name: <cell-element>
# type: matrix
# rows: 15
# columns: 1
 0.5484202433029303
 0.4415695381496761
 0.6483231748078616
 0.601472057625406
 0.5214448232366528
 0.6300384481371657
 0.6434616352135596
 0.4050826974340049
 0.4213488183411873
 0.7899147354979975
 0.5769898973120671
 0.5890920725053367
 0.678594939613511
 0.8811663348968577
 0.4676568660318314



# name: <cell-element>
# type: matrix
# rows: 15
# columns: 1
 1.173553080891097
 0.7937072412019509
 0.9379273231161896
 1.093401450918733
 0.902572324534852
 0.6916334566767454
 1.032844206248974
 1.073447713114831
 1.096207447237147
 1.282903753458512
 0.9655414370635984
 1.141337590512876
 1.288932639092842
 1.058222362162393
 0.9843558441031403



# name: <cell-element>
# type: matrix
# rows: 15
# columns: 1
 11.35366459831732
 11.29177526312503
 11.4702112090793
 11.45065948553498
 11.28672662260962
 11.56807315459578
 11.66947845055787
 11.34242375469947
 11.48240187322682
 11.51149296534241
 11.34401351861884
 11.27198638028199
 11.60405083410395
 11.315556079442
 11.23448022825367





# name: W
# type: matrix
# rows: 15
# columns: 15
 0 0 0 0 0 0 0 0 0 0 0 0 0 0 0
 0 0 0 0 0 0 0 0 0 0 0 0 0 0 0
 0 0 0 0 0 0 0 0 0 0 0 0 0 0 0
 0 0 0 0 0 0 0 0 0 0 0 0 0 0 0
 0 0 0 0 0 0 0 0 0 0 0 0 0 0 0
 0 0 0 0 0 0 0 0 0 0 0 0 0 0 0
 0 0 0 0 0 0 0 0 0 0 0 0 0 0 0
 0 0 0 0 0 0 0 0 0 0 0 0 0 0 0
 0 0 0 0 0 0 0 0 0 0 0 0 0 0 0
 0 0 0 0 0 0 0 0 0 0 0 0 0 0 0
 0 0 0 0 0 0 0 0 0 0 0 0 0 0 0
 0 0 0 0 0 0 0 0 0 0 0 0 0 0 0
 0 0 0 0 0 0 0 0 0 0 0 0 0 0 0
 0 0 0 0 0 0 0 0 0 0 0 0 0 0 0
 0 0 0 0 0 0 0 0 0 0 0 0 0 0 0


# name: iter
# type: scalar
400


# name: c
# type: matrix
# rows: 1
# columns: 15
 -0.09234027105023762 0.06846220755768327 0.07364551869587488 0.2376177190849936 0.3226390664587816 -0.004045704903204799 0.01798856393728979 0.4280211277868136 0.02875449361105669 0.0213849943853869 0.005541647123058419 0.04194772347369883 0.09524633633421488 0.001127892977767632 0.0703824219915178


# name: mean_corr
# type: matrix
# rows: 20
# columns: 1
 -0.1139199190777095
 -0.1092901268024393
 -0.1005396653129145
 -0.09584823730316151
 -0.09451120344801137
 -0.06993197676902316
 -0.04879879345160056
 -0.04266511874214775
 -0.03911137142502374
 -0.0175906709204404
 -0.003002747002772822
 0.004712282143946709
 0.01744864870948
 0.04053565675622506
 0.05162202143644538
 0.05914983955172661
 0.08530281035739826
 0.08905074415170926
 0.09260031109834907
 0.09587475062434565


# name: mean_error
# type: matrix
# rows: 20
# columns: 1
 1.492297342755102
 1.490071002150298
 1.479211580252027
 1.473716266114632
 1.473135446616535
 1.458800214887947
 1.448941688318282
 1.464713805431018
 1.46364449913959
 1.458972977656587
 1.446618959200034
 1.441040704180781
 1.427416292060788
 1.416592654016662
 1.405064139400529
 1.405728330690556
 1.387378272936767
 1.375749437284764
 1.382230998791009
 1.379563081023292


# name: iter_improve
# type: matrix
# rows: 20
# columns: 1
 1
 2
 31
 49
 56
 69
 81
 93
 99
 102
 111
 135
 166
 199
 223
 296
 314
 343
 347
 353


# name: optim_start
# type: scalar
400


# name: optim_steps
# type: matrix
# rows: 0
# columns: 0


# name: VPVP_params
# type: scalar struct
# ndims: 2
 1 1
# length: 8
# name: lambda
# type: scalar
300000000


# name: downsample
# type: scalar
10


# name: MaxIter_X
# type: scalar
200


# name: MaxIter
# type: scalar
50


# name: optTol_X
# type: scalar
1e-06


# name: progTol_X
# type: scalar
1e-10


# name: optTol_aW
# type: scalar
0.0001


# name: progTol_aW
# type: scalar
1e-07




