# Created by Octave 3.8.1, Sat Jan 06 20:46:38 2018 ART <gabrevaya@ws6.labo2>
# name: y_start
# type: matrix
# rows: 10
# columns: 1
 -0.9878199039851706
 1.104977293304858
 -2.012680632002385
 -0.641783114795599
 -0.504070274032512
 -2.11271055923455
 0.4878228867944361
 -1.153401946889236
 -1.516376242847315
 -0.7839850493665246


# name: alphas
# type: cell
# rows: 1
# columns: 3
# name: <cell-element>
# type: matrix
# rows: 10
# columns: 1
 0.6421130997803938
 0.7343714409592144
 0.9454709754934425
 0.5467990638625702
 0.4783153901846647
 0.6408509954029474
 0.3020947542295043
 0.7022142542512658
 0.8298412008784679
 0.870214619611421



# name: <cell-element>
# type: matrix
# rows: 10
# columns: 1
 0.765984373400435
 0.9198970047021608
 1.053315400337741
 1.000945364729835
 1.034252991654572
 1.34931356784404
 0.8469352181221144
 0.6431570771040057
 0.8904582810530133
 0.940376801789797



# name: <cell-element>
# type: matrix
# rows: 10
# columns: 1
 11.58723059202197
 11.77595230047088
 11.38374553977756
 11.33267434800176
 11.38728466304811
 11.38952267481096
 11.23806740012568
 11.11263963850591
 11.34201116267962
 11.30584911371581





# name: W
# type: matrix
# rows: 10
# columns: 10
 0 0 0 0 0 0 0 0 0 0
 0 0 0 0 0 0 0 0 0 0
 0 0 0 0 0 0 0 0 0 0
 0 0 0 0 0 0 0 0 0 0
 0 0 0 0 0 0 0 0 0 0
 0 0 0 0 0 0 0 0 0 0
 0 0 0 0 0 0 0 0 0 0
 0 0 0 0 0 0 0 0 0 0
 0 0 0 0 0 0 0 0 0 0
 0 0 0 0 0 0 0 0 0 0


# name: iter
# type: scalar
853


# name: c
# type: matrix
# rows: 1
# columns: 10
 0.2474080012670382 0.2463274803531543 -0.226539497064319 0.2447125138082336 0.4806272516100236 0.1657184197420282 0.1664317910503397 0.3610636922230421 0.1802422742054313 0.1166482753555972


# name: mean_corr
# type: matrix
# rows: 20
# columns: 1
 -0.002197329497816015
 -0.001697620414142998
 0.0491103705080621
 0.03895266614952549
 0.05173780797769265
 0.05673280354676793
 0.0712518862877643
 0.1032471582512867
 0.1212713113755067
 0.1223814036767523
 0.1432636316953771
 0.1625540485097824
 0.1736598350442236
 0.1743090919247947
 0.1744215045396754
 0.2102531071911566
 0.2238107946660377
 0.237764028769738
 0.2377615032265842
 0.2384495044039618


# name: mean_error
# type: matrix
# rows: 20
# columns: 1
 1.436562197510102
 1.43576305708988
 1.406260828322899
 1.406442991838212
 1.396692812529161
 1.394155796893359
 1.367898857576321
 1.341789725858726
 1.331683473390691
 1.327609146075234
 1.328738687243206
 1.314816431820739
 1.304019986558615
 1.30516228905034
 1.30550016775287
 1.302171527879977
 1.295948105100531
 1.274229285933717
 1.272983455865957
 1.274066480450871


# name: iter_improve
# type: matrix
# rows: 20
# columns: 1
 1
 7
 10
 31
 36
 44
 52
 53
 57
 58
 81
 99
 111
 141
 150
 159
 161
 171
 189
 672


# name: optim_start
# type: scalar
853


# name: optim_steps
# type: matrix
# rows: 0
# columns: 0


# name: VPVP_params
# type: scalar struct
# ndims: 2
 1 1
# length: 8
# name: lambda
# type: scalar
300000000


# name: downsample
# type: scalar
10


# name: MaxIter_X
# type: scalar
200


# name: MaxIter
# type: scalar
50


# name: optTol_X
# type: scalar
1e-06


# name: progTol_X
# type: scalar
1e-10


# name: optTol_aW
# type: scalar
0.0001


# name: progTol_aW
# type: scalar
1e-07




