# Created by Octave 3.8.1, Tue Nov 28 19:56:46 2017 ART <gabrevaya@ws13.labo1>
# name: y_start
# type: matrix
# rows: 15
# columns: 1
 1.406060357515926
 1.846456967665944
 0.8505495696104985
 0.6199971157779275
 -1.52913639988061
 -2.308777241238674
 -1.451461497315722
 0.191577811263497
 1.369844201432529
 -0.01531883038624949
 -0.5925451460836507
 2.719640707997288
 0.573638493470818
 0.5575860664302362
 -0.2205086515884713


# name: alphas
# type: cell
# rows: 1
# columns: 3
# name: <cell-element>
# type: matrix
# rows: 15
# columns: 1
 0.6322973493349282
 0.550754109662882
 0.5684512139340371
 0.4799768508480962
 0.5104250753456178
 0.489552225925127
 0.4726735016321853
 0.4597182339136875
 0.5114474657557402
 0.5647025077788307
 0.4450960773691108
 0.4888501390790753
 0.4343526439635403
 0.5479082944628823
 0.5568129706426064



# name: <cell-element>
# type: matrix
# rows: 15
# columns: 1
 1.286603331366897
 0.8026877289384654
 1.019471589482155
 1.177926096574808
 0.7907543618993867
 1.162162807178515
 1.287408769830504
 0.9404776884957082
 1.01400714554602
 0.7714541832905502
 0.5513701993054785
 0.9643138160718089
 1.187773251129957
 0.6775066830474521
 0.8402608154612478



# name: <cell-element>
# type: matrix
# rows: 15
# columns: 1
 11.50583695726362
 11.39063181020047
 11.38480203999592
 11.48425735016975
 11.35957895403911
 11.40264586580859
 11.4083039622695
 11.20179696623856
 11.38465727645487
 11.26168052661225
 11.34082940051653
 11.38081690743944
 11.37816003625418
 11.35849508524779
 11.36244382869849





# name: W
# type: matrix
# rows: 15
# columns: 15
 -0.1114067384227115 0.01399215018642019 0.1264568061293902 0.05010166754177974 -0.2329936441425102 0.003739247653736336 -0.07955607792464688 -0.2282869573877403 0.04705706613641927 -0.1091809193461508 -0.1985311011739188 0.1583176731593328 -0.1327310085396693 -0.07471842319314206 0.2493207838098624
 0.1566536648860708 -0.03732555396657918 -0.1622614470361084 -0.2050024435886538 0.2490149892919769 -0.06923693704878739 -0.03162278211462065 0.2474267904188055 -0.06765830438209137 0.06891617705300256 0.2251678596664675 -0.2118201580273834 0.1818941049191869 0.1417000527576877 -0.2978150500387637
 -0.1146401495797093 -0.12665600737359 -0.01476513850324252 -0.172410047500668 0.04654685201610161 -0.03218808340277401 -0.04395111262324517 -0.02304117968037593 0.01620415878891128 0.1028489257603876 0.002923922458842435 -0.05019914426108509 0.06568411588561245 -0.03623228250610228 -0.03687717042779659
 -0.1734813136479736 -0.0215403622820839 -0.02008972113682678 -0.3485579386730248 0.08304342193644525 -0.1107713900012094 0.1018133655385158 0.2420156453860068 -0.009340537963573254 0.145523006134138 0.10623143926064 -0.1656199735263282 0.2464077134268629 -0.06167030868299651 -0.1672570095570235
 -0.07087456715255218 0.3619945253373419 0.009791140095198781 0.06952643488787255 -0.04310619185126622 0.001139947533348067 0.1686928791593112 0.2045197138302511 0.005413679214020932 -0.1730313602552456 -0.01813226956212261 0.05488058336458605 0.02949310637148558 0.03876803697464654 0.007848722840888958
 0.1019103264812668 0.05503842784070624 0.02610166567100174 -0.1682400908920625 -0.06298068962199944 -0.1771781581278476 -0.1310654725147947 -0.008119869547465053 -0.01473501525919865 -0.07144510368988359 0.04420862822412332 -0.001158816364641918 0.08364799930496272 0.05670047899817042 -0.08629454922584293
 0.1922603137358031 -0.1172368541853576 -0.01862826564298058 -0.3990139443991757 -0.01285990886109877 -0.2347200869141813 -0.2497317710689976 0.07060797557229319 0.002201256448832837 0.08546415982986781 0.1335810952605606 -0.1082532264037055 0.244477747280322 -0.003415084621436902 -0.2175956290644941
 0.3124342939383721 0.04186298665060045 -0.1442757767444239 0.1398920125567086 0.1725170031358151 -0.0398825823841108 -0.03385609613340398 0.1222167294011778 -0.0688519092887097 0.1956606566922288 0.1101134393673526 -0.05557548908732411 0.06324689871932944 0.0003821595451977953 -0.1702121350978006
 -0.1015805540126492 -0.1183090296504918 -0.02897532993562729 -0.0818013340881816 0.02374960020575897 0.04280302027786482 0.0383596382963214 -0.01070472763735157 -0.09284826054900103 0.1189779014439369 0.04055125444628731 -0.07975189285691718 -0.0266091827170954 -0.1024411912849486 0.02893769326659962
 0.04488415150021879 0.03274230396318822 0.006976825556593079 0.09866847809380974 -0.02101337778355529 0.03580722687180435 0.05654371338490028 0.02533239269120904 0.0181800691667982 -0.06315179970904333 -0.02683188110184938 0.0695561811111485 -0.03840747124645116 -0.02157030098080725 0.058242049980826
 0.03249060258384291 0.3992300368092142 -0.02773598091134031 0.2883816807249686 0.03952282647408453 0.07333912261343953 0.2088940233577566 0.09056833677681032 0.04209494936979691 -0.2686831589360171 -0.3047998198564916 0.1959455921111481 -0.08478165776205009 0.003446664526162463 0.2346074803512506
 -0.2351872015869534 -0.1354306806270724 -0.0379789254408934 -0.1320776539182629 0.08250675954793596 0.08644411188293584 -0.03405760908352158 0.06072192431492719 -0.09595652497953554 0.09842617595930118 0.1056946890658086 -0.2818352424851175 -0.039026090329345 0.03579844962975738 -0.2087762704102342
 -0.008432130162257676 -0.04814090070955946 0.02172171212995318 0.06942074491890009 -0.04891182036796014 0.05851709007128075 0.180286040624966 -0.007701269718543308 0.04026347236631346 0.07557960894033713 -0.1702854477741925 0.1346751438367512 -0.02644671161589921 -0.2307614076060928 0.30881680536999
 -0.1960465612136382 0.1660276225411421 -0.101559093661728 0.1298457016307319 0.1262282567980473 0.210513027001288 0.3020465639639149 -0.00601148925170865 -0.128175104791957 -0.3083410425160976 -0.01973163877814148 0.004823271209301793 -0.09075888338946005 0.004924780007453073 0.3331015490007585
 -0.2172942174652645 -0.1561062436310738 0.0314827032644699 -0.2886960150820903 0.0258907298589966 -0.06948661068545678 -0.1209878610881453 0.1641479641041042 0.004866710711223616 0.2286447260653429 0.1294485552404524 -0.2285046729164387 0.08184250548251011 0.02759736632644481 -0.4354461798286594


# name: iter
# type: scalar
192


# name: c
# type: matrix
# rows: 1
# columns: 15
 0.598460918959736 0.523827540845774 0.4069253601904996 0.525452343865243 0.6443497629706588 0.3701204964227309 0.4110354271950784 0.7196176612420125 0.3303794215009458 0.4967917569319009 0.3776906745469074 0.1442642177139697 0.4481312779960795 0.6078654623042917 0.2062100650297936


# name: mean_corr
# type: matrix
# rows: 8
# columns: 1
 -0.06628016483613572
 -0.04106742272361234
 -0.03974952002489127
 -0.03068921128668783
 -0.02405124954157047
 0.01617085411360775
 0.02387250255202393
 0.4540748258477081


# name: mean_error
# type: matrix
# rows: 8
# columns: 1
 1.461385965541731
 1.461466446002277
 1.461111740143667
 1.45700704019451
 1.456862692720189
 1.431259505586354
 1.429708912704029
 1.251428164891341


# name: iter_improve
# type: matrix
# rows: 8
# columns: 1
 1
 4
 27
 58
 64
 72
 168
 192


# name: optim_start
# type: scalar
192


# name: optim_steps
# type: scalar
8


# name: VPVP_params
# type: scalar struct
# ndims: 2
 1 1
# length: 8
# name: lambda
# type: scalar
300000000


# name: downsample
# type: scalar
10


# name: MaxIter_X
# type: scalar
200


# name: MaxIter
# type: scalar
50


# name: optTol_X
# type: scalar
1e-06


# name: progTol_X
# type: scalar
1e-10


# name: optTol_aW
# type: scalar
0.0001


# name: progTol_aW
# type: scalar
1e-07




