# Created by Octave 3.8.1, Thu Nov 30 15:56:06 2017 ART <gabrevaya@ws13.labo1>
# name: y_start
# type: matrix
# rows: 15
# columns: 1
 0.08767255055451346
 0.06353618901536179
 0.1113316797634856
 0.01294627747970351
 -0.0933665493461073
 -0.1112751567899451
 -0.003736877244518237
 0.2221043115681389
 0.2817510449235549
 0.0787252107606157
 -0.06577633735661592
 0.1944718559296112
 0.0132002892357235
 0.08006684033585805
 0.04195729659315942


# name: alphas
# type: cell
# rows: 1
# columns: 3
# name: <cell-element>
# type: matrix
# rows: 15
# columns: 1
 0.8154549772023687
 0.1163086790899789
 0.7662153666980748
 2.196703099069304
 0.1382597543216961
 0.2433944454967751
 -0.1294488714814082
 1.451825806206971
 -0.7659669539429129
 0.5487941946115688
 1.842487670537746
 1.293588718728903
 -0.008823193287054672
 0.28791695907887
 -0.06628828642948488



# name: <cell-element>
# type: matrix
# rows: 15
# columns: 1
 1.563268057646776
 0.4446918960024274
 1.198537314542936
 1.11842917232639
 0.4203276076074471
 0.9308388598377434
 1.495720176127559
 0.9929720976684395
 1.519726223646204
 0.8720423512356814
 0.3714674210641482
 0.2659302268365187
 1.120968778268635
 0.7385911960711716
 0.2341955552486794



# name: <cell-element>
# type: matrix
# rows: 15
# columns: 1
 9.887725079610252
 12.35996371347855
 11.45620519224083
 11.59096903510198
 12.43705371166133
 12.92281770452397
 11.65672765733101
 11.1389478937528
 10.34667877809172
 11.3712685881239
 13.11082165069073
 10.96153559767153
 12.83314853005299
 10.63324604740426
 11.1679617005918





# name: W
# type: matrix
# rows: 15
# columns: 15
 0.03546109112861966 0.5473339427884044 -0.2015707171722586 -0.3280083991210508 -0.8156161185820456 0.2877905775484402 -0.2529352736167529 -0.8281568420681139 -0.1376760567220245 -0.6204568819646925 -0.4693104113761466 0.5160696938571451 -0.4701673507205937 0.3892904523883953 0.7374224916943364
 0.2559575036760382 0.6790795984788727 -0.04636911244863995 -0.7824404292206767 0.1956301703454535 -0.2565650261733867 -0.5362599924457966 0.3808687787025313 -0.3192701825718482 -0.1003266170083224 0.5095125747624571 -0.2534185869898285 0.4588331609053833 0.2439660168646457 0.05519200645164277
 -0.3273879179394175 0.1192147993859723 -0.01073573074905911 0.08370736726294296 0.4340804389782736 0.147168886548624 -0.1214992069806187 -0.3083759546264349 -0.03237196137886517 0.2536833649224989 -0.3914927505704425 -0.3505540613815581 0.04953882845926916 -0.5197883971769465 -0.08445319584320139
 -0.23996620333723 0.08802028516958049 -0.07192354069918756 -0.3911898347199125 0.2950712563966422 0.01838493412274604 0.6692956910114385 0.579200466026174 0.1585271167345866 0.2423770939255721 0.2029498904403967 -0.3145798120501813 1.036616378694396 -0.3885875121229898 -0.2163678682343394
 -0.5451604664599539 0.6239492207773304 -0.3810277257867812 0.0545600454374657 -0.1603261870906738 0.3069217583128138 0.598037733353381 0.3738110167016103 -0.06455411879666247 -0.4577830641133045 -0.2417901025426019 -0.243429031813038 0.09171363936278751 0.1823138938504108 -0.1870208778712937
 -0.07583662705026936 0.2123207634155057 -0.1631851210681208 -0.1221384690328691 -0.1225096476284159 -0.1153830891670656 0.04818638077934743 0.1192221651349819 0.007870627702535557 -0.111720051071296 -0.1379923666007635 -0.2217179082728745 -0.4572260185125981 0.009815149371468428 0.04045530339486247
 -0.2362284278485288 -0.3097976191571057 0.3883414824509006 -0.5387382472485766 0.1065552061858434 -0.3775373310467844 0.3900145522704289 -0.06575089591184546 -0.1954268046865774 0.1946863707993428 0.3962378153313845 -0.1081331693909019 0.3349005094623892 0.2920249830976613 -0.4914484810744564
 0.5102292210870708 -0.1537440954158063 -0.5137874018962302 0.5179947660852557 0.1682380602744803 -0.02506266834223469 -0.1378470564420598 0.229165372947036 -0.2380717423298626 0.7857700652357759 -0.1064532940433533 -0.06864537147769821 -0.07966685559766284 -0.1794997619445555 -0.5865610876393847
 0.1322381953000031 0.3463446473723186 -0.05133650736768454 -0.2176106843552001 0.04602076948964702 -0.1010955765063635 0.4584864131407425 -0.4057425685281494 0.01413477394297352 0.2607147005176009 -0.07853774141461205 0.4062264545924452 0.07923268131084539 0.1172178056063275 0.4938645064335842
 0.1712779791720845 0.04220357192300652 0.02249292094505332 0.3780251058621033 -0.2826544672681541 0.2482714642894781 0.1575873739451317 -0.2712321223348491 0.04176760336419436 -0.08668205938702034 0.1391635488183729 -0.1744238849497599 0.2928628646053171 0.2116289701895805 0.4489253083312563
 -0.4401527857897942 0.3205078396593877 0.02958568837145444 0.03219040165792432 -0.02538816511207836 0.2367361138124737 0.774342924397979 -0.2284538208871146 -0.0732824976656489 -0.3146743396473428 -0.4705994913236248 0.3424138593100077 -0.4372718921966444 0.2372363602506728 0.07588952547881411
 -0.1705006686289037 -0.05945277983175958 -0.1852524276950665 -0.08334480061799103 0.5199853081764972 0.08167719423350613 0.02784594472779215 -0.2773267904818198 -0.2136288780137854 0.00796938862514264 -0.1173660798404132 -0.4809943538270934 -0.07570350070669878 -0.1736471485469595 -0.3037356493981855
 0.3526495104729681 0.3021750869325671 0.02331932903933386 0.04744054502231623 0.01304360650624291 0.3712840855418408 0.3415439143580872 -0.1964240905868184 0.2915850033834076 0.4323630572526014 -0.07649633960467077 0.2398076559378703 -0.1738673312884608 -0.1109255447288561 0.8704058932858261
 -0.729297157043305 -0.1787922797029746 -0.3587676501972959 0.2487380484718112 -0.1010745975212414 0.3496495188547079 1.124225678029965 0.3325294065799063 -0.004317508418831119 -0.689596866307873 0.5783544186706073 0.07279202671229006 -0.353324278839765 -0.07200457836260428 0.1139071323858179
 0.1095977130636763 -0.04246636294833633 -0.1534298844763079 -0.5118615418943618 -0.1284793946533163 -0.3125428078355008 0.3990172744668996 0.6726762932674326 0.03617973210175487 0.5271588741016704 0.2525459693293791 -0.3489000381471475 0.407644012400159 -0.1121363087283143 -0.6274504314344065


# name: iter
# type: scalar
100000


# name: c
# type: matrix
# rows: 1
# columns: 15
 NaN NaN NaN NaN NaN NaN NaN NaN NaN NaN NaN NaN NaN NaN NaN


