# Created by Octave 3.8.1, Tue Nov 28 19:52:53 2017 ART <gabrevaya@ws13.labo1>
# name: y_start
# type: matrix
# rows: 15
# columns: 1
 1.406060342386512
 1.846457001166546
 0.8505495786089882
 0.6199971138473271
 -1.529136376653794
 -2.308777245965055
 -1.451461474402137
 0.1915778185920443
 1.369844200713959
 -0.01531884811988064
 -0.5925451381447225
 2.719640707427829
 0.5736385043849725
 0.5575861022319976
 -0.2205086545350551


# name: alphas
# type: cell
# rows: 1
# columns: 3
# name: <cell-element>
# type: matrix
# rows: 15
# columns: 1
 0.6846136158809784
 0.6016584759123702
 0.578
 0.6268379948745633
 0.578
 0.578
 0.578
 0.4072154107480223
 0.578
 0.582505238149998
 0.578
 0.578
 0.4454399664829077
 0.578
 0.578



# name: <cell-element>
# type: matrix
# rows: 15
# columns: 1
 1.037164282965923
 1.042861535393874
 1
 1.071463538857383
 1
 1
 1
 0.8841966895088219
 1
 0.8518237084085122
 1
 1
 1.065780138481878
 1
 1



# name: <cell-element>
# type: matrix
# rows: 15
# columns: 1
 11.488087903921
 11.408476431657
 11.38
 11.47260467930632
 11.38
 11.38
 11.38
 11.20157013061457
 11.38
 11.27280817382367
 11.38
 11.38
 11.36653544635477
 11.38
 11.38





# name: W
# type: matrix
# rows: 15
# columns: 15
 0 0 0 0 0 0 0 0 0 0 0 0 0 0 0
 0 0 0 0 0 0 0 0 0 0 0 0 0 0 0
 0 0 0 0 0 0 0 0 0 0 0 0 0 0 0
 0 0 0 0 0 0 0 0 0 0 0 0 0 0 0
 0 0 0 0 0 0 0 0 0 0 0 0 0 0 0
 0 0 0 0 0 0 0 0 0 0 0 0 0 0 0
 0 0 0 0 0 0 0 0 0 0 0 0 0 0 0
 0 0 0 0 0 0 0 0 0 0 0 0 0 0 0
 0 0 0 0 0 0 0 0 0 0 0 0 0 0 0
 0 0 0 0 0 0 0 0 0 0 0 0 0 0 0
 0 0 0 0 0 0 0 0 0 0 0 0 0 0 0
 0 0 0 0 0 0 0 0 0 0 0 0 0 0 0
 0 0 0 0 0 0 0 0 0 0 0 0 0 0 0
 0 0 0 0 0 0 0 0 0 0 0 0 0 0 0
 0 0 0 0 0 0 0 0 0 0 0 0 0 0 0


# name: iter
# type: scalar
192


# name: c
# type: matrix
# rows: 1
# columns: 15
 -0.2000020056038007 -0.2460733835200243 0.2940384532264259 0.09161140602101532 0.318993134991809 0.01961934194416712 0.02486200059220063 -0.5364937733546862 0.1007481404316332 0.2512885600939059 -0.07561469835462298 0.09526883073064026 -0.2773931337141456 0.08616366087537421 0.005715867546271895


# name: mean_corr
# type: matrix
# rows: 7
# columns: 1
 -0.06628016483613572
 -0.04106742272361234
 -0.03974952002489127
 -0.03068921128668783
 -0.02405124954157047
 0.01617085411360775
 0.02387250255202393


# name: mean_error
# type: matrix
# rows: 7
# columns: 1
 1.461385965541731
 1.461466446002277
 1.461111740143667
 1.45700704019451
 1.456862692720189
 1.431259505586354
 1.429708912704029


# name: iter_improve
# type: matrix
# rows: 7
# columns: 1
 1
 4
 27
 58
 64
 72
 168


# name: optim_start
# type: scalar
192


# name: optim_steps
# type: matrix
# rows: 0
# columns: 0


# name: VPVP_params
# type: scalar struct
# ndims: 2
 1 1
# length: 8
# name: lambda
# type: scalar
300000000


# name: downsample
# type: scalar
10


# name: MaxIter_X
# type: scalar
200


# name: MaxIter
# type: scalar
50


# name: optTol_X
# type: scalar
1e-06


# name: progTol_X
# type: scalar
1e-10


# name: optTol_aW
# type: scalar
0.0001


# name: progTol_aW
# type: scalar
1e-07




