# Created by Octave 3.8.1, Sat Jan 06 20:48:06 2018 ART <gabrevaya@ws6.labo2>
# name: y_start
# type: matrix
# rows: 10
# columns: 1
 -0.9878199043253529
 1.104977282214902
 -2.012680628315263
 -0.6417831124378121
 -0.5040702595452272
 -2.112710550641628
 0.4878228803592893
 -1.15340195751791
 -1.516376242610356
 -0.7839850433467053


# name: alphas
# type: cell
# rows: 1
# columns: 3
# name: <cell-element>
# type: matrix
# rows: 10
# columns: 1
 0.6130765190343307
 0.6463564219453395
 0.8925969909146924
 0.5020393949636713
 0.5320831707390938
 0.553639544891655
 0.2814893808504238
 0.7050126762193226
 0.7489910247492665
 0.8361781237303128



# name: <cell-element>
# type: matrix
# rows: 10
# columns: 1
 0.5780988289192314
 1.009270163565394
 1.093119101476628
 0.8815944385746599
 0.9300780512657344
 1.405754988873375
 0.7611089784478517
 0.5774873510480947
 0.8423455420681601
 0.8640460680023367



# name: <cell-element>
# type: matrix
# rows: 10
# columns: 1
 11.57716997805801
 11.79028943927343
 11.39131448250864
 11.31772806258224
 11.37988968024984
 11.41112098156519
 11.22972008330424
 11.09617397069759
 11.33590029925346
 11.30225169055143





# name: W
# type: matrix
# rows: 10
# columns: 10
 -0.05139259461275958 -0.06511318381788353 0.2498966016762657 -0.001814010054820091 -0.02446533224813104 -0.2030086278438689 0.0238134062880264 -0.4639776750372102 -0.0782131128170938 0.08193150253030061
 0.09972415777193096 -0.1780709673097757 -0.09120452934750216 0.01284514943051529 -0.01921993904431765 0.1356761199617531 0.1263651895223396 -0.03990541696777578 0.1181192907152735 -0.1031571546921763
 0.04098889882365268 0.07042141538857069 -0.3051433376750861 0.00422127418559133 0.05874016047068552 0.3687903979252099 0.1155829709505757 -0.03678411759715592 0.1241786245109307 -0.1088056389948016
 -0.2341503399620175 -0.01073894915233471 0.07507370954823515 0.03287652204914616 0.1586845408716677 0.1309506964554559 -0.1868943938901785 -0.05024706011743248 -0.1209837107207544 0.0007489253966777292
 -0.003577492271933075 -0.111879253829111 0.1309408010182844 0.0837202293931323 0.1607514676549687 -0.2801523935730318 0.0893506915632806 -0.2904321668459041 0.04334425842225975 -0.08872435371263694
 -0.0004064140395487846 0.05704808182851397 0.008832881216106281 -0.08139480449582173 0.01615657825468403 -0.1722225645046695 -0.02380875002312074 -0.1956702670933736 -0.0706064194510794 0.2213541456810373
 -0.009185586224565251 -0.02284030312531119 0.1206670209478548 -0.006249589110011088 0.01630006063076808 -0.04441220646680833 -0.03101615196185756 -0.02939248013541114 -0.01013058229174561 0.08990224754992532
 0.05746149756479659 -0.02654538706795951 0.1506497452736945 -0.01867993300039314 -0.02710758737868164 0.0886354844888356 -0.03749264095284038 -0.05374112355031063 0.00974950768533085 0.1888677131975482
 -0.1045654493965013 0.0005914974367269379 0.07600107995505757 -0.04022976750927719 0.08964883279279247 -0.1177634437463539 -0.1162411965512798 -0.2593993098269331 -0.1605763566102786 0.2387610844028845
 0.03451563317895674 -0.05966626687423621 -0.06816696548522801 0.1074701564366993 -0.006505177222215748 0.1316400054462593 0.1984451875905223 -0.163718395434735 0.116418086803338 -0.4497973648864053


# name: iter
# type: scalar
853


# name: c
# type: matrix
# rows: 1
# columns: 10
 0.5910207651409818 0.395750290542203 0.4012741941738941 0.5240324480701243 0.7590361208156259 0.2544891913826532 0.4725928548099556 0.5923533213371995 0.4195925552493149 0.1829975439160151


# name: mean_corr
# type: matrix
# rows: 21
# columns: 1
 -0.002197329497816015
 -0.001697620414142998
 0.0491103705080621
 0.03895266614952549
 0.05173780797769265
 0.05673280354676793
 0.0712518862877643
 0.1032471582512867
 0.1212713113755067
 0.1223814036767523
 0.1432636316953771
 0.1625540485097824
 0.1736598350442236
 0.1743090919247947
 0.1744215045396754
 0.2102531071911566
 0.2238107946660377
 0.237764028769738
 0.2377615032265842
 0.2384495044039618
 0.4593139285437967


# name: mean_error
# type: matrix
# rows: 21
# columns: 1
 1.436562197510102
 1.43576305708988
 1.406260828322899
 1.406442991838212
 1.396692812529161
 1.394155796893359
 1.367898857576321
 1.341789725858726
 1.331683473390691
 1.327609146075234
 1.328738687243206
 1.314816431820739
 1.304019986558615
 1.30516228905034
 1.30550016775287
 1.302171527879977
 1.295948105100531
 1.274229285933717
 1.272983455865957
 1.274066480450871
 1.191002954398531


# name: iter_improve
# type: matrix
# rows: 21
# columns: 1
 1
 7
 10
 31
 36
 44
 52
 53
 57
 58
 81
 99
 111
 141
 150
 159
 161
 171
 189
 672
 853


# name: optim_start
# type: scalar
853


# name: optim_steps
# type: scalar
21


# name: VPVP_params
# type: scalar struct
# ndims: 2
 1 1
# length: 8
# name: lambda
# type: scalar
300000000


# name: downsample
# type: scalar
10


# name: MaxIter_X
# type: scalar
200


# name: MaxIter
# type: scalar
50


# name: optTol_X
# type: scalar
1e-06


# name: progTol_X
# type: scalar
1e-10


# name: optTol_aW
# type: scalar
0.0001


# name: progTol_aW
# type: scalar
1e-07




