# Created by Octave 3.8.1, Sun Jan 07 19:33:38 2018 ART <gabrevaya@ws6.labo2>
# name: y_start
# type: matrix
# rows: 10
# columns: 1
 -0.6111188347939366
 -1.222113972379314
 -1.751443008131139
 -1.028325884102412
 -1.571158603018839
 -1.76643684017557
 -0.5456944388660196
 -0.5408578074942849
 -1.283526146017687
 0.1709454487187262


# name: alphas
# type: cell
# rows: 1
# columns: 3
# name: <cell-element>
# type: matrix
# rows: 10
# columns: 1
 1.051077662321378
 -0.9416249790893386
 0.6502576120789405
 0.6982470865770134
 0.1010145799010375
 1.145113820427074
 -0.203479888139314
 0.4846462135383665
 2.869841341454253
 -0.3212681901462727



# name: <cell-element>
# type: matrix
# rows: 10
# columns: 1
 0.5726141966253238
 0.9150671660763799
 0.9963636899813105
 0.6723379729605018
 1.004152179177811
 1.981392765790913
 0.1858106093494126
 0.6521540370479272
 0.4562446413669977
 0.2245987703360607



# name: <cell-element>
# type: matrix
# rows: 10
# columns: 1
 12.94168721368463
 10.7244088277443
 12.35174888601341
 9.963998094426481
 10.88084422950434
 9.93502080284301
 11.3607628398195
 11.19000997287729
 11.85794659370423
 9.059563436902151





# name: W
# type: matrix
# rows: 10
# columns: 10
 0.6212360292400575 -0.5457936047686535 1.982381395064813 -0.514242695641249 -0.2326996736587191 -0.1676467604453579 -0.108656172794115 -1.193811332892348 -0.1542317590231519 -0.3384098171327848
 -0.2448573892050895 -0.05412086391100054 -0.6070175827925125 0.1429657675557683 -0.2749571441244944 0.5221905143183568 0.2514541486582302 -0.3687505656116853 0.2952220688708926 -0.6288756429024156
 -0.6380162518224359 0.3989736452349891 -0.274980448000752 0.02302853938767119 0.9606392884612105 0.6737827166674486 0.09364049059147099 0.02657498767421063 -0.05356343071295122 -0.3391142649597785
 -1.294619888659081 -0.8584387822169681 0.5860111870495913 0.1404311274350169 1.28497805909559 0.9684225416818633 -0.4753502246673018 -0.4894816052822937 -0.779394929800473 -0.965006156491015
 0.4031622844286901 -0.04201217440179556 0.1756344069887622 0.08942325934960735 0.4187895471224163 -0.937666698862905 0.2195035326623997 -0.5406192811298174 0.4230597736511662 0.5924166702280329
 0.2356440095326783 -0.427001789800813 0.1326846543406175 -0.6753801720948831 0.01732848375276318 0.2647707600462298 0.3163426728180752 -1.127258968017689 -0.4188019535245779 1.258912015708516
 -0.1097113190551122 0.007252984971699483 0.999591955832741 -0.07734166401634004 0.6712371622578162 0.08736273893146339 -0.6499798267997903 -0.6236325250751639 0.1810057833466533 -0.02480771954986495
 0.2029420017081515 -0.45355037539933 0.6560287192709985 0.07472006597932157 0.2054237547331408 0.4819244558955065 -0.4681224074211196 -0.5064746049156112 0.01194666286695993 -0.8053270153758433
 -0.1948424525564257 -0.006314106553487108 0.3729166709080141 -0.01660640364269277 0.890335697969786 0.3622133999572381 -0.03731946778095163 -0.0615829988486304 -0.3854690701844932 -0.4001248542704524
 -0.5738532746932464 0.4307780598784826 -0.4235425935784554 0.1284936918480644 0.3631332393636175 1.24985198021902 0.3213900228840278 0.1403707366602484 0.0976982132857334 -0.5401695221204342


# name: iter
# type: scalar
200000


# name: c
# type: matrix
# rows: 1
# columns: 10
 0.7439220223939136 0.6346053630330799 0.6403132864739257 0.789232913836078 0.7171861695126828 0.7061749959639497 0.6737289522552917 0.6494933867269224 0.6587879375024065 0.8294928766736503


# name: mean_corr
# type: matrix
# rows: 963
# columns: 1
 -0.002197329497816015
 -0.001697620414142998
 0.0491103705080621
 0.03895266614952549
 0.05173780797769265
 0.05673280354676793
 0.0712518862877643
 0.1032471582512867
 0.1212713113755067
 0.1223814036767523
 0.1432636316953771
 0.1625540485097824
 0.1736598350442236
 0.1743090919247947
 0.1744215045396754
 0.2102531071911566
 0.2238107946660377
 0.237764028769738
 0.2377615032265842
 0.2384495044039618
 0.4593139285437967
 0.4540669292529851
 0.4537986949808137
 0.4549070202623428
 0.4503689648956157
 0.4428645880907786
 0.4353997346914494
 0.4286466472631879
 0.429057937582853
 0.4267867881399493
 0.4274429860311288
 0.4292304355452264
 0.3939805117639161
 0.3552288421549215
 0.3491083567916736
 0.3462251632088733
 0.3399501272633725
 0.3793956540941906
 0.3847806148367357
 0.3838005695663116
 0.3700028516977476
 0.3674502837609157
 0.4828691689357507
 0.4776703991064899
 0.477435035809249
 0.4571448202090235
 0.456909104457545
 0.4563229105936357
 0.4594430377215105
 0.4502639169349008
 0.4535668514850527
 0.4609152733574611
 0.4633246133251187
 0.4622702905636896
 0.4601200153825513
 0.4603077020925188
 0.4546002033600766
 0.4522035353167073
 0.4496790209381136
 0.4543733373879326
 0.4544750690558227
 0.4433006824695487
 0.4409327976962043
 0.4357870024639103
 0.4315598379190844
 0.4149397785412312
 0.4156352020826839
 0.4152140242871717
 0.4131916156351912
 0.4139836553850875
 0.4073132888590911
 0.4093983440010917
 0.4094611199917148
 0.4098612440992228
 0.4101975311394176
 0.4085385123955711
 0.410032820141723
 0.4134873176036929
 0.4124511132869073
 0.4127064744284261
 0.4115621813288154
 0.5005379591665552
 0.4330432244716889
 0.4338397049682802
 0.4407163475255119
 0.4448639880972588
 0.443472065104407
 0.4552701788272736
 0.4575865094984296
 0.4471838610426005
 0.4482210751288346
 0.4239297984049788
 0.4208047068688429
 0.4227815296784055
 0.4224300648188777
 0.4276657153773176
 0.4262170137146971
 0.4209359550134521
 0.4305516745251744
 0.420328286021444
 0.4145870773926609
 0.4034730679515962
 0.4103036257595405
 0.399404525421604
 0.396372956655849
 0.4076508075710557
 0.40873538796461
 0.3994953801456517
 0.3879425281323142
 0.3845941981444768
 0.3833675697328151
 0.3833043530338928
 0.3950831462379868
 0.4147969710068042
 0.4203042905279796
 0.4406964233696296
 0.4368680951766528
 0.4284682113820314
 0.4306093859929112
 0.4319320240772656
 0.41942284174539
 0.4260485529200458
 0.4274571654545755
 0.4290168921979985
 0.4204604183449606
 0.4211749928125097
 0.4231006105117481
 0.4108542584486395
 0.4031254144036306
 0.401754058100073
 0.4114049624151416
 0.4135575425260848
 0.4143219624117204
 0.4061779060924585
 0.4057513335265609
 0.408604933467729
 0.4076794488324201
 0.4071954448645727
 0.4084980974036735
 0.4049924051974498
 0.4019091042359939
 0.4021959712190825
 0.3976005916371028
 0.3980216321811878
 0.4054286165968535
 0.4049020158864975
 0.3958533471382929
 0.3971331506433238
 0.4008383563000898
 0.4028391716595935
 0.4030403111468172
 0.4031644539274996
 0.402300857564964
 0.3997022574986273
 0.3994872734354562
 0.401752726819293
 0.4021870157950087
 0.3941061328070659
 0.3961248191694827
 0.523862247061647
 0.5238663413467697
 0.5237033334641918
 0.5192505848112297
 0.5235848889565048
 0.5204892112334762
 0.5074455197117159
 0.5006264803660374
 0.5002586847066841
 0.5001662555532322
 0.504833921072892
 0.5025127817387052
 0.4929340430342374
 0.4928585903921004
 0.4930527692949053
 0.4942592396853424
 0.4927070508141148
 0.4927294476739192
 0.5053019125110353
 0.5108539195233173
 0.5123605468325552
 0.5141188584854089
 0.5145229378120141
 0.5009860133211734
 0.5001607746098606
 0.5095814797890007
 0.5097632723968764
 0.5071997896013137
 0.5015912076839446
 0.4882245976649123
 0.4886021570114301
 0.4897206231362136
 0.4887428292744175
 0.4871656342866605
 0.4884795062094406
 0.4862394738987253
 0.4886883025854184
 0.4999591159960836
 0.4975572963894277
 0.5026293773430568
 0.5028224835481725
 0.553874729806392
 0.5536335485546997
 0.5393426158556034
 0.5398776864272289
 0.5341389028734158
 0.5308779386513408
 0.5285994841477377
 0.5277895247717155
 0.5219200152514906
 0.5212445383323676
 0.5204675688253056
 0.5212382758519442
 0.5148066599146578
 0.5159799700109435
 0.5172168345459738
 0.5200912512844228
 0.5170873414532077
 0.5233601223657092
 0.5257178009658827
 0.5272429987805208
 0.5281045845195834
 0.5272453392762587
 0.5272419192029314
 0.5271709128996964
