# Created by Octave 3.8.1, Sun Jan 07 06:55:35 2018 ART <gabrevaya@ws6.labo2>
# name: y_start
# type: matrix
# rows: 10
# columns: 1
 -0.6635654699293897
 -0.03664481315089594
 -2.458550087987563
 -0.8649957258328757
 -1.551623399916252
 -1.967655751925828
 0.08822814329277967
 -0.9332855335481565
 -1.792813977461856
 0.2206224104173332


# name: alphas
# type: cell
# rows: 1
# columns: 3
# name: <cell-element>
# type: matrix
# rows: 10
# columns: 1
 0.3540184962816071
 0.7214922235414006
 0.6433425792895261
 0.8957122989752189
 0.3001902093399574
 1.082008146845193
 0.8436477141303954
 0.2812894508878394
 0.1816897846615809
 -0.2985370035164294



# name: <cell-element>
# type: matrix
# rows: 10
# columns: 1
 0.4887982076106736
 0.9956653221587303
 1.027027908460702
 0.5874510087537559
 1.084314361299902
 1.852671872216427
 0.585777795636326
 0.6288948318987607
 0.3898996135824073
 0.2234772026822363



# name: <cell-element>
# type: matrix
# rows: 10
# columns: 1
 12.95636141344336
 11.45996838899142
 11.89410013253385
 10.74618679892872
 10.60392867200303
 10.06530502458989
 11.41022350474807
 11.54745721776461
 11.88450340510529
 9.5666702139445





# name: W
# type: matrix
# rows: 10
# columns: 10
 0.6312680893911597 -0.4042505268238695 1.764320515102154 -0.3396321984558862 -0.1264502743634025 -0.4416879297065638 -0.05244282959370532 -1.02704597781126 0.03439302182264926 -0.03987148311620476
 -0.1962572281253531 -0.07017603093820651 -0.3165902672207844 0.06873342701991152 -0.2721284292590483 0.4444932477597194 0.4520133471487712 -0.4258343112523355 0.2363843321637061 -0.5496756213179457
 -0.4945947634602018 0.4539853336731056 -0.3404530707295776 0.08339055967080927 0.7926122007069882 0.6924312886917072 -0.06494549646528379 0.1619186013560062 0.07111001422659903 -0.0762932730870325
 -1.333544067529897 -0.5632339525884039 0.1990931279262134 0.121465744957812 1.117144900507898 0.9029320580561612 -0.3380626330909888 -0.4902534162292219 -0.7599067460861606 -0.8187669858731751
 0.3269938998191256 -0.2306530837782936 0.1173187700619958 0.1553543073989355 0.3371230482324546 -0.9138245309412095 0.2755270644043187 -0.6278143694142284 0.3256587977434824 0.494289328385099
 0.04267332113198998 -0.3738664228893487 0.05327918824828067 -0.6255487350597364 -0.07302218275917934 0.2037389394947244 0.2816644694716756 -0.7843365348034051 -0.6549126215437837 1.220107065145441
 -0.03704926274115112 -0.06017793014766826 0.9050014147826727 -0.1519029941010661 0.4292845788155702 0.04233833102561824 -0.5890407824548759 -0.6191477990683687 -0.1007498700630193 0.1968324743343867
 0.1500442774593513 -0.5335222210675942 0.3613606191922021 0.03210191370426251 0.05305176531453349 0.380314544419416 -0.360828827105698 -0.4744381327407801 0.01497795641747288 -0.8626651953333617
 -0.2963338011810626 -0.1365426591783086 0.3292872681134974 0.1723802408629598 1.00650062725565 0.2204959675249797 0.03439750400359832 -0.1499586983591317 -0.256174066407853 -0.2557678653369577
 -0.3750719048992836 0.3680767449120235 -0.6512986577575045 0.00118241530893246 0.2159261951128328 0.9105486373842254 0.4310840418657368 0.2052635435505525 0.06113154515558217 -0.5886426262585462


# name: iter
# type: scalar
100000


# name: c
# type: matrix
# rows: 1
# columns: 10
 0.8064073475353485 0.5830926114252278 0.5857058631269976 0.8151261405153828 0.723241280000351 0.7170876235354343 0.5904342409038595 0.6529137850563729 0.6694184005332231 0.7981442635463445


# name: mean_corr
# type: matrix
# rows: 621
# columns: 1
 -0.002197329497816015
 -0.001697620414142998
 0.0491103705080621
 0.03895266614952549
 0.05173780797769265
 0.05673280354676793
 0.0712518862877643
 0.1032471582512867
 0.1212713113755067
 0.1223814036767523
 0.1432636316953771
 0.1625540485097824
 0.1736598350442236
 0.1743090919247947
 0.1744215045396754
 0.2102531071911566
 0.2238107946660377
 0.237764028769738
 0.2377615032265842
 0.2384495044039618
 0.4593139285437967
 0.4540669292529851
 0.4537986949808137
 0.4549070202623428
 0.4503689648956157
 0.4428645880907786
 0.4353997346914494
 0.4286466472631879
 0.429057937582853
 0.4267867881399493
 0.4274429860311288
 0.4292304355452264
 0.3939805117639161
 0.3552288421549215
 0.3491083567916736
 0.3462251632088733
 0.3399501272633725
 0.3793956540941906
 0.3847806148367357
 0.3838005695663116
 0.3700028516977476
 0.3674502837609157
 0.4828691689357507
 0.4776703991064899
 0.477435035809249
 0.4571448202090235
 0.456909104457545
 0.4563229105936357
 0.4594430377215105
 0.4502639169349008
 0.4535668514850527
 0.4609152733574611
 0.4633246133251187
 0.4622702905636896
 0.4601200153825513
 0.4603077020925188
 0.4546002033600766
 0.4522035353167073
 0.4496790209381136
 0.4543733373879326
 0.4544750690558227
 0.4433006824695487
 0.4409327976962043
 0.4357870024639103
 0.4315598379190844
 0.4149397785412312
 0.4156352020826839
 0.4152140242871717
 0.4131916156351912
 0.4139836553850875
 0.4073132888590911
 0.4093983440010917
 0.4094611199917148
 0.4098612440992228
 0.4101975311394176
 0.4085385123955711
 0.410032820141723
 0.4134873176036929
 0.4124511132869073
 0.4127064744284261
 0.4115621813288154
 0.5005379591665552
 0.4330432244716889
 0.4338397049682802
 0.4407163475255119
 0.4448639880972588
 0.443472065104407
 0.4552701788272736
 0.4575865094984296
 0.4471838610426005
 0.4482210751288346
 0.4239297984049788
 0.4208047068688429
 0.4227815296784055
 0.4224300648188777
 0.4276657153773176
 0.4262170137146971
 0.4209359550134521
 0.4305516745251744
 0.420328286021444
 0.4145870773926609
 0.4034730679515962
 0.4103036257595405
 0.399404525421604
 0.396372956655849
 0.4076508075710557
 0.40873538796461
 0.3994953801456517
 0.3879425281323142
 0.3845941981444768
 0.3833675697328151
 0.3833043530338928
 0.3950831462379868
 0.4147969710068042
 0.4203042905279796
 0.4406964233696296
 0.4368680951766528
 0.4284682113820314
 0.4306093859929112
 0.4319320240772656
 0.41942284174539
 0.4260485529200458
 0.4274571654545755
 0.4290168921979985
 0.4204604183449606
 0.4211749928125097
 0.4231006105117481
 0.4108542584486395
 0.4031254144036306
 0.401754058100073
 0.4114049624151416
 0.4135575425260848
 0.4143219624117204
 0.4061779060924585
 0.4057513335265609
 0.408604933467729
 0.4076794488324201
 0.4071954448645727
 0.4084980974036735
 0.4049924051974498
 0.4019091042359939
 0.4021959712190825
 0.3976005916371028
 0.3980216321811878
 0.4054286165968535
 0.4049020158864975
 0.3958533471382929
 0.3971331506433238
 0.4008383563000898
 0.4028391716595935
 0.4030403111468172
 0.4031644539274996
 0.402300857564964
 0.3997022574986273
 0.3994872734354562
 0.401752726819293
 0.4021870157950087
 0.3941061328070659
 0.3961248191694827
 0.523862247061647
 0.5238663413467697
 0.5237033334641918
 0.5192505848112297
 0.5235848889565048
 0.5204892112334762
 0.5074455197117159
 0.5006264803660374
 0.5002586847066841
 0.5001662555532322
 0.504833921072892
 0.5025127817387052
 0.4929340430342374
 0.4928585903921004
 0.4930527692949053
 0.4942592396853424
 0.4927070508141148
 0.4927294476739192
 0.5053019125110353
 0.5108539195233173
 0.5123605468325552
 0.5141188584854089
 0.5145229378120141
 0.5009860133211734
 0.5001607746098606
 0.5095814797890007
 0.5097632723968764
 0.5071997896013137
 0.5015912076839446
 0.4882245976649123
 0.4886021570114301
 0.4897206231362136
 0.4887428292744175
 0.4871656342866605
 0.4884795062094406
 0.4862394738987253
 0.4886883025854184
 0.4999591159960836
 0.4975572963894277
 0.5026293773430568
 0.5028224835481725
 0.553874729806392
 0.5536335485546997
 0.5393426158556034
 0.5398776864272289
 0.5341389028734158
 0.5308779386513408
 0.5285994841477377
 0.5277895247717155
 0.5219200152514906
 0.5212445383323676
 0.5204675688253056
 0.5212382758519442
 0.5148066599146578
 0.5159799700109435
 0.5172168345459738
 0.5200912512844228
 0.5170873414532077
 0.5233601223657092
 0.5257178009658827
 0.5272429987805208
 0.5281045845195834
 0.5272453392762587
 0.5272419192029314
 0.5271709128996964
