# Created by Octave 3.8.1, Wed Nov 29 00:09:31 2017 ART <gabrevaya@ws17.labo5>
# name: y_start
# type: matrix
# rows: 15
# columns: 1
 -1.83394635722904
 -1.631855452534041
 -0.735818894799513
 -0.7212985269726976
 -1.354726625514209
 -0.4283198454748648
 0.09627096929554671
 -0.08870763127936877
 -0.1892132890231464
 2.055278093562966
 -1.108371164206835
 1.124981877477308
 -0.2834394444602907
 -1.012923289104445
 -0.8150644996856788


# name: alphas
# type: cell
# rows: 1
# columns: 3
# name: <cell-element>
# type: matrix
# rows: 15
# columns: 1
 0.5738564361819416
 0.7062162796762462
 0.7322649583594714
 0.5161692590733312
 0.5882589693889342
 0.4931360612924696
 0.4284475962368496
 0.7491641414799936
 0.4050132922107607
 0.3548025480741214
 0.5059631873144799
 0.4086078618282977
 0.4042523431374411
 0.5217753480309903
 0.5732856003947902



# name: <cell-element>
# type: matrix
# rows: 15
# columns: 1
 0.8188345632562386
 0.8377925575651207
 0.9579435004363828
 1.173293269246255
 0.9389689928664536
 0.8361211628259485
 1.113057740008144
 1.072780238853025
 1.523574924803197
 1.189439846123181
 0.8500362624692351
 1.512592332996125
 0.852322719005583
 0.7636509770021366
 0.946361472146118



# name: <cell-element>
# type: matrix
# rows: 15
# columns: 1
 11.30036960608933
 11.3927128647366
 11.47360089426256
 11.35457427347665
 11.27189622918837
 11.17634368710132
 11.43149537013429
 11.48925406853515
 11.46050356138951
 11.14722535798165
 11.39817167137627
 11.45213498010096
 11.33219803479171
 11.36256678629684
 11.27071804069049





# name: W
# type: matrix
# rows: 15
# columns: 15
 -0.08259724806748671 -0.01542876944041113 -0.005998623086895006 0.1249424120833722 -0.05995519210203643 0.04363822597995491 0.02356644708760675 -0.04643585993569571 -0.05240467982365467 -0.03795706199736552 -0.08542364008334222 0.05533995882928731 -0.08589104667946518 -0.02335226887332905 0.08885687442545957
 -0.1497741557461156 -0.1984461691718118 -0.1257779821737861 -0.2781283741753229 0.06492444125877482 -0.09670280598999803 -0.1043080148640325 0.1354606008532999 -0.02578482105121301 0.3036635079202004 0.1718518858247054 -0.2590023813944095 0.1086562953171844 0.03871234677742386 -0.3404468981259738
 -0.03694948248971907 -0.07830475850354868 -0.05427170039963371 -0.1504452557442628 -0.06101109419936673 -0.02062321682923168 -0.02901826256871925 -0.01562814741895013 0.0188018698447796 0.105143098944835 -0.01476893862589406 -0.03536677516698243 0.03011840309791535 -0.05222742514323113 -0.02806891366405696
 -0.009268179102671649 -0.03021616844916583 -0.004409902083371849 -0.2540996593885449 0.01121442304055928 -0.06809051889546515 -0.0198313433256971 0.02686984169896747 0.1759003138978261 0.1032230540869738 0.0720575315879747 0.08682882306558291 0.124072382697584 -0.04109663325743172 -0.1170611775108118
 -0.221529482270382 0.09493228186731029 -0.05655392911132356 0.01203860982508909 -0.04729327511110025 0.0413053785225222 0.1085192653011798 0.05906355696853809 0.08481983116376157 0.05638782163031564 -0.05191869129847665 0.1130517063640442 -0.06217766020754968 -0.01974527857428872 0.01200894379509468
 0.06568621959887662 -0.03734485202342006 -0.005327184385261099 -0.1269600979591173 0.0147490185614322 -0.09763037385434944 -0.1193220008915644 -0.06680421588462855 -0.0006889424200588974 -0.04464106967615262 0.1328105764770456 -0.06196211275806446 0.05887864990601174 0.06746952101122453 -0.1823919988852114
 0.06172563082997708 -0.1164021348812759 -0.02751526997491739 -0.2550656628576974 0.04771784221970939 -0.08839427400499805 -0.1506376051796079 0.005617807010093941 -0.001757940743667493 0.1034692410130812 0.1654672387320919 -0.1713557930145808 0.1324178091427519 0.02771929830333561 -0.2374608403920575
 -0.01220074635921028 -0.009442244492116086 -0.02965856644603724 0.1462048164334517 0.0406426716423293 -0.04836360264751317 0.08619813324836181 0.1035604430392918 -0.05550501576137309 0.1227150048500063 -0.01410188463037871 -0.04343188785315902 0.08352534644294729 -0.07183212870786432 -0.02521073671932083
 0.02239242608893395 -0.01535615736700754 0.02504931692745213 -0.0199267532997874 -0.04652964617919526 0.009690526842706279 0.01796195118587923 -0.02760479410420615 0.04650686156043809 -0.01646269201787205 -0.04437998190533187 0.09702577395337671 -0.01005747271929319 -0.03450278182950227 0.06834705247662728
 0.1969435796478627 0.01332458929637876 0.09184632608182575 0.1117360664763043 -0.01485015312632449 0.008218257994774767 0.02740159194631766 -0.07291228753602012 0.02628367115138821 -0.1780061342357289 -0.04436707346930876 0.1537647077028687 0.02939381984313552 -0.02209602324874932 0.178880321042121
 -0.2808273938990362 0.1203528675504471 -0.01326877174978185 0.1222216686236677 -0.07768018247396898 0.1487126622219523 0.1811336148004687 0.07889905819369325 -0.01576313488578721 0.06329473483428698 -0.2600958529454409 0.05463407120051206 -0.2020142487815057 -0.05994822264580781 0.2430991673637936
 -0.01706087530172673 -0.07147558288484046 -0.02247125756641282 -0.1199915763400482 -0.0184323259280488 -0.02067150027924931 -0.05636854348550003 0.03350869840597624 -0.1064199330062071 0.1457599039919953 0.0313863530122982 -0.2979409561553175 0.007003344310251136 -0.003593776999688466 -0.08516691728294311
 -0.01808860424927104 0.04415767956741957 -0.005070775422202092 0.1196225724182928 -0.007311975427087714 0.04493501240633398 0.1270273047206276 0.09443920092337948 -0.01041331505694699 0.05651151642744608 -0.1023336216878334 0.03095890424907574 -0.01912147780788699 -0.06600579807931974 0.1528027568586731
 -0.3413065376911861 0.1355664215867443 -0.06597517680795568 -0.02604326054530553 -0.01210379190743347 0.0948851329547091 0.1259142663348822 0.07727980640705238 0.1026806012532575 0.05710297241832799 -0.07410188733459665 0.1035418951011582 -0.1426797533064682 -0.0003293942815008506 0.06961362594232676
 -0.003658136422358066 -0.048547518906605 -0.01762055858585603 -0.199080537896366 0.03309286468276289 -0.100403819923461 -0.1688594728664505 -0.09674005350777072 0.06439485022517245 -0.05152336047598842 0.1689987621073954 -0.008363059419427868 0.1007351389648091 0.06520227341635415 -0.3438636027979979


# name: iter
# type: scalar
564


# name: c
# type: matrix
# rows: 1
# columns: 15
 0.3079199190211547 0.4973980935282959 0.4931530098813394 0.3555484519917621 0.5134488264170505 0.3211105532547144 0.2524311183346548 0.7049117222912262 0.4032783775920574 0.1573193875813838 0.2673267534347861 0.1271207301188852 0.4145263064505927 0.5668391089500208 0.145048018406806


# name: mean_corr
# type: matrix
# rows: 20
# columns: 1
 -0.03762631991096821
 -0.01714922240744852
 -0.01327928537103021
 0.004698244692674731
 0.01726285841701321
 0.06865441819872781
 0.08723158018820049
 0.09010564741984667
 0.08958639258843971
 0.09008201600713069
 0.1099948153096988
 0.1131164394323023
 0.1183002280351488
 0.1197902264596712
 0.1257567635945702
 0.1289969461720669
 0.1349073772311747
 0.1350333712469218
 0.1348815122576541
 0.3684920251503153


# name: mean_error
# type: matrix
# rows: 20
# columns: 1
 1.473596035334291
 1.45789055044761
 1.456267263276109
 1.448445046365276
 1.440376869446116
 1.392112593618932
 1.382888004428136
 1.380004753091702
 1.374557959868828
 1.379160270132456
 1.370525507105428
 1.368126299850924
 1.363960667270808
 1.360379928576589
 1.356895763855581
 1.347870442329056
 1.342097635910937
 1.343128746472677
 1.340417654932653
 1.287586717710833


# name: iter_improve
# type: matrix
# rows: 20
# columns: 1
 1
 23
 52
 90
 105
 124
 157
 184
 190
 194
 201
 211
 216
 220
 235
 236
 266
 488
 500
 564


# name: optim_start
# type: scalar
564


# name: optim_steps
# type: scalar
20


# name: VPVP_params
# type: scalar struct
# ndims: 2
 1 1
# length: 8
# name: lambda
# type: scalar
300000000


# name: downsample
# type: scalar
10


# name: MaxIter_X
# type: scalar
200


# name: MaxIter
# type: scalar
50


# name: optTol_X
# type: scalar
1e-06


