# Created by Octave 4.2.1, Tue Nov 28 20:14:51 2017 ART <gabrevaya@ws16.labo4>
# name: y_start
# type: matrix
# rows: 15
# columns: 1
 -0.4607472411558137
 -0.04983969363424059
 -0.03717563400737853
 1.448548072217616
 -0.03811768875560217
 0.9020708921104554
 -0.1847882650533882
 -1.081836096006666
 -0.4247286909030706
 -0.1164468968614703
 0.6966904700643799
 -0.6605018130923126
 -0.558986180309498
 0.6346433643977519
 0.6218452100582934


# name: alphas
# type: cell
# rows: 1
# columns: 3
# name: <cell-element>
# type: matrix
# rows: 15
# columns: 1
 0.9236041263882309
 0.715181897617768
 0.2309981548659919
 0.5029185404846822
 0.5539207025559574
 0.8696832162401134
 1.39250174559079
 0.5721477239471215
 0.3195628135992217
 0.4855019103481139
 0.5089451806164412
 0.4630854041845108
 0.307767999182909
 1.175957442908878
 0.4205703814880423



# name: <cell-element>
# type: matrix
# rows: 15
# columns: 1
 1.380875934607711
 0.8044511281945514
 1.334524701231744
 1.054097110297691
 0.9205153984236919
 1.203755399693534
 1.432562539710775
 0.9918069558709285
 1.238936452223415
 1.212186311454208
 0.9027402616024032
 0.9064876972794933
 0.8891288089303353
 0.9726682637516987
 0.9216912117162406



# name: <cell-element>
# type: matrix
# rows: 15
# columns: 1
 11.4100580767861
 11.43043142113434
 11.36111631811423
 11.68163234789551
 11.53904367789855
 11.42558429713415
 11.12764227489353
 11.34179634190489
 11.61561901397931
 11.52773153966919
 11.42438381924858
 11.37016319336733
 11.50003577426145
 11.35792720500314
 11.16265489685222





# name: W
# type: matrix
# rows: 15
# columns: 15
 0 0 0 0 0 0 0 0 0 0 0 0 0 0 0
 0 0 0 0 0 0 0 0 0 0 0 0 0 0 0
 0 0 0 0 0 0 0 0 0 0 0 0 0 0 0
 0 0 0 0 0 0 0 0 0 0 0 0 0 0 0
 0 0 0 0 0 0 0 0 0 0 0 0 0 0 0
 0 0 0 0 0 0 0 0 0 0 0 0 0 0 0
 0 0 0 0 0 0 0 0 0 0 0 0 0 0 0
 0 0 0 0 0 0 0 0 0 0 0 0 0 0 0
 0 0 0 0 0 0 0 0 0 0 0 0 0 0 0
 0 0 0 0 0 0 0 0 0 0 0 0 0 0 0
 0 0 0 0 0 0 0 0 0 0 0 0 0 0 0
 0 0 0 0 0 0 0 0 0 0 0 0 0 0 0
 0 0 0 0 0 0 0 0 0 0 0 0 0 0 0
 0 0 0 0 0 0 0 0 0 0 0 0 0 0 0
 0 0 0 0 0 0 0 0 0 0 0 0 0 0 0


# name: iter
# type: scalar
743


# name: c
# type: matrix
# rows: 1
# columns: 15
 -0.2855861083394275 -0.02424690468385087 0.3339908546288464 0.05203406681211313 0.3303739784716211 0.1925388469549252 0.01944219095536397 0.5053329060883259 -0.045891836815815 0.002113818864224117 -0.06513469671945329 0.02687498224808413 -0.01178893212941069 0.1406340129825739 0.1082318932881426


# name: mean_corr
# type: matrix
# rows: 74
# columns: 1
 -0.06699759741696701
 -0.06402149506615774
 -0.06680756633980382
 -0.06330529706541786
 -0.06317841675126173
 -0.06072658420034072
 -0.1033351655402189
 -0.1162215619156286
 -0.1184622511983628
 -0.09641229093308665
 -0.1095158646976311
 -0.136453592630277
 -0.1312545058202852
 -0.1182912023335062
 -0.1151997346649656
 -0.1108914832193133
 -0.08940848867879113
 -0.08778791937879654
 -0.08825257527778839
 -0.08074010013166531
 -0.05832125387771123
 -0.03876674964468109
 -0.0517077541195313
 -0.06960207692516759
 -0.06279682817744948
 -0.06223379361120656
 -0.06154563848424423
 -0.07243528169509435
 -0.09261905455425407
 -0.06507713958149455
 -0.04922552712012471
 -0.05524590230360556
 -0.03693324501850406
 -0.02560069909640422
 -0.02143335823008632
 -0.03515095846860138
 -0.0309499339764801
 -0.05042003600955026
 -0.04058303868270439
 -0.04119108959386692
 -0.0224761504678499
 -0.004542138821155629
 0.002532955156198155
 0.00222348336150138
 0.02054689716927177
 0.01390029420478837
 0.003372471052282326
 0.03439706583622704
 0.03470367515136138
 0.03229498020779078
 0.03256012794049858
 0.05141274303407421
 0.06348566522363704
 0.07228791078782697
 0.07435681360313381
 0.08002566812514354
 0.08266163334908873
 0.1091718856356207
 0.1110687577217291
 0.08964439477855117
 0.09223939695730686
 0.09326310885187153
 0.08728572414961203
 0.09935366805469691
 0.0981614577749495
 0.1013856831903928
 0.09383286612441404
 0.09033052120853192
 0.09194617183899971
 0.1010381352287864
 0.119878044829134
 0.123321644496184
 0.1225792860063189
 0.11987235635682


# name: mean_error
# type: matrix
# rows: 74
# columns: 1
 1.470858597305818
 1.469915834614894
 1.457677268331686
 1.456145618174008
 1.455948621799443
 1.454316627375496
 1.479677746686607
 1.487673272854509
 1.488549325872256
 1.472195057309137
 1.484225555280734
 1.494301486109577
 1.50024420223017
 1.497421425219587
 1.496761873723765
 1.495430918934112
 1.480825792383284
 1.479771268859714
 1.477729172506699
 1.476819664726817
 1.461909013719363
 1.439656701138694
 1.442306795395772
 1.44583413523374
 1.442175109101228
 1.442479300414933
 1.435910794316623
 1.43768851111452
 1.445022951506052
 1.426035785731006
 1.42179199702644
 1.42317644913653
 1.411589353152156
 1.407388860313773
 1.406177056987557
 1.417755726910812
 1.413602630604382
 1.427219101853898
 1.426221919663994
 1.42698172354414
 1.420391707183865
 1.413567826440658
 1.409028551375373
 1.412328739019484
 1.405575736893129
 1.401919216642786
 1.418107032837809
 1.404849286683231
 1.412861364548687
 1.413238104706326
 1.403754368062406
 1.392733680959831
 1.386314064831977
 1.38426242623515
 1.384767254458629
 1.379525374316408
 1.378004826658534
 1.364179607937126
 1.36020158513028
 1.368659953302686
 1.36909889947489
 1.371685986245277
 1.375312693597166
 1.366952671349363
 1.364365086838215
 1.361716308227392
 1.361518517848855
 1.360739187158746
 1.360943703735804
 1.347146451740844
 1.34403815570268
 1.341877035919977
 1.344833166724805
 1.344172896970626


# name: iter_improve
# type: matrix
# rows: 74
# columns: 1
 1
 6
 8
 14
 16
 21
 31
 37
 44
 46
 48
 51
 55
 56
 66
 80
 81
 84
 86
 87
 88
 89
 109
 113
 121
 123
 127
 139
 162
 163
 203
 204
 206
 208
 221
 222
 238
 244
 268
 272
 288
 291
 302
 306
 342
 343
 346
 348
 364
 373
 393
 395
 398
 405
 407
 415
 438
 443
 452
 455
 456
 458
 466
 474
 480
 481
 485
 487
 490
 499
 504
 542
 547
 549


# name: optim_start
# type: scalar
743


# name: optim_steps
# type: matrix
# rows: 0
# columns: 0


# name: VPVP_params
# type: scalar struct
# ndims: 2
 1 1
# length: 8
# name: lambda
# type: scalar
300000000


# name: downsample
# type: scalar
10


# name: MaxIter_X
# type: scalar
200


# name: MaxIter
# type: scalar
50


# name: optTol_X
# type: scalar
1e-06


# name: progTol_X
# type: scalar
1e-10


# name: optTol_aW
# type: scalar
0.0001


# name: progTol_aW
# type: scalar
1e-07




