# Created by Octave 3.8.1, Wed Nov 29 00:06:27 2017 ART <gabrevaya@ws17.labo5>
# name: y_start
# type: matrix
# rows: 15
# columns: 1
 -1.83394637699872
 -1.631855454402957
 -0.7358188924516943
 -0.7212985310953575
 -1.354726628738732
 -0.4283198465743669
 0.09627097479452643
 -0.08870764629921538
 -0.1892132988705459
 2.055278106175474
 -1.108371157446507
 1.1249818795458
 -0.2834394491963748
 -1.012923252560004
 -0.8150645058970497


# name: alphas
# type: cell
# rows: 1
# columns: 3
# name: <cell-element>
# type: matrix
# rows: 15
# columns: 1
 0.6252160559265105
 0.8206884496910996
 0.7752555266076989
 0.6139478321889316
 0.6473227771901087
 0.5603768911114214
 0.485757638020582
 0.7125112700471402
 0.3562259707843517
 0.4411552682643164
 0.6022364238554083
 0.5447962491870824
 0.4204001430075854
 0.5336841320038197
 0.5878185947719033



# name: <cell-element>
# type: matrix
# rows: 15
# columns: 1
 0.7944724122719484
 1.111725925376293
 0.9272684133692577
 1.116077255336027
 1.058372167851588
 0.7687968076480389
 1.033112549586555
 1.052969984989834
 1.369517067964352
 1.239865945070775
 0.9448179979937018
 1.441687907881545
 0.835610454722743
 1.121675262271172
 0.9754276850359244



# name: <cell-element>
# type: matrix
# rows: 15
# columns: 1
 11.29321068703739
 11.41499742527622
 11.47217884439969
 11.34885532076688
 11.28558740326751
 11.17121942853305
 11.42367218806607
 11.48781256816013
 11.4402648332053
 11.14220178343638
 11.40936512211281
 11.44155575117044
 11.33214910052336
 11.39718236848644
 11.27327268004474





# name: W
# type: matrix
# rows: 15
# columns: 15
 0 0 0 0 0 0 0 0 0 0 0 0 0 0 0
 0 0 0 0 0 0 0 0 0 0 0 0 0 0 0
 0 0 0 0 0 0 0 0 0 0 0 0 0 0 0
 0 0 0 0 0 0 0 0 0 0 0 0 0 0 0
 0 0 0 0 0 0 0 0 0 0 0 0 0 0 0
 0 0 0 0 0 0 0 0 0 0 0 0 0 0 0
 0 0 0 0 0 0 0 0 0 0 0 0 0 0 0
 0 0 0 0 0 0 0 0 0 0 0 0 0 0 0
 0 0 0 0 0 0 0 0 0 0 0 0 0 0 0
 0 0 0 0 0 0 0 0 0 0 0 0 0 0 0
 0 0 0 0 0 0 0 0 0 0 0 0 0 0 0
 0 0 0 0 0 0 0 0 0 0 0 0 0 0 0
 0 0 0 0 0 0 0 0 0 0 0 0 0 0 0
 0 0 0 0 0 0 0 0 0 0 0 0 0 0 0
 0 0 0 0 0 0 0 0 0 0 0 0 0 0 0


# name: iter
# type: scalar
564


# name: c
# type: matrix
# rows: 1
# columns: 15
 0.2476417576405298 -0.01337292921451633 0.2100175916708759 0.2150191819084679 0.1378117241013776 0.06620225811838318 0.001686198666232633 0.6115464571428431 0.1855167659791766 0.01818032208093821 0.007688738277382332 0.05262747877343919 0.2465031541472977 0.04579222815509601 0.06494902851831472


# name: mean_corr
# type: matrix
# rows: 19
# columns: 1
 -0.03762631991096821
 -0.01714922240744852
 -0.01327928537103021
 0.004698244692674731
 0.01726285841701321
 0.06865441819872781
 0.08723158018820049
 0.09010564741984667
 0.08958639258843971
 0.09008201600713069
 0.1099948153096988
 0.1131164394323023
 0.1183002280351488
 0.1197902264596712
 0.1257567635945702
 0.1289969461720669
 0.1349073772311747
 0.1350333712469218
 0.1348815122576541


# name: mean_error
# type: matrix
# rows: 19
# columns: 1
 1.473596035334291
 1.45789055044761
 1.456267263276109
 1.448445046365276
 1.440376869446116
 1.392112593618932
 1.382888004428136
 1.380004753091702
 1.374557959868828
 1.379160270132456
 1.370525507105428
 1.368126299850924
 1.363960667270808
 1.360379928576589
 1.356895763855581
 1.347870442329056
 1.342097635910937
 1.343128746472677
 1.340417654932653


# name: iter_improve
# type: matrix
# rows: 19
# columns: 1
 1
 23
 52
 90
 105
 124
 157
 184
 190
 194
 201
 211
 216
 220
 235
 236
 266
 488
 500


# name: optim_start
# type: scalar
564


# name: optim_steps
# type: matrix
# rows: 0
# columns: 0


# name: VPVP_params
# type: scalar struct
# ndims: 2
 1 1
# length: 8
# name: lambda
# type: scalar
300000000


# name: downsample
# type: scalar
10


# name: MaxIter_X
# type: scalar
200


# name: MaxIter
# type: scalar
50


# name: optTol_X
# type: scalar
1e-06


# name: progTol_X
# type: scalar
1e-10


# name: optTol_aW
# type: scalar
0.0001


# name: progTol_aW
# type: scalar
1e-07




