# Created by Octave 4.2.1, Tue Nov 28 19:50:28 2017 ART <gabrevaya@ws1.labo4>
# name: y_start
# type: matrix
# rows: 15
# columns: 1
 0.6627901109380848
 -1.68109224665247
 -0.5143813431850049
 -0.7925806902587081
 -0.6150959608929764
 0.7303745576053781
 -1.406153243656131
 1.378546819821828
 -0.8537206479644514
 -0.05249283839652465
 -0.9116102467500843
 0.6995876899443112
 -0.7537554870897243
 -0.7378474268607544
 0.1374657553329576


# name: alphas
# type: cell
# rows: 1
# columns: 3
# name: <cell-element>
# type: matrix
# rows: 15
# columns: 1
 0.7236773279529514
 0.7794894496395197
 0.578
 0.578
 0.5315119702557333
 0.7367201840548797
 0.578
 0.3630915744227532
 0.578
 0.578
 0.578
 0.6964958539738286
 0.578
 0.578
 0.578



# name: <cell-element>
# type: matrix
# rows: 15
# columns: 1
 1.291584331329153
 1.238061853532731
 1
 1
 1.099109083747607
 0.8207203072394602
 1
 1.075869335797216
 1
 1
 1
 0.9779841933837187
 1
 1
 1



# name: <cell-element>
# type: matrix
# rows: 15
# columns: 1
 11.34875612090515
 11.47285524366493
 11.38
 11.38
 11.37432153594251
 11.32309431380565
 11.38
 11.21585505279364
 11.38
 11.38
 11.38
 11.27737324870023
 11.38
 11.38
 11.38





# name: W
# type: matrix
# rows: 15
# columns: 15
 0 0 0 0 0 0 0 0 0 0 0 0 0 0 0
 0 0 0 0 0 0 0 0 0 0 0 0 0 0 0
 0 0 0 0 0 0 0 0 0 0 0 0 0 0 0
 0 0 0 0 0 0 0 0 0 0 0 0 0 0 0
 0 0 0 0 0 0 0 0 0 0 0 0 0 0 0
 0 0 0 0 0 0 0 0 0 0 0 0 0 0 0
 0 0 0 0 0 0 0 0 0 0 0 0 0 0 0
 0 0 0 0 0 0 0 0 0 0 0 0 0 0 0
 0 0 0 0 0 0 0 0 0 0 0 0 0 0 0
 0 0 0 0 0 0 0 0 0 0 0 0 0 0 0
 0 0 0 0 0 0 0 0 0 0 0 0 0 0 0
 0 0 0 0 0 0 0 0 0 0 0 0 0 0 0
 0 0 0 0 0 0 0 0 0 0 0 0 0 0 0
 0 0 0 0 0 0 0 0 0 0 0 0 0 0 0
 0 0 0 0 0 0 0 0 0 0 0 0 0 0 0


# name: iter
# type: scalar
12


# name: c
# type: matrix
# rows: 1
# columns: 15
 0.2563110013720259 -0.1854175666825733 -0.1171789645705399 -0.02847821313463344 -0.2252780510514548 0.0620199570414503 0.02806884731409901 -0.1313319091895052 0.1224126974731191 -0.361641580252797 -0.05931042661640246 0.07853865264709153 -0.3881873460299837 0.02357034515127157 0.009541385017574731


# name: mean_corr
# type: matrix
# rows: 7
# columns: 1
 -0.108138196687872
 -0.1356964625541889
 -0.1369792545255814
 -0.09045633353078254
 -0.06732171469350955
 -0.04684327858645419
 -0.04816346737366171


# name: mean_error
# type: matrix
# rows: 7
# columns: 1
 1.468651514502519
 1.475678324656122
 1.477709609656867
 1.450127688920691
 1.441102135232218
 1.437259751617521
 1.422840541027387


# name: iter_improve
# type: matrix
# rows: 7
# columns: 1
 1
 2
 3
 5
 7
 8
 11


# name: optim_start
# type: scalar
12


# name: optim_steps
# type: matrix
# rows: 0
# columns: 0


# name: VPVP_params
# type: scalar struct
# ndims: 2
 1 1
# length: 8
# name: lambda
# type: scalar
300000000


# name: downsample
# type: scalar
10


# name: MaxIter_X
# type: scalar
200


# name: MaxIter
# type: scalar
50


# name: optTol_X
# type: scalar
1e-06


# name: progTol_X
# type: scalar
1e-10


# name: optTol_aW
# type: scalar
0.0001


# name: progTol_aW
# type: scalar
1e-07




