# Created by Octave 4.2.1, Tue Nov 28 19:59:24 2017 ART <gabrevaya@ws1.labo4>
# name: y_start
# type: matrix
# rows: 15
# columns: 1
 0.6627901186762873
 -1.681092246390822
 -0.5143813493494104
 -0.7925806840205943
 -0.615095956826027
 0.7303745628216878
 -1.406153245992854
 1.378546813407363
 -0.8537206542841032
 -0.05249285033588404
 -0.9116102565779297
 0.6995876855202579
 -0.7537554918243423
 -0.737847430697243
 0.1374657531408679


# name: alphas
# type: cell
# rows: 1
# columns: 3
# name: <cell-element>
# type: matrix
# rows: 15
# columns: 1
 0.6241182349265701
 0.6862603947401524
 0.4292562285460071
 0.4635283701544983
 0.4693321714781427
 0.5677835428354708
 0.5283721961327782
 0.1873966161836718
 0.4514684005805114
 0.4784862614240788
 0.5332102771587012
 0.5253011419661067
 0.5134351950735379
 0.5897233808726817
 0.5034324589869026



# name: <cell-element>
# type: matrix
# rows: 15
# columns: 1
 1.451182660509365
 1.106752025112751
 0.6067866710534486
 1.974664454330267
 0.6388559408656015
 0.7886744016897603
 1.559423684450136
 1.856063124052679
 0.5440486230151012
 0.7297151812199549
 0.5600640931737477
 1.102763844900254
 0.7117198777312791
 0.6432801486220907
 0.1813962962028855



# name: <cell-element>
# type: matrix
# rows: 15
# columns: 1
 11.36009765402172
 11.45762064306596
 11.33828915097372
 11.47900830996414
 11.3091476791383
 11.3216607237601
 11.43582885714315
 11.29276118804096
 11.34585328561429
 11.35855872510726
 11.33405367607616
 11.2885486090059
 11.35128781889593
 11.35122603357782
 11.31495343009779





# name: W
# type: matrix
# rows: 15
# columns: 15
 -0.1821655518945184 -0.1309776329210594 0.05315220246338991 0.1106937045895729 -0.0799800847439551 0.0366714791217075 0.1163833386174957 0.2191373327014441 0.05045131017151165 -0.09588526525604973 -0.2014462425336042 0.007842703447034166 -0.1133210748540514 -0.09206972288036241 0.177430062280632
 0.2949545896781679 -0.3419233234693503 0.1135130432928106 0.0760978202837749 -0.1507191939100999 -0.09251090346064844 0.1635095904557775 0.03761704908061948 0.06785603908196466 0.07119718352081873 0.1250338159872317 -0.2004002727879963 0.08061438879342483 0.02230042265350135 -0.01092279197534884
 0.165751459925451 -0.2597665385516977 -0.2052457955427532 -0.04171335043925811 0.02055362017559799 0.2249341080940074 -0.1112051424386926 0.1947958119225045 -0.219071909392882 0.07112842436085448 0.02443318435528579 0.182949686612706 -0.05800550267577058 -0.216063942255867 -0.134442910174625
 -0.04026219413119615 0.2018468254726071 -0.02990320781540121 -0.3975709770042741 0.1059252704908609 -0.06322547013033382 -0.2305814819180183 -0.3019029940347773 0.00787263036950917 0.2144749373140074 0.2549985105466794 -0.1534422862672524 0.2589948420092039 0.172403212053443 -0.2096535293313238
 -0.154873516889941 0.2397627158026079 0.1737598183196879 0.3391153350902354 -0.1007796222414701 -0.1811109091703526 0.5046978285782975 -0.08612428033318559 0.2007016771724527 -0.2586916254925504 -0.1270415866270494 -0.01434089550212474 -0.1720730357795522 0.1234955003769957 -0.04152126311914282
 -0.05777162189873841 -0.03519345981925289 -0.01549166870152024 0.03891521312703802 0.0480824950840926 -0.3087138604010444 0.09574578065057418 -0.03165165509205344 -0.009017264603528049 0.1404062657548264 0.0957490431879071 -0.1992821922462794 0.08472419701310142 0.01662627580868981 -0.1493573084148372
 -0.05659462020404465 -0.0145765721582688 -0.06483248909475095 -0.07398956687264355 0.07173814476262998 -0.06211150511086209 -0.2115377801521185 -0.1023093449369978 -0.0746835956645315 0.1619057136648785 0.2174536830282592 -0.1514434104321755 0.1412813252774007 0.0568076124343534 -0.1906683140280782
 -0.1527007375473117 0.1405123399994988 0.2524000582195186 0.4138947992419554 -0.2265273799282937 -0.3352926310473823 0.4781607159657157 -0.2614351407260572 0.3317764304506651 -0.06863188068747794 -0.1457331419989794 -0.008241481978614903 0.04742795050855269 -0.0287688352412451 0.2511425288902319
 0.121611859688571 -0.1109052914674038 -0.04340135963832191 -0.07878974308336259 -0.02468116393662187 0.1274269642609476 0.00390754672286248 0.1820138900045074 -0.2038399231758241 -0.08849668982727756 -0.004820629883866281 0.1142826111893127 -0.1286755820725464 -0.05088064406315783 0.1480699476681464
 0.001832827663837829 0.1341184927611069 0.03154103636635585 0.1953104421751148 -0.05614765576338614 -0.1139455406701016 0.2083886330239121 0.02144189442809034 0.02049699393998583 -0.2470328825220811 -0.1522912398420273 0.3211899716685866 -0.159317763501283 -0.1590825443040572 0.2004112782973454
 -0.00067570033311749 0.06633801128845918 0.03469137135255397 0.1060947258536766 -0.009998700545762464 -0.01116052827305084 0.2737341597086474 0.07028880105531178 0.1198614664228348 -0.1471337996748714 -0.2375846453739813 0.1454546895830778 -0.1060524602678487 -0.03474159768528572 0.02460309054151352
 -0.1137048483565208 -0.1514440906738577 0.04899938461961952 0.002057244331489097 -0.01578821009098823 -0.02336133737441576 0.0672973882822487 -0.05859875309443657 0.037216700491122 0.03290256677970325 0.1403590270700985 -0.4338639520910372 0.09468231836429909 0.1694320290962343 -0.09953493885291761
 0.06356488285781788 0.1225783672656199 0.1312417085081457 0.2325081027803763 -0.04148349668825267 -0.06271684663288291 0.2987105015641182 0.09446311875866883 0.1301837741199547 -0.1603277914629949 -0.2817465190659429 0.359676503134374 -0.2187988916757393 -0.1251481746722495 0.2652939355835762
 -0.01232101424619138 0.005116629759114287 0.06514282970464104 0.09936153061820109 -0.05107570990132774 0.3031117212641211 0.3207983985621734 0.1665636425860357 0.02614288348208653 -0.2285131222376813 0.0664687234736669 0.09260374733832415 -0.1136466087293681 0.09476671497516757 0.01478702142384164
 0.02287861239471384 -0.06090837572470443 -0.05587941459827572 -0.111133226506041 0.07633988780717267 0.0995180843264894 -0.1354843767933761 0.04001125591826422 -0.0785213131035627 0.116657016146818 0.005716664717680095 -0.005047200232478101 0.06955247156451169 -0.05435010259224216 -0.4720354498314402


# name: iter
# type: scalar
12


# name: c
# type: matrix
# rows: 1
# columns: 15
 0.4585280608206617 0.1749112133316509 0.3214648750817562 0.3045342330470687 0.5975319733072501 0.139999894192785 0.4150852596895106 0.4133353653577491 0.5199468559069684 0.496684110592959 0.6001222849793663 0.08111992496539482 0.4729741917364329 0.6441984082616091 0.5617666035955027


# name: mean_corr
# type: matrix
# rows: 8
# columns: 1
 -0.108138196687872
 -0.1356964625541889
 -0.1369792545255814
 -0.09045633353078254
 -0.06732171469350955
 -0.04684327858645419
 -0.04816346737366171
 0.413480216991111


# name: mean_error
# type: matrix
# rows: 8
# columns: 1
 1.468651514502519
 1.475678324656122
 1.477709609656867
 1.450127688920691
 1.441102135232218
 1.437259751617521
 1.422840541027387
 1.211471233503144


# name: iter_improve
# type: matrix
# rows: 8
# columns: 1
 1
 2
 3
 5
 7
 8
 11
 12


# name: optim_start
# type: scalar
12


# name: optim_steps
# type: scalar
8


# name: VPVP_params
# type: scalar struct
# ndims: 2
 1 1
# length: 8
# name: lambda
# type: scalar
300000000


# name: downsample
# type: scalar
10


# name: MaxIter_X
# type: scalar
200


# name: MaxIter
# type: scalar
50


# name: optTol_X
# type: scalar
1e-06


# name: progTol_X
# type: scalar
1e-10


# name: optTol_aW
# type: scalar
0.0001


# name: progTol_aW
# type: scalar
1e-07




