# Created by Octave 4.2.1, Tue Nov 28 19:53:49 2017 ART <gabrevaya@ws1.labo4>
# name: y_start
# type: matrix
# rows: 15
# columns: 1
 0.631794696623808
 -0.9839386920449205
 -1.560424762251541
 0.1607789989447756
 1.446319524731726
 0.1402584197994148
 0.3122173434908583
 -0.1465253648651693
 -2.262136899231311
 1.304382374419772
 -0.7740088554134015
 2.157904911495617
 0.6482698036372824
 -0.2861759172695948
 1.293118060949644


# name: alphas
# type: cell
# rows: 1
# columns: 3
# name: <cell-element>
# type: matrix
# rows: 15
# columns: 1
 0.68347450582012
 0.4864156094326769
 0.7016026591426746
 1.147315555433607
 0.5891469329544272
 0.5723275437860889
 0.5972337460662991
 0.6437907728531846
 0.8847700488150011
 0.3007386732426073
 0.9988510542000816
 0.3593640005583167
 -0.3727513243551717
 0.4555733205658141
 0.5149125333108322



# name: <cell-element>
# type: matrix
# rows: 15
# columns: 1
 1.267759414192442
 1.097972661967168
 1.278346132799532
 1.463293616933104
 0.8940182126434066
 1.145662442149577
 1.088490555450342
 0.9791794636833365
 0.8666623680932715
 1.340596131990154
 0.9560530149115286
 1.134022996998467
 1.315907195998889
 1.09131792038452
 0.9158339902900936



# name: <cell-element>
# type: matrix
# rows: 15
# columns: 1
 11.53289236572573
 11.42738838740399
 11.73689148166846
 10.84262983277612
 11.43312668940836
 11.8030565274824
 11.24459057518799
 11.40091209326582
 11.30543900028355
 11.47288267500742
 11.44499960194123
 11.78146049964155
 10.96148701214448
 11.16826203093736
 11.45476553149534





# name: W
# type: matrix
# rows: 15
# columns: 15
 0 0 0 0 0 0 0 0 0 0 0 0 0 0 0
 0 0 0 0 0 0 0 0 0 0 0 0 0 0 0
 0 0 0 0 0 0 0 0 0 0 0 0 0 0 0
 0 0 0 0 0 0 0 0 0 0 0 0 0 0 0
 0 0 0 0 0 0 0 0 0 0 0 0 0 0 0
 0 0 0 0 0 0 0 0 0 0 0 0 0 0 0
 0 0 0 0 0 0 0 0 0 0 0 0 0 0 0
 0 0 0 0 0 0 0 0 0 0 0 0 0 0 0
 0 0 0 0 0 0 0 0 0 0 0 0 0 0 0
 0 0 0 0 0 0 0 0 0 0 0 0 0 0 0
 0 0 0 0 0 0 0 0 0 0 0 0 0 0 0
 0 0 0 0 0 0 0 0 0 0 0 0 0 0 0
 0 0 0 0 0 0 0 0 0 0 0 0 0 0 0
 0 0 0 0 0 0 0 0 0 0 0 0 0 0 0
 0 0 0 0 0 0 0 0 0 0 0 0 0 0 0


# name: iter
# type: scalar
584


# name: c
# type: matrix
# rows: 1
# columns: 15
 0.2468627574727054 -0.0178232362825773 0.3718355922951296 0.2402158472782052 0.1690658816816502 0.2675457182201677 0.004060891537313861 0.5525197306919336 0.1084080501367578 0.000828852912401119 -0.01151705153355042 0.03649488433218877 0.04921693653994647 0.04268191320262412 0.1445875758743499


# name: mean_corr
# type: matrix
# rows: 101
# columns: 1
 -0.1097937218172822
 -0.09992853800737553
 -0.1065710874804667
 -0.1000085623565235
 -0.07059348728935189
 -0.0729188566562573
 -0.06520939787526962
 -0.06417076240792692
 -0.06504504794595255
 -0.07738433185135495
 -0.07628014392679566
 -0.06017369999226695
 -0.06050020436890485
 -0.05919380155263877
 -0.05911334015634326
 -0.05161275698510003
 -0.03518070005689643
 -0.03430197192893484
 -0.0290174929531462
 -0.0187793443473017
 7.769176647897484e-05
 0.001943052832704928
 0.00107521496669312
 0.01202713311604092
 -0.002463212760363953
 -0.00321687375753924
 -0.001870853001487209
 -0.002817349360079705
 0.0005181773744959724
 0.0009403010471946916
 0.0008553908656507551
 0.004513320915889104
 0.005198463332288289
 -0.004862681977220303
 -0.02186013342617228
 -0.02726039812590845
 -0.02439635463987616
 -0.01593255477755214
 -0.009120059577017815
 -0.02638483851461663
 -0.02032361653721115
 -0.00674823690275433
 0.009013487712771785
 0.001161349792529068
 -0.01126416650284545
 -0.01485927117467462
 -0.00939945401373647
 -0.001556869441308904
 0.002311568144670199
 0.02189830424574114
 0.02086341208603264
 0.02145942020924529
 0.03623370664489089
 0.03473541282665184
 0.04430218298447438
 0.07392146739659625
 0.07430663146567994
 0.07482755643920266
 0.06908885305493606
 0.06251145649883663
 0.07010753428136031
 0.07914102711699149
 0.08657835534049836
 0.08597339230377882
 0.08625079998427138
 0.07808917416439444
 0.09359683016150162
 0.09639198818372431
 0.08768554151110498
 0.07894580927246204
 0.07875773080470831
 0.08130350876577112
 0.1040311288279076
 0.1079942073732195
 0.1079667539530358
 0.1093364749176016
 0.107973731981071
 0.09598089102241297
 0.09614905520385685
 0.1001537307528959
 0.09787433427952358
 0.1084865544403691
 0.1082691056530431
 0.1202489337307515
 0.1199837741049119
 0.1182279760607479
 0.1168152875707085
 0.1216994550536931
 0.1304938350729892
 0.1308561851922793
 0.131035920020198
 0.137427136847885
 0.1396165459158967
 0.1420031462755786
 0.1450268136109981
 0.1436194233885587
 0.143595503530823
 0.1437170283550054
 0.1444168738767131
 0.1440463254534705
 0.1466385275769143


# name: mean_error
# type: matrix
# rows: 101
# columns: 1
 1.487481770653882
 1.48248740361044
 1.482933580466465
 1.480394864723144
 1.459155890025175
 1.460806393074651
 1.457970696406908
 1.457932757588666
 1.465184278457014
 1.473665486101162
 1.472672330373661
 1.464756253192923
 1.46201667618205
 1.461436925160744
 1.463132117805842
 1.463446619953918
 1.453255421721057
 1.445319511309614
 1.439768364891623
 1.432425170246805
 1.421834733235984
 1.42088870473973
 1.426518546799637
 1.419472509671385
 1.426517571938996
 1.428339252724025
 1.425761896723744
 1.426196444993339
 1.423695104932912
 1.422676828650325
 1.420322859445606
 1.418298740019005
 1.409918456472374
 1.419169518294192
 1.44214638699911
 1.448726599270705
 1.447373296268712
 1.443432022961936
 1.439493583487999
 1.452820421558315
 1.446805087665949
 1.436631447853791
 1.423801755195357
 1.434195667410016
 1.440470361593186
 1.444589370813658
 1.440725714348532
 1.435845740064139
 1.4302765980285
 1.422613942846192
 1.422126429637754
 1.422892566617186
 1.41794485245638
 1.418145531500965
 1.414884882329982
 1.395449240101489
 1.395056931655554
 1.394682443307123
 1.39609832777636
 1.388379654813268
 1.380797715691769
 1.370285761237595
 1.377765457161483
 1.386686911951516
 1.386273679969116
 1.390037089490402
 1.379949175618894
 1.37134008776328
 1.370401686715887
 1.376461401213444
 1.376601336581255
 1.372568621486973
 1.365555849945717
 1.362531510517832
 1.362536967625985
 1.358895668028841
 1.358557832112552
 1.365813409363149
 1.364509700838823
 1.365960410572583
 1.366680553971789
 1.360905739447947
 1.356295216436428
 1.3528053506619
 1.34995908456765
 1.350420006958907
 1.346827304735569
 1.347255271618785
 1.341478155178413
 1.34308108150511
 1.343951582898842
 1.343232292833245
 1.340805438272928
 1.344754892814363
 1.339550131874775
 1.345751500285695
 1.346413061544711
 1.346536968950252
 1.343691120287301
 1.34700170323504
 1.345463037109832


# name: iter_improve
# type: matrix
# rows: 101
# columns: 1
 1
 8
 10
 11
 16
 17
 19
 22
 23
 25
 35
 47
 48
 49
 52
 54
 55
 56
 58
 59
 62
 65
 66
 68
 69
 76
 79
 83
 84
 86
 90
 92
 98
 101
 105
 107
 109
 114
 115
 117
 125
 127
 137
 144
 146
 148
 156
 163
 165
 171
 179
 180
 185
 187
 192
 196
 210
 213
 215
 228
 235
 241
 244
 253
 257
 264
 268
 276
 291
 309
 348
 350
 364
 365
 366
 377
 378
 381
 388
 400
 401
 402
 408
 414
 417
 420
 432
 442
 443
 447
 452
 475
 495
 498
 505
 506
 511
 533
 547
 551
 569


# name: optim_start
# type: scalar
584


# name: optim_steps
# type: matrix
# rows: 0
# columns: 0


# name: VPVP_params
# type: scalar struct
# ndims: 2
 1 1
# length: 8
# name: lambda
# type: scalar
300000000


# name: downsample
# type: scalar
10


# name: MaxIter_X
# type: scalar
200


# name: MaxIter
# type: scalar
50


# name: optTol_X
# type: scalar
1e-06


# name: progTol_X
# type: scalar
1e-10


# name: optTol_aW
# type: scalar
0.0001


# name: progTol_aW
# type: scalar
1e-07




