# Created by Octave 3.8.1, Mon Jan 08 03:33:47 2018 ART <gabrevaya@ws2.labo2>
# name: y_start
# type: matrix
# rows: 10
# columns: 1
 -6.161726512382155e-05
 0.0001033817373778443
 7.313497374676887e-05
 9.039805682491822e-05
 -7.007523023722039e-06
 -1.29277786651176e-05
 -0.0003122974723232088
 6.061060820874125e-05
 -0.000109952027768213
 -9.007640923017394e-05


# name: alphas
# type: cell
# rows: 1
# columns: 3
# name: <cell-element>
# type: matrix
# rows: 10
# columns: 1
 0.7268272458125135
 1.233913802861236
 0.5683277437688579
 0.6680466676589759
 -0.08241817252552003
 0.543173899824328
 4.844237252574917
 1.867911781981105
 2.497864240317118
 2.283099718103609



# name: <cell-element>
# type: matrix
# rows: 10
# columns: 1
 0.7543476170135477
 1.149338873090105
 0.9146582742229586
 0.3226826790896757
 1.328994145907829
 1.00913039670409
 2.750221023667606
 0.6502409895590855
 0.4277818418526189
 0.3130138696822246



# name: <cell-element>
# type: matrix
# rows: 10
# columns: 1
 12.40965450241795
 10.56294245565709
 9.814963564292658
 11.95292097142505
 11.54615257252118
 11.28372535127559
 5.771965964446255
 11.67154716629152
 10.6702074532082
 11.35318341186483





# name: W
# type: matrix
# rows: 10
# columns: 10
 0.7500375567481097 -0.298059127598175 1.921667609017454 -0.2742899048924776 -0.6664676370583681 -0.5955639208129641 -0.5372165241337137 -1.620077103072079 0.00465608596554801 0.1878652746160266
 -0.2328821885814262 -0.0402430407785422 -0.7539710512174117 0.9552865983629861 -0.6884599389623491 1.136702821463681 0.7042800137280505 -0.9063921012190633 0.624527517354356 -1.073859286114491
 -1.292701675088264 -0.24129011735845 -0.4444068253246446 -0.2198070573203561 0.2740666702872269 0.6207185425197614 0.05409228089920999 0.558336416909904 0.8886965805622821 -0.9475241399680052
 -1.468421836073958 -0.9010530210186235 0.9961797555869336 0.4449789232138485 0.2586037650372716 0.544400457527012 -0.629411587521061 -0.3327790083305508 -0.6559135401685329 -1.430473265644949
 0.2765710162287586 0.4510503968644363 0.2845739799164355 -0.1114038583703847 0.1844656160308725 0.6242677131123608 0.767112455056183 -1.075380953413055 0.6145440730815208 -0.3332770047684276
 0.020063236874212 -1.363652275743452 0.3653531095134053 -0.8681848680757726 0.1931077034589075 -0.06039285671390932 -0.3963016476651333 -0.3350052539730356 -0.4568521918820296 0.7528255213535114
 0.4557378308736024 -1.146147035054153 -0.2760634032869809 0.01843317455464073 -0.9882802004049132 0.2213780045096402 -0.9239903605323985 -0.2122784461842743 -0.4330235474002019 1.54602546256696
 -0.1586983353366019 -0.02681357107228971 1.429914499940275 -0.5827842496652599 0.3465348054065076 -0.1597574849797961 -0.00326496505763714 -0.7230757260421116 0.2473355036679291 -0.7501930688459848
 -0.7363122570943652 -0.3132612621072818 0.9919455913499292 -0.217915084938236 0.9704077063576541 1.112386818814903 0.2093606624972546 -0.1893464083420511 -0.8928754004801548 0.5594343129964237
 -0.6070966163128536 0.01045023985066534 -0.9544622868042194 0.6301305996285621 0.1301029774350719 0.01505468428227525 -0.4675859817071411 0.1030248952606659 0.5946259991148269 -0.2639560584937761


# name: iter
# type: scalar
200000


# name: c
# type: matrix
# rows: 1
# columns: 10
 NaN NaN NaN NaN NaN NaN NaN NaN NaN NaN


# name: mean_corr
# type: matrix
# rows: 1762
# columns: 1
 -0.1070146333717225
 -0.07844673658898395
 -0.06585679808512671
 -0.03711410165814361
 0.04759842139732536
 0.06147159216966491
 0.07177363487751715
 0.078076052197741
 0.09095312367571581
 0.09115840394000986
 0.09120461261937626
 0.09078037836734131
 0.09155873678138569
 0.1190365838045115
 0.1271926719191614
 0.1310999239760751
 0.158334231586168
 0.1587365678384012
 0.1605655700233509
 0.1788137223448862
 0.1842367620897372
 0.1853517454355291
 0.1860013817280389
 0.1862929833825395
 0.186321614505383
 0.4435212897340833
 0.438579871738117
 0.4309373542076317
 0.4313496260379758
 0.4278934252793661
 0.4192077777304198
 0.4189324040417411
 0.4077223043470511
 0.4070878213242811
 0.4008546211829309
 0.3703321310379016
 0.3700125522220576
 0.3726314133642497
 0.3674936109397393
 0.3748027976975734
 0.3752703031392377
 0.3747657644117858
 0.3709074177205346
 0.477205882121059
 0.4584213049396726
 0.4257163637410404
 0.4253596778732856
 0.4245011315643207
 0.4236121598244585
 0.4258481640479809
 0.4277170083196655
 0.4252839915910894
 0.4261104328629275
 0.4245724191006879
 0.4226796347457077
 0.4116143206051724
 0.4145542011211224
 0.4128006289504369
 0.4210415682611416
 0.4196577516481786
 0.4094530949209255
 0.4079110846450126
 0.410523034540476
 0.4115262828829568
 0.4111833192879253
 0.4083656306137295
 0.4065555208720323
 0.4069756506861741
 0.4061939433588891
 0.3993182156357244
 0.398080796926484
 0.4018784409514876
 0.403924283228598
 0.408820483205958
 0.4102548835811458
 0.4174086930184235
 0.4153520871870641
 0.4148831564915326
 0.4109060853198989
 0.4125944932799975
 0.4164502046493713
 0.4161486333314486
 0.4145110009523331
 0.4137957954612567
 0.4142121629419017
 0.4159652391401919
 0.4159145243309849
 0.4145268862222974
 0.414261674636046
 0.4154862896402431
 0.415197690985169
 0.4140063125255115
 0.4137123416537348
 0.4152086934850644
 0.4196940243020472
 0.4188181092536209
 0.4201460297297121
 0.4216620330773959
 0.4207229394372186
 0.4202305328756804
 0.4195783260773589
 0.4183001900437114
 0.4153492804959355
 0.4159814988237236
 0.5047941405415722
 0.4495039528480418
 0.4572535980459563
 0.4697390712762676
 0.4776762994264976
 0.4720240219392363
 0.4673372757848819
 0.4826045446799031
 0.4762239523546877
 0.4974619548383382
 0.4871370111709378
 0.4591850451711896
 0.4549830406087579
 0.459076229184647
 0.4476508998063209
 0.4453134605354196
 0.4443095005206061
 0.4423358075146303
 0.4420751967186282
 0.4366662187797077
 0.4471904820458915
 0.4437526978954658
 0.4401618811201594
 0.4422555406898906
 0.4411907706749951
 0.4413344787771448
 0.4417343810948756
 0.4473397128752901
 0.447605666717623
 0.447218102910626
 0.4475888760401345
 0.4465052490942263
 0.4426113596965665
 0.434422677887888
 0.441942799891079
 0.4426870788356029
 0.4405123171639794
 0.440277252100605
 0.4373725136181434
 0.4373421979226459
 0.4372997494801035
 0.4425140560528162
 0.4436273001357495
 0.4448187558174576
 0.4406878738551919
 0.4481678270396346
 0.4513706109419694
 0.4507102086912882
 0.4491793732068226
 0.5114941692883292
 0.4858716971466643
 0.483739797699868
 0.4862419375068536
 0.4867489100274525
 0.4877545364726394
 0.4874469277983116
 0.480481951296346
 0.4781730819704917
 0.4753158330005148
 0.4738768224998468
 0.4713229108241158
 0.4684602474695239
 0.4630716179367552
 0.4690405599794762
 0.4693566656870317
 0.4697873545675025
 0.468928078798638
 0.472374650011832
 0.472647662474351
 0.4712797807186426
 0.4719690545944749
 0.4694151483403241
 0.4712460763256884
 0.469697706430161
 0.4665166185391723
 0.4665425057640154
 0.4660353635343291
 0.4648522255439997
 0.4650141054360707
 0.5083364678181646
 0.5091372557257299
 0.5004780810808721
 0.5014716969966889
 0.4956905699497619
 0.4938920043469208
 0.5010279403964942
 0.4997542870941322
 0.4989425586130604
 0.4878850691543315
 0.4875714016776563
 0.4825086922240825
 0.4576685652290806
 0.4578043045863483
 0.455047218498726
 0.4570841059475881
 0.4559006414243678
 0.4576656960956173
 0.4544347878983547
 0.4568116216714022
 0.4569633511955278
 0.4559706880462405
 0.4577927492876627
 0.457088335615314
 0.4602732993763645
 0.460503184684152
 0.459646721835684
 0.4586143783963021
 0.4573873101387682
 0.4561815772110337
 0.4543129861646207
 0.4503938073396637
 0.4525402324096935
 0.4521643598826728
 0.4520456724154667
 0.4517604187431984
 0.4514530715330713
 0.4499805745117944
 0.4509259589760756
 0.5181132582151596
 0.5142986172013259
 0.4991298898872
 0.4988264857362523
 0.4956417131515908
 0.4995923755229082
 0.4951997607346844
 0.4947070874821381
 0.4955011857140981
