# Created by Octave 3.8.1, Sat Jan 06 20:15:45 2018 ART <gabrevaya@ws2.labo2>
# name: y_start
# type: matrix
# rows: 10
# columns: 1
 -1.052058107744029
 -0.08227125288064017
 -0.6033186390890443
 -0.6097455655519668
 1.340077059276842
 -1.150893036572411
 -2.528147727315131
 0.5511422846325146
 -0.4503977898967341
 0.3643818832253027


# name: alphas
# type: cell
# rows: 1
# columns: 3
# name: <cell-element>
# type: matrix
# rows: 10
# columns: 1
 0.606505326084217
 0.6720627210700619
 0.4240349207208331
 0.6876825968702588
 0.5844374663250347
 0.5315005821514882
 0.6772562768987892
 0.8345658809070238
 0.4029067961753809
 0.5677283620476087



# name: <cell-element>
# type: matrix
# rows: 10
# columns: 1
 0.7693621631130148
 1.049332360607029
 1.15617676797297
 0.8304324570327404
 1.17745209761358
 0.9002973920980942
 1.716612171753917
 0.5061137892325024
 0.8643534433387531
 0.9604584823347083



# name: <cell-element>
# type: matrix
# rows: 10
# columns: 1
 11.30862427352512
 11.42480470716696
 11.31444815594988
 11.42869899872506
 11.30561672300045
 11.51248504384645
 10.90091576854843
 11.6176378693739
 11.14452148686665
 11.39602259172891





# name: W
# type: matrix
# rows: 10
# columns: 10
 -0.04558824524028192 -0.03205236294654625 0.3497445597454886 -0.01497510506187509 -0.0294296833862346 -0.04440781419060513 -0.08344615225831353 -0.4057651925581724 -0.1154467287023287 0.1132676347918654
 0.06758226961361148 0.008500080388866113 -0.175509891842785 -0.002230446832859024 -0.03972713578072027 0.002481700923542963 0.06519266998271632 -0.1218185105413889 0.1094092632585902 -0.04134907331685828
 0.04152227125407172 -0.01858516691079373 -0.3888267650105713 0.07258347448028706 0.01767237564864854 0.0358147870529092 -0.2212243392931856 0.1071166124433494 0.249010218638511 -0.2710059463459405
 -0.2740878043718759 -0.05346674548317923 0.04257982882255721 -0.01049121715437783 0.1447598032165777 0.002304611868583275 -0.3379207925750372 -0.04226936504050896 -0.07080034647869064 0.003970452115124885
 0.2205481542888636 -0.07493102087496316 0.1998376723406594 0.1732500050080497 0.0778431431672664 0.1172354350548611 0.06978288685005758 -0.07870036483189186 0.2685180894378212 -0.1539677831669003
 0.01012375647635522 -0.0459662499813123 -0.1295062067943009 -0.01573666812734642 0.06568604661036855 -0.08792585107520071 -0.07429061430074275 -0.1819154595162759 0.0441869201884244 -0.1072512168166932
 0.06339007608895039 0.11069632420594 0.008173170399344603 -0.1804152849030731 -0.0933636956706079 0.06052290035679087 -0.5171621495924013 -0.06511641037799505 -0.04502816611720801 0.3666211667094174
 0.07044638535006556 0.003585551321787141 0.1941938241894357 -0.04252125732048914 -0.09165147714352859 0.04459601329515697 -0.09057474507787741 -0.2156191183955471 -0.1206112641687211 0.1842261272644994
 0.02486752128170423 -0.01715959378599437 0.2062407560550564 0.005650134212405969 0.24995912872499 0.07950639032025836 -0.1163265619603186 -0.2400909447733651 0.0005966211522708373 0.2052753855847387
 0.09381783816931508 -0.01319825555695992 -0.3138482566219942 0.07650391833065802 -0.2957484388378298 -0.06852876572706137 0.0230314018553877 -0.001428901473730309 0.1810475599855061 -0.5399638119857515


# name: iter
# type: scalar
867


# name: c
# type: matrix
# rows: 1
# columns: 10
 0.5207101003504045 0.4941185127860628 0.3832022261068589 0.5382358589712568 0.7423719921041319 0.3139345184775889 0.2358626950619758 0.5204457757148394 0.4740461859339086 0.2122850318338053


# name: mean_corr
# type: matrix
# rows: 26
# columns: 1
 -0.1070146333717225
 -0.07844673658898395
 -0.06585679808512671
 -0.03711410165814361
 0.04759842139732536
 0.06147159216966491
 0.07177363487751715
 0.078076052197741
 0.09095312367571581
 0.09115840394000986
 0.09120461261937626
 0.09078037836734131
 0.09155873678138569
 0.1190365838045115
 0.1271926719191614
 0.1310999239760751
 0.158334231586168
 0.1587365678384012
 0.1605655700233509
 0.1788137223448862
 0.1842367620897372
 0.1853517454355291
 0.1860013817280389
 0.1862929833825395
 0.186321614505383
 0.4435212897340833


# name: mean_error
# type: matrix
# rows: 26
# columns: 1
 1.474965354840036
 1.461876204204114
 1.458033684968276
 1.440729831538067
 1.399550322671319
 1.37663128256633
 1.358982960929592
 1.356913325005505
 1.351036797510691
 1.351463077296185
 1.351210245367113
 1.344589785518363
 1.343602241474499
 1.344218610976728
 1.33615134044621
 1.331157540071172
 1.307159357894826
 1.305395033961729
 1.312608231510113
 1.301195070672724
 1.288269499611054
 1.290556105380477
 1.290497628117848
 1.289147136912068
 1.28923423724656
 1.245121003190965


# name: iter_improve
# type: matrix
# rows: 26
# columns: 1
 1
 4
 29
 59
 62
 77
 78
 82
 109
 206
 347
 354
 405
 454
 461
 467
 471
 493
 494
 501
 592
 660
 678
 717
 788
 867


# name: optim_start
# type: scalar
867


# name: optim_steps
# type: scalar
26


# name: VPVP_params
# type: scalar struct
# ndims: 2
 1 1
# length: 8
# name: lambda
# type: scalar
300000000


# name: downsample
# type: scalar
10


# name: MaxIter_X
# type: scalar
200


# name: MaxIter
# type: scalar
50


# name: optTol_X
# type: scalar
1e-06


# name: progTol_X
# type: scalar
1e-10


# name: optTol_aW
# type: scalar
0.0001


# name: progTol_aW
# type: scalar
1e-07




