# Created by Octave 3.8.1, Sat Jan 06 20:13:32 2018 ART <gabrevaya@ws2.labo2>
# name: y_start
# type: matrix
# rows: 10
# columns: 1
 -1.052058100071655
 -0.08227125586679922
 -0.6033186342083359
 -0.609745566687401
 1.340077063243403
 -1.150893037670442
 -2.528147732583011
 0.5511422942801777
 -0.45039778335805
 0.3643818771596807


# name: alphas
# type: cell
# rows: 1
# columns: 3
# name: <cell-element>
# type: matrix
# rows: 10
# columns: 1
 0.6253519194902728
 0.6861296209071704
 0.5723147815219061
 0.7815442367275333
 0.6073603149093724
 0.6070247123923698
 0.9000787929547081
 0.8731754660157516
 0.4080818552445933
 0.5376797641360734



# name: <cell-element>
# type: matrix
# rows: 10
# columns: 1
 0.7820524965784391
 0.9081569175383556
 1.080735125078123
 0.9080343701118418
 1.10540723174947
 0.8813264966281424
 1.690760345873664
 0.6104041823739073
 0.8934129802660017
 0.9294735655734921



# name: <cell-element>
# type: matrix
# rows: 10
# columns: 1
 11.30678226466464
 11.40601574924166
 11.30689814259362
 11.4404503754699
 11.2984689998227
 11.50457281462262
 10.89144789456448
 11.62633840298026
 11.15224191947439
 11.39513437604772





# name: W
# type: matrix
# rows: 10
# columns: 10
 0 0 0 0 0 0 0 0 0 0
 0 0 0 0 0 0 0 0 0 0
 0 0 0 0 0 0 0 0 0 0
 0 0 0 0 0 0 0 0 0 0
 0 0 0 0 0 0 0 0 0 0
 0 0 0 0 0 0 0 0 0 0
 0 0 0 0 0 0 0 0 0 0
 0 0 0 0 0 0 0 0 0 0
 0 0 0 0 0 0 0 0 0 0
 0 0 0 0 0 0 0 0 0 0


# name: iter
# type: scalar
867


# name: c
# type: matrix
# rows: 1
# columns: 10
 0.2517883976464453 0.3117552027225396 0.1579645007247079 0.3244583751095903 0.1541473073428887 0.1690168597925478 0.09474921898839099 0.2131942087748741 0.09414578082815631 0.1278328704497036


# name: mean_corr
# type: matrix
# rows: 25
# columns: 1
 -0.1070146333717225
 -0.07844673658898395
 -0.06585679808512671
 -0.03711410165814361
 0.04759842139732536
 0.06147159216966491
 0.07177363487751715
 0.078076052197741
 0.09095312367571581
 0.09115840394000986
 0.09120461261937626
 0.09078037836734131
 0.09155873678138569
 0.1190365838045115
 0.1271926719191614
 0.1310999239760751
 0.158334231586168
 0.1587365678384012
 0.1605655700233509
 0.1788137223448862
 0.1842367620897372
 0.1853517454355291
 0.1860013817280389
 0.1862929833825395
 0.186321614505383


# name: mean_error
# type: matrix
# rows: 25
# columns: 1
 1.474965354840036
 1.461876204204114
 1.458033684968276
 1.440729831538067
 1.399550322671319
 1.37663128256633
 1.358982960929592
 1.356913325005505
 1.351036797510691
 1.351463077296185
 1.351210245367113
 1.344589785518363
 1.343602241474499
 1.344218610976728
 1.33615134044621
 1.331157540071172
 1.307159357894826
 1.305395033961729
 1.312608231510113
 1.301195070672724
 1.288269499611054
 1.290556105380477
 1.290497628117848
 1.289147136912068
 1.28923423724656


# name: iter_improve
# type: matrix
# rows: 25
# columns: 1
 1
 4
 29
 59
 62
 77
 78
 82
 109
 206
 347
 354
 405
 454
 461
 467
 471
 493
 494
 501
 592
 660
 678
 717
 788


# name: optim_start
# type: scalar
867


# name: optim_steps
# type: matrix
# rows: 0
# columns: 0


# name: VPVP_params
# type: scalar struct
# ndims: 2
 1 1
# length: 8
# name: lambda
# type: scalar
300000000


# name: downsample
# type: scalar
10


# name: MaxIter_X
# type: scalar
200


# name: MaxIter
# type: scalar
50


# name: optTol_X
# type: scalar
1e-06


# name: progTol_X
# type: scalar
1e-10


# name: optTol_aW
# type: scalar
0.0001


# name: progTol_aW
# type: scalar
1e-07




