# Created by Octave 3.8.1, Thu Nov 30 19:39:25 2017 ART <gabrevaya@ws14.labo1>
# name: y_start
# type: matrix
# rows: 15
# columns: 1
 0.295064152219247
 1.150132470770385
 -1.854013316122733
 -2.290161117322212
 0.7453783298255618
 0.3935053351922601
 2.152123547293489
 -0.2717593517029857
 1.629031340343809
 0.2168113119729669
 -1.058455174461028
 -0.004245561692641497
 2.075834196792169
 1.163453693849225
 0.8584694584781658


# name: alphas
# type: cell
# rows: 1
# columns: 3
# name: <cell-element>
# type: matrix
# rows: 15
# columns: 1
 -0.390826504829369
 0.5913497232436024
 0.5495745210791253
 0.3166777299873535
 0.6338060850098869
 1.32545505073182
 1.11559083337158
 0.2269193620226571
 1.346974175727875
 1.624990059145121
 0.4653041677780526
 -1.549483573999398
 0.04928686804923394
 0.7859686558255315
 0.7376762599276051



# name: <cell-element>
# type: matrix
# rows: 15
# columns: 1
 2.133763568045446
 0.6013387588794172
 0.94841558764759
 1.180991465296757
 0.1500698632493358
 1.444271064586876
 0.2305845527603092
 2.808484412935589
 1.735724711823083
 0.802955322456796
 0.6452010517903176
 0.5804106842077037
 2.018136494689388
 0.5947070139755464
 0.5781733863076604



# name: <cell-element>
# type: matrix
# rows: 15
# columns: 1
 10.01352252256935
 11.14751026760583
 10.61746358401788
 11.60077872237193
 11.38531775578934
 11.64489793345735
 11.72840458661567
 11.47158897326791
 11.98820568696073
 11.2959283419079
 11.42693595224619
 11.06023581196303
 10.72078612578109
 12.36922650630487
 10.78765328598833





# name: W
# type: matrix
# rows: 15
# columns: 15
 0.04540617729714072 0.3171536021081475 -0.1092197546650278 -0.6645158723954366 -0.09307866100164391 0.367236590598735 0.4315205622549158 -0.4039478903572302 -0.05257478429913862 -0.3977808097940962 -0.6395888429037994 0.3337443399357106 -0.5167031388460205 0.3291809044467511 0.804260641683299
 0.2441050574643687 0.4120054926543983 0.1069625802573331 -0.8439730721345321 0.6383781603404076 -0.4621728606604596 -0.07746580328877777 0.8359464120692156 -0.1393056805085181 -0.1869848819596821 0.6314943712599272 -0.328600034496243 -0.2352874226311501 0.621828017688379 -0.4779036361140544
 0.2324123064998763 0.257219213197749 -0.1420468322511354 -0.3783302872843864 0.2253792549000414 -0.366544111817136 0.294842287894783 -0.06258912890126582 -0.1077569216587539 0.310251160000424 -0.2382555646253208 0.04095772052120281 0.4512412823365395 -0.2574695745757865 0.4372041130546511
 -0.2778244228637952 0.3388413561214604 0.1222045644923249 -0.4629876684267308 -0.0611822375034398 -0.5707651338862266 -0.002300885806163728 0.3712882226132477 0.5565879518983049 0.3759219550772306 0.4588953909855549 -0.3219333659011558 0.5268486794078084 -0.3842886421740134 -0.2016729786887088
 -0.6503734394657812 0.3041291629052287 -0.2453234886832608 0.2688439933134639 -0.1000795661082994 0.7172096353589271 0.6390629807141273 0.2113129659566874 0.2436077758856579 -0.5300392401259321 -0.4042635410152141 -0.01098671941484392 -0.8284759104905481 -0.1265139405125981 -0.2513101120483024
 -0.02963607440827913 0.3866598937687065 -0.2537268605426849 -0.02734868347535435 -0.09676456942357292 -0.5053895685974218 0.04964445341810261 0.2947799120597378 -0.3244352089700796 -0.02481317844951786 -0.1063992296612137 0.2332970100623895 -0.31244857626892 0.2120300865226174 0.1169268180549809
 -0.355402842688149 0.06815472179121176 0.02996552112408073 -0.09760100671758849 -0.007190725888214432 -0.6108953669238181 -0.4232843049563846 0.5223090828324202 -0.7147937710618635 0.663357125766931 0.4148969226497703 -0.507529968470865 0.06020700434702988 0.4358998249414472 -0.9177999910639352
 -0.008234313771626237 -0.8451139525731149 -0.4481584132585338 0.1319937784394977 0.0830186419039815 0.3635231593144083 -0.0188979699170637 -0.6226826474832412 -0.09109615274176568 0.2147728863283675 -0.4721911959591817 -0.007281956250105601 0.04880922384871389 -0.1852917997631518 -0.06991454061626733
 -0.09817789716556022 -0.2451063767758801 0.05200457499361569 -0.4223090454551353 -0.5737223251552399 -0.2729760625244135 -0.2692339662932672 -0.2134145373832919 -0.2633903517640767 -0.05493910771768876 -0.07882732387732591 0.2249025366863925 -0.118268753705322 -0.2653808780337608 -0.1898971345202718
 -0.1369833024729026 -0.2137434295175512 0.3327749726125297 -0.01271481771660363 -0.2257998489304604 -0.02081940577581281 0.1699368242966788 -0.1356692183730634 -0.2037608165111413 -0.32204711422882 -0.2795902653281336 0.5731888591548181 -0.3212828731342809 0.2206207549842799 0.614062249840044
 0.4547175307578966 0.372675436256545 0.1709322936379564 0.1387121844945733 -0.4724083466632251 0.3306185446813578 1.067099357737426 0.3313086820295124 0.4578902755171979 -0.5160571007610388 -0.8923976667846434 0.5239931805941158 -0.2229925870596546 -0.2420241252879131 0.6741807712280234
 -0.3147015568864718 -0.2880144612371891 -0.3285859437933232 -0.3363799293532348 -0.1230828925250037 -0.04488123653636347 -0.1265000133233471 -0.1566871734627103 -0.02920854381449898 0.1688086232831774 0.3130155958674418 -0.2712946522797671 0.3314156301232322 0.2305508805903621 -0.5960805141561113
 -0.006825949851515147 -0.2155530418341214 0.1541915455481465 0.4207153744396178 0.626100709650904 -0.1563493513252547 0.2632256668119537 0.2167667408061398 0.4326783840927773 0.1404115444122112 -0.2890122325699119 0.2729780472489194 -0.6736819911941836 -0.3183411047895965 0.5085330454440873
 -0.7811356690106986 0.4479881791715175 -0.08665728033182575 0.6653498621475137 0.473864598710164 0.3986998400370905 0.08883611777601071 0.0547695556151858 0.5135074347693738 -0.323936129329322 0.5674966270731802 0.3104634661163783 -0.799580426041114 0.188211222742957 -0.3458230235794139
 -0.9082987261507959 -0.3831887833757909 -0.1301625505512409 -0.4131154537217087 -0.2817121253862503 -0.7147972541026899 0.1839883763585684 -0.3540273903103036 0.2650309882729739 0.2634923736957335 0.3847813706244014 -0.4650046188473581 0.6963211818310037 0.1344354339282462 -1.017795750160265


# name: iter
# type: scalar
200000


# name: c
# type: matrix
# rows: 1
# columns: 15
 NaN NaN NaN NaN NaN NaN NaN NaN NaN NaN NaN NaN NaN NaN NaN


