# Created by Octave 3.8.1, Sat Jan 06 20:45:56 2018 ART <gabrevaya@ws7.labo2>
# name: y_start
# type: matrix
# rows: 10
# columns: 1
 0.6947881709688837
 -0.9859549905605567
 -0.4235610637538056
 1.145726644735729
 0.9638667061509931
 1.037035676127322
 -1.528711167477951
 0.8168621342522582
 -0.07087031194163608
 -0.4186164256543382


# name: alphas
# type: cell
# rows: 1
# columns: 3
# name: <cell-element>
# type: matrix
# rows: 10
# columns: 1
 0.4218796335294947
 0.7085236356643783
 0.578
 0.6098862196383821
 0.5360064816250397
 0.578
 0.7479579788638148
 0.446001009885191
 0.4715551880958948
 0.578



# name: <cell-element>
# type: matrix
# rows: 10
# columns: 1
 0.8116936878314217
 0.9849403149805956
 1
 0.9572627251539325
 1.164603911027768
 1
 0.9262194077690209
 0.9615289834006711
 1.243396211765127
 1



# name: <cell-element>
# type: matrix
# rows: 10
# columns: 1
 11.3777732445028
 11.16500393316741
 11.38
 11.34067153478645
 11.26343087507472
 11.38
 11.33854529057813
 11.39724392441391
 11.35410619624485
 11.38





# name: W
# type: matrix
# rows: 10
# columns: 10
 0 0 0 0 0 0 0 0 0 0
 0 0 0 0 0 0 0 0 0 0
 0 0 0 0 0 0 0 0 0 0
 0 0 0 0 0 0 0 0 0 0
 0 0 0 0 0 0 0 0 0 0
 0 0 0 0 0 0 0 0 0 0
 0 0 0 0 0 0 0 0 0 0
 0 0 0 0 0 0 0 0 0 0
 0 0 0 0 0 0 0 0 0 0
 0 0 0 0 0 0 0 0 0 0


# name: iter
# type: scalar
147


# name: c
# type: matrix
# rows: 1
# columns: 10
 -0.02119916968511281 -0.05067809234176621 -0.0692495470336407 -0.04825583634605591 0.4821309545282876 0.1201074395154149 0.1316367773277504 -0.1036335515339668 -0.1172828477829228 -0.002938780464319792


# name: mean_corr
# type: matrix
# rows: 8
# columns: 1
 -0.1983984686257959
 -0.1331267803574644
 -0.09467542909927198
 -0.007376905806378019
 0.01505735740113562
 0.02895746432183209
 0.06019403267024175
 0.06588825927304098


# name: mean_error
# type: matrix
# rows: 8
# columns: 1
 1.503127128801468
 1.460963369523835
 1.439193023213559
 1.407885279408316
 1.40548556105749
 1.401839037168289
 1.380692649325265
 1.375296969703351


# name: iter_improve
# type: matrix
# rows: 8
# columns: 1
 1
 3
 13
 45
 63
 99
 102
 103


# name: optim_start
# type: scalar
147


# name: optim_steps
# type: matrix
# rows: 0
# columns: 0


# name: VPVP_params
# type: scalar struct
# ndims: 2
 1 1
# length: 8
# name: lambda
# type: scalar
300000000


# name: downsample
# type: scalar
10


# name: MaxIter_X
# type: scalar
200


# name: MaxIter
# type: scalar
50


# name: optTol_X
# type: scalar
1e-06


# name: progTol_X
# type: scalar
1e-10


# name: optTol_aW
# type: scalar
0.0001


# name: progTol_aW
# type: scalar
1e-07




