# Created by Octave 3.8.1, Tue Nov 28 19:57:33 2017 ART <gabrevaya@ws14.labo1>
# name: y_start
# type: matrix
# rows: 15
# columns: 1
 0.4768242715308326
 0.4691404635685462
 -1.763570623755197
 -1.939057522289452
 1.361386529580745
 -0.381724001925945
 2.400935076543457
 -0.8421651692408004
 1.296215147621689
 -0.106029716983642
 -0.1215317971489786
 -0.891164731503176
 1.832200473274864
 0.128963085696234
 0.7620394529730867


# name: alphas
# type: cell
# rows: 1
# columns: 3
# name: <cell-element>
# type: matrix
# rows: 15
# columns: 1
 0.466433696072544
 0.4927389700818066
 0.5351722919484952
 0.4921788210822001
 0.3745766800234347
 0.46424827300642
 0.4457976480113679
 0.5815070302018309
 0.5189526464748365
 0.3397086019949016
 0.5680257215136454
 0.5477127626499864
 0.6612272438562072
 0.5762469985797344
 0.5759320422745915



# name: <cell-element>
# type: matrix
# rows: 15
# columns: 1
 1.323372314689258
 0.8706449088147178
 0.877261563470062
 1.062769189358824
 0.7977133925841573
 1.189954334623383
 1.102903605355133
 0.9847120301459954
 1.054549379823618
 1.105328437532257
 0.9247306532098958
 0.9498936180822097
 0.7565344653841247
 0.7480431902614756
 0.9458332786723767



# name: <cell-element>
# type: matrix
# rows: 15
# columns: 1
 11.65837443779672
 11.46563729807082
 11.29293633274774
 11.38603685028605
 11.54640517984829
 11.45767084236102
 11.38290258703192
 11.38177893925617
 11.38909941435543
 11.3791518005263
 11.39885478797757
 11.32057849445952
 11.25097266035642
 11.35792737901278
 11.37104428901302





# name: W
# type: matrix
# rows: 15
# columns: 15
 -0.06664890905205062 -0.004673944084375937 0.03791124100269841 -0.1065785776658757 -0.1166409244181608 0.02430241505064697 0.08806841946419522 -0.1778518437960858 0.05103263881500315 -0.07698980887844678 -0.1535036177707925 0.021264695340754 -0.093621161937544 -0.06136819178100632 0.2285441190374528
 0.2215259554230154 -0.01846786184073234 -0.1228626708587065 -0.06194642331548437 0.1912749006955572 -0.122891422482698 -0.05404020466764897 0.1821534544712517 -0.00892332864989929 0.1593595365368104 0.2173498666673289 -0.1116810763175521 0.1758135495547367 0.1027935261029321 -0.3013555335062498
 0.01413321591728349 -0.02116354361228056 -0.1311607231071932 -0.2175505276477277 0.07544285294353192 -0.1102741621833164 0.05892472098384371 -0.08324006853418617 0.08432449970745419 0.05271412554729537 0.01703638986269594 -0.09714520319055511 0.09626653836280288 0.003211912821675079 0.02533609872886201
 -0.06912309589746818 0.0146215133647631 -0.08572997001506626 -0.258570451123896 0.08301296630039222 -0.1430199654602222 -0.04141253992868044 0.008466737535021003 0.01200254926494868 0.07953826006895511 0.1241255435320806 -0.112794804224562 0.1536787399618692 0.02224590354169482 -0.1377862316455174
 -0.1003494137401581 0.1823301640921226 -0.03706147960511246 0.2191824493848447 -0.001667200650964638 0.0931793183415663 0.04909138870452289 0.1442189218295774 -0.07946338553734532 -0.07616932944642756 0.002607403524924257 0.08498065259556883 -0.1080794048587888 0.04229486912849125 0.009188257900384319
 0.07564476558697555 -0.02997684296910018 -0.03689498066641419 -0.1211075349084839 0.03395576054877384 -0.08571900740163967 -0.03684169492431792 -0.01180843762077116 0.01415144972265966 0.07193443413413182 0.05653126580392996 -0.06553623244911345 0.01184562627828374 0.03130942388269754 -0.07039407598364314
 -0.03447622695711692 -0.1434451950052802 0.01565586587849705 -0.06465769847593746 0.02759344312932445 -0.06725788108616959 -0.2417144155955682 0.05885016966846091 -0.09326481695147024 0.08719356420215145 0.1910821767183419 -0.14783645998977 0.1403165056509523 0.02880308806989121 -0.272983116236369
 0.1722780520324664 0.08547636124214385 -0.09863730818389395 0.1073943723524906 0.1301263661568102 0.04326580827059437 0.1206351763247585 0.06721370580134688 0.02399122407622882 0.02737811488762545 0.04621870142699706 0.02149304168152401 0.1561256176210554 -0.008944572941991859 -0.0794676547160615
 -0.08746864986054374 -0.05229116088038147 0.07438141570215975 0.04391956172165489 -0.05797457108199635 0.02536626619655106 -0.09374817175885057 0.03602949086090736 -0.07939861874194824 -0.01245588963110329 0.04923115859128296 -0.003860182983442009 0.05942064833564002 -0.02466559154406688 -0.06060504651376911
 -0.06690974511112735 -0.01498148440554577 0.1342702678859245 0.0995271444551734 -0.1621132464038255 0.0834873510148719 0.09252325162699543 -0.04615347933499094 0.0281621965945888 -0.07964126809114422 -0.1734591867662051 0.1526198740684065 -0.08886811677355681 -0.1235841401978842 0.2614129426502409
 0.04910917262821743 0.2185375865824414 -0.01608479050602794 0.1941792794199789 0.002587016988313968 0.06503251843646146 0.2240331438665015 0.08185114510914183 0.05922993349318631 -0.05446370783995994 -0.2048319541642616 0.1823428291712184 -0.1543525054708412 -0.035534541048607 0.2161563189551222
 -0.05421702348974845 -0.07505777424425399 -0.116667313217943 -0.150440871526679 0.0927717858686905 -0.04918084275624251 -0.1597837839459519 -0.06597238420760279 -0.05035022510117585 0.02210732939937679 0.1341802609116446 -0.2232303354765791 0.04846228473523101 0.1012504587585917 -0.2045387666618922
 0.05001653461703268 0.09894129908271378 0.05097399957586318 0.2275991028471911 -0.03563103934908296 0.07066754365850197 0.1195061157309365 0.1149362910152045 0.01166047642021295 -0.02432284424859082 -0.08065938192452962 0.1642814580241477 -0.1051977327818681 -0.04809849357514794 0.1135171918074861
 -0.0758512375165655 0.2445593604727057 -0.1275814945981139 0.08766571488747318 0.05722148968789129 0.007807615758344636 0.1477991734005492 0.07063402004467717 0.005262085815485526 -0.04907458098854995 -0.05941146210190847 0.07054219562795533 -0.1662244652813795 0.02704182947834859 0.1487700365598342
 -0.1005914074197844 -0.1469761341860077 -0.008148332404943804 -0.1531749552949431 0.06120370214365568 -0.07488799403559761 -0.2180965099284934 -0.02243712627013426 -0.05735752424183353 0.05130119760028542 0.1613833461744062 -0.1745884790409858 0.1859046592205965 0.05960915539975698 -0.2842550502472949


# name: iter
# type: scalar
540


# name: c
# type: matrix
# rows: 1
# columns: 15
 0.5237382346398276 0.4997376616047333 0.4645109762270603 0.3695261472656793 0.4766561707212343 0.3887093425643059 0.04838423675576958 0.669055133146672 0.2646675253249564 0.4414074178341664 0.1409425017740984 0.07910171888897456 0.3893815756848013 0.49153763110645 0.2273295891071295


# name: mean_corr
# type: matrix
# rows: 21
# columns: 1
 -0.09780623404967494
 -0.07132822346453867
 -0.06437665241792039
 -0.06432239494802575
 -0.05518734629792047
 -0.05335317350442977
 -0.04164185437890858
 -0.03114017036322854
 -0.0104448961614616
 -0.007452245186907268
 0.005702218281585172
 0.01143812720829365
 0.01973576802406119
 0.0433976629855602
 0.05038760735469112
 0.05289139036929105
 0.05549048721883142
 0.05798826538754938
 0.08458918179256304
 0.08532673311174084
 0.3649790575097239


# name: mean_error
# type: matrix
# rows: 21
# columns: 1
 1.459428770285542
 1.441540384789977
 1.436205410490992
 1.436438616992494
 1.426961806390356
 1.426714708393963
 1.424474672612125
 1.423594029879671
 1.409093196869051
 1.409222027717673
 1.405292798125178
 1.403537903650418
 1.397481867196108
 1.387844576128684
 1.387742722215974
 1.379091616326856
 1.374622313460107
 1.379205840463966
 1.368980881281659
 1.367050338819112
 1.316720000140061


# name: iter_improve
# type: matrix
# rows: 21
# columns: 1
 1
 6
 29
 36
 39
 79
 105
 106
 108
 122
 125
 171
 211
 212
 260
 308
 331
 458
 482
 537
 540


# name: optim_start
# type: scalar
540


# name: optim_steps
# type: scalar
21


# name: VPVP_params
# type: scalar struct
# ndims: 2
 1 1
# length: 8
# name: lambda
# type: scalar
300000000


# name: downsample
# type: scalar
10


# name: MaxIter_X
# type: scalar
200


# name: MaxIter
# type: scalar
50


# name: optTol_X
# type: scalar
1e-06


