# Created by Octave 3.8.1, Sun Jan 07 15:37:36 2018 ART <gabrevaya@ws7.labo2>
# name: y_start
# type: matrix
# rows: 10
# columns: 1
 1.218503633318954e-06
 -3.215029202770353e-07
 1.052797026920588e-05
 -4.352218887056239e-07
 1.691209431021686e-05
 -7.332636131063493e-07
 6.862469205188517e-06
 4.121381127145529e-06
 3.306750544025354e-06
 6.252735750494507e-06


# name: alphas
# type: cell
# rows: 1
# columns: 3
# name: <cell-element>
# type: matrix
# rows: 10
# columns: 1
 -0.1564304748551582
 0.4600058767320493
 0.6504323416969746
 -0.2069406575259792
 0.5003636298005725
 -0.315453358699285
 0.6181760694959109
 0.689505175853682
 0.1689857860797671
 0.6352119123645829



# name: <cell-element>
# type: matrix
# rows: 10
# columns: 1
 0.7374435737930078
 0.8662434597300126
 1.206177060120355
 0.797332078029383
 1.168680635298396
 1.728143260037493
 0.759248517426394
 0.4532506271225718
 1.055436468847968
 1.099114221891132



# name: <cell-element>
# type: matrix
# rows: 10
# columns: 1
 11.28710461771299
 11.032091856467
 11.53447163522171
 10.94333045567355
 10.79106954641295
 10.91341034016486
 11.58816575318149
 11.53381005301934
 11.25579964704981
 11.84012169280056





# name: W
# type: matrix
# rows: 10
# columns: 10
 0.3863474562098947 -0.07759292517473171 1.042378469928766 0.3156498139355223 -0.07534028920898304 0.1332685484344748 -0.1224152586599562 -0.7516388787613202 -1.10855527420572 0.7025701408319587
 -0.04911282168533555 -0.3058078646397259 -0.281118304033434 0.02310065722197025 -0.04532221527499222 0.04541622063344279 -0.003815267554779277 -0.3940166454548841 0.3584960408866539 -0.01230457638637569
 -0.3291289149860492 0.04212293921275805 -0.02187576637384085 0.08930461416988479 0.4450670819947626 0.2771639187991128 0.3753935476092349 0.2099885238558133 0.995704617118888 -0.2005323254721352
 -0.7864446009199202 0.1389406012873095 1.011679132270764 -0.2524805482492712 0.3108098057851098 0.4142869670231446 0.01423456127724024 0.03735300701893602 0.3684851087596568 0.3592813533757782
 0.3372541500753041 -0.1120841463703976 0.3401227255962327 0.2863131599164506 0.3138533252639201 -0.2600306193356008 0.9167518957895143 -0.1968524173879489 0.100452922190907 -0.1845923183707489
 0.1798300822686816 -0.04743176317619086 -0.191682649793164 -0.2041362157730874 -0.2997159506208238 0.2801732651169301 0.2620332300147931 -0.2677560294239972 0.1045409224225173 -0.003507323536670342
 -0.00149463478021343 -0.1107366179409512 -0.06028696304587427 0.05782994342270508 0.06903962541622531 -0.009122511464310413 -0.2992604660156744 -0.2150051510837016 -0.2150284440266224 0.167137168561871
 -0.3068851835390684 0.2180333759977772 0.4053735556132252 -0.3346410717555968 -0.08764230547530041 -0.2171578209820576 -0.0906745794119963 -0.4621005326751677 -0.5371972833149734 0.4401124524247799
 0.2700956002390995 0.06794030590329381 0.06459719261591647 -0.1835391269220886 0.4647642974624844 0.1028380895233462 0.1576469023027764 -0.4912890379533118 -0.1111478769358028 0.692105207268507
 -0.09091182144455089 -0.04855878136853031 -0.6107499112703955 -0.1883181164951198 -0.7633846636223167 -0.26899152113653 0.4782984983395192 0.4349922618645528 0.2027180178573414 -1.08941489441304


# name: iter
# type: scalar
200000


# name: c
# type: matrix
# rows: 1
# columns: 10
 NaN NaN NaN NaN NaN NaN NaN NaN NaN NaN


# name: mean_corr
# type: matrix
# rows: 411
# columns: 1
 -0.1983984686257959
 -0.1331267803574644
 -0.09467542909927198
 -0.007376905806378019
 0.01505735740113562
 0.02895746432183209
 0.06019403267024175
 0.06588825927304098
 0.4276572397577364
 0.4228718125946956
 0.4128313363578938
 0.4106743726074238
 0.4087149391886206
 0.4075842544152437
 0.4099841297106435
 0.4067453656584326
 0.3820439290516988
 0.3716091785838237
 0.3660311117618371
 0.3630176535328674
 0.3594814225505066
 0.3527461480367616
 0.3491943256564152
 0.3428361598222619
 0.3452153896689499
 0.3465847218733515
 0.3424011103732886
 0.3417282770042465
 0.3405560599681087
 0.3415836303589623
 0.3404480390551379
 0.3384952782150499
 0.3383714047669529
 0.4983578499429721
 0.4951307539620877
 0.4842901621117756
 0.4775247930355116
 0.4546174557117355
 0.4491579439393747
 0.4567705289364929
 0.449248029108006
 0.4481085177154017
 0.4421431292972319
 0.4496393399557623
 0.4195892547051951
 0.4215467068837395
 0.4235472793014713
 0.4218527500094474
 0.4224711361418708
 0.4167596440524209
 0.4183717161971828
 0.4167051212260482
 0.4141415981951525
 0.4148689145639849
 0.4187270572413986
 0.4183092512956162
 0.4249136006452797
 0.4234936680884464
 0.4226502574341396
 0.4231976478947171
 0.4270387076837998
 0.4270565316288308
 0.4289478926882951
 0.4285858413879925
 0.4252074469998303
 0.425418541826892
 0.4253682855782456
 0.4216958097828794
 0.4224079197966491
 0.4240056764420714
 0.4291734062542407
 0.4266887994044056
 0.4279065284382716
 0.4222595155546424
 0.4201663489491033
 0.421047944706779
 0.4230768170924223
 0.4291413484919041
 0.4223406185015828
 0.4171705767363619
 0.4123894129718032
 0.4143172301740926
 0.4153714566338363
 0.4146502078668183
 0.4177834800500039
 0.4163718113816165
 0.4397292674959267
 0.4369654480655399
 0.4362109374784766
 0.4404202995672388
 0.4165832857752439
 0.416148999298848
 0.4120612100466733
 0.411114146607427
 0.4198071532006445
 0.4212257897390742
 0.4205219165076348
 0.4210027934502739
 0.4208617202550435
 0.4261778202054929
 0.4251675048108617
 0.424502504839355
 0.423749763521644
 0.4235367452351571
 0.4212491070011705
 0.4222332472873936
 0.4232322307887005
 0.427548165446449
 0.4309700858576592
 0.4361589627484254
 0.4357700518597751
 0.4358466317730937
 0.4398624150943742
 0.4397792453151118
 0.5398352666095427
 0.5401283813146446
 0.5291917120659556
 0.5286733222105168
 0.5076719265142396
 0.5078808708537716
 0.508681115002326
 0.516409093676189
 0.519937888454561
 0.4937259180922925
 0.4820437054047991
 0.4807089787473763
 0.477361298298096
 0.4836750638070691
 0.4620920320602019
 0.4637832735265207
 0.4635454757585037
 0.4642743947788098
 0.462678894158483
 0.460559699825602
 0.4742297271221091
 0.4745824299562338
 0.47464835251562
 0.470509184814123
 0.4632635899835849
 0.4664549461345611
 0.4692157422548643
 0.4659289579480677
 0.4562214867533939
 0.4576249620372426
 0.4647202676088938
 0.4661707694169228
 0.4693622865748754
 0.4691860402760372
 0.465896512554357
 0.4569861076574396
 0.4614610535364124
 0.4611293731631053
 0.461912408969917
 0.45853355364243
 0.4572061861656701
 0.4572947883198136
 0.4567960777757266
 0.4569618713856807
 0.4608835904688267
 0.4598668309882101
 0.4592360841432228
 0.4609970981777801
 0.458412951233711
 0.4595251385015332
 0.4612708767504131
 0.4602281044026654
 0.4610745086932446
 0.4585292946109799
 0.4526327128198484
 0.4481146766286551
 0.5480813134204708
 0.5134487527343203
 0.4848889658631494
 0.4844652888194718
 0.4891013733597077
 0.4917091375210103
 0.5188768966232853
 0.5076678278733769
 0.4979739690115478
 0.4966432200402534
 0.5026874361059089
 0.4984112678250516
 0.5031557220457403
 0.5014844044024291
 0.5033823094468374
 0.4978115389576949
 0.5024170481825847
 0.4985920321442311
 0.4976574411255015
 0.4993390473772039
 0.4966428136893451
 0.49600332375567
 0.4964265083507415
 0.4956728898531944
 0.4976023448188976
 0.4955228252448396
 0.4951035940299749
 0.500086678117625
 0.4997188297813404
 0.500619773763114
 0.5000180947856595
 0.4975659581522254
 0.4974618652152274
 0.4933543662314789
 0.4937601557071787
 0.4946339464759734
 0.4949458183125655
 0.4966837688826775
 0.4963447688322196
 0.4966312742830829
 0.4947037163860708
 0.4943598380480567
 0.4973014285899112
 0.5008042940124369
 NaN
 NaN
 NaN
 NaN
 NaN
 NaN
 NaN
 NaN
 NaN
 NaN
 NaN
 NaN
 NaN
 NaN
 NaN
 NaN
 NaN
 NaN
 NaN
 NaN
 NaN
 NaN
 NaN
 NaN
 NaN
 NaN
 NaN
 NaN
 NaN
 NaN
 NaN
 NaN
 NaN
 NaN
 NaN
 NaN
 NaN
 NaN
 NaN
 NaN
 NaN
 NaN
 NaN
 NaN
 NaN
 NaN
 NaN
 NaN
 NaN
 NaN
 NaN
 NaN
 NaN
 NaN
 NaN
 NaN
 NaN
 NaN
 NaN
 NaN
 NaN
 NaN
 NaN
 NaN
