# Created by Octave 3.8.1, Sat Jan 06 20:47:56 2018 ART <gabrevaya@ws7.labo2>
# name: y_start
# type: matrix
# rows: 10
# columns: 1
 0.6947881792573413
 -0.9859549898440143
 -0.4235610653384431
 1.145726637734639
 0.9638667124046628
 1.037035673433089
 -1.528711166190891
 0.8168621180872045
 -0.07087031306237998
 -0.4186164204909595


# name: alphas
# type: cell
# rows: 1
# columns: 3
# name: <cell-element>
# type: matrix
# rows: 10
# columns: 1
 0.4356675794090947
 0.5699842512945638
 0.4621762351877443
 0.4247994692154375
 0.5902796623716803
 0.4744411227290829
 0.6877108833321115
 0.3132768455541844
 0.4802875500709742
 0.5288940920701785



# name: <cell-element>
# type: matrix
# rows: 10
# columns: 1
 0.7879105087961606
 0.9757270008542006
 1.167425551362436
 0.9667199255649239
 1.173897035110243
 1.01895087154939
 0.829920883055532
 0.7068849700853768
 1.197831738438084
 0.9522728049319736



# name: <cell-element>
# type: matrix
# rows: 10
# columns: 1
 11.36948958066743
 11.16269583206007
 11.39440465122168
 11.34306514790737
 11.26152293736458
 11.38604098994779
 11.32163833096553
 11.38204088092871
 11.349826804195
 11.37097419965289





# name: W
# type: matrix
# rows: 10
# columns: 10
 0.02202219781598235 0.07403774787688934 0.3394307032651114 -0.04335450997178778 0.009761011473954482 -0.03865298531007579 0.05282650212320755 -0.1512707102517157 -0.2727747787208293 0.2620526944665065
 0.02265702833808937 -0.2111827089059695 -0.1923318900256134 -0.03138442264109309 -0.01544146523225644 0.06895755611406225 -0.08368947362022994 0.01088473071255556 0.1558630609323439 -0.01058609832012941
 0.03358804255041805 -0.05676178434323659 -0.2669747447871549 0.06711857365362991 0.02206061970094908 0.04401249699924881 0.2046688399086526 0.1389009466275578 0.341983415146093 -0.212566236451255
 -0.1833696901285092 -0.06343264772898963 0.3870010291329969 -0.1818523521301856 0.05831074124392151 -0.03427645068276568 0.2051832683997517 -0.08139923923898935 -0.04866659933828531 0.03090243518420913
 0.1289643709614398 -0.02747448954983865 0.1247658777201651 0.1082144274083046 0.156610304773281 0.01656325675576733 0.2573098256542563 0.02954287626269725 0.03054470716696124 0.0002891862765810332
 0.1077129432362849 -0.006965745751351417 -0.02099102068199228 -0.0150334915902444 -0.06326289942009089 -0.1318343850943596 0.1920324097892943 0.0532130610658082 0.02361416223273498 -0.03253325038863576
 -0.02277187917745874 -0.004141265414476616 -0.0174346591185788 0.02995430713669833 0.03790371956745376 0.03369597017869228 -0.1781078703067835 -0.0329287645052207 -0.006894517360392016 0.09577818370554532
 -0.3090670315213712 0.01555463163921425 0.347326218965419 -0.05704456394147566 0.1984235433514485 0.0763380858322842 -0.2701138240113048 -0.344823944661346 -0.1116854795135873 0.3587619121700699
 0.07909019841249471 0.1183481808032195 0.04372709041705357 -0.05866823575358925 0.03126686931556383 0.07541241708068225 0.02871582933291981 -0.190950004293016 0.01128616813374112 0.2972013413456961
 0.07759461857307363 -0.1113905140224923 -0.3086095906317973 -0.05886587144124997 -0.2534099035428498 -0.03836580012013395 0.1553581099640848 0.2214807434851181 0.1223002029672534 -0.5391023421052409


# name: iter
# type: scalar
147


# name: c
# type: matrix
# rows: 1
# columns: 10
 0.4757570456216491 0.4699606405271081 0.4158141698910596 0.4073335621629655 0.736657125192152 0.3004484603744382 0.5245540334488149 0.3533006334772985 0.391505636994308 0.2012410898875694


# name: mean_corr
# type: matrix
# rows: 9
# columns: 1
 -0.1983984686257959
 -0.1331267803574644
 -0.09467542909927198
 -0.007376905806378019
 0.01505735740113562
 0.02895746432183209
 0.06019403267024175
 0.06588825927304098
 0.4276572397577364


# name: mean_error
# type: matrix
# rows: 9
# columns: 1
 1.503127128801468
 1.460963369523835
 1.439193023213559
 1.407885279408316
 1.40548556105749
 1.401839037168289
 1.380692649325265
 1.375296969703351
 1.255254178685371


# name: iter_improve
# type: matrix
# rows: 9
# columns: 1
 1
 3
 13
 45
 63
 99
 102
 103
 147


# name: optim_start
# type: scalar
147


# name: optim_steps
# type: scalar
9


# name: VPVP_params
# type: scalar struct
# ndims: 2
 1 1
# length: 8
# name: lambda
# type: scalar
300000000


# name: downsample
# type: scalar
10


# name: MaxIter_X
# type: scalar
200


# name: MaxIter
# type: scalar
50


# name: optTol_X
# type: scalar
1e-06


# name: progTol_X
# type: scalar
1e-10


# name: optTol_aW
# type: scalar
0.0001


# name: progTol_aW
# type: scalar
1e-07




