# Created by Octave 3.8.1, Wed Nov 29 22:21:06 2017 ART <gabrevaya@ws14.labo1>
# name: y_start
# type: matrix
# rows: 15
# columns: 1
 0.1421572928662447
 1.378302909705078
 -2.100698082205906
 -2.099788469165346
 0.6423329792672328
 0.06381609077649086
 2.19011281053115
 -0.6425608596917057
 2.151957044282575
 0.1405459252751582
 -0.4556011520593152
 0.02427014255548643
 2.623837179524758
 1.228326453650168
 0.9461085937097767


# name: alphas
# type: cell
# rows: 1
# columns: 3
# name: <cell-element>
# type: matrix
# rows: 15
# columns: 1
 -0.1728682866555083
 0.9471551101278335
 0.3816028053520447
 0.5832126254843167
 0.6420469441429065
 1.166899048635999
 0.6424379328728209
 0.06450328811888396
 1.49797220959704
 1.435536891852223
 0.4808205081048369
 -0.93418744019021
 0.2956664883289318
 0.8919686964364753
 0.7380562217402262



# name: <cell-element>
# type: matrix
# rows: 15
# columns: 1
 1.423712809641503
 0.5751171832766849
 0.8069510903773739
 1.104029019441612
 0.2920911904658947
 1.363407919619213
 0.6079339843789395
 1.25642721051461
 1.675847510583075
 0.9005530068396533
 0.4518391680682169
 0.3559466011962145
 0.5123911749402387
 0.5559033014472242
 1.02507100007063



# name: <cell-element>
# type: matrix
# rows: 15
# columns: 1
 11.01385442776683
 11.41810601502257
 11.6158342658674
 11.17295511010051
 11.63099972502388
 11.46119395395509
 12.10261627560094
 11.07076796643298
 11.7760092975577
 11.17315299172489
 11.46522490529101
 11.14225264771026
 11.25865442749221
 12.98373021093935
 11.10973004486613





# name: W
# type: matrix
# rows: 15
# columns: 15
 0.2116810717074829 0.1592958679897882 -0.2116445797381157 -0.6023533243903391 -0.1595941319081907 0.09131875881646122 0.4447183251257498 -0.3708822028797938 0.02811520024951534 -0.3146946649136995 -0.857287247175831 0.1759331228969958 -0.3831814188931721 -0.02034140492635439 0.7966796908231474
 0.2758766069032884 0.5730877928731826 -0.1426397163531987 -0.7754656156098163 0.4354482156044948 -0.3868226000551642 -0.1207455996561228 0.6622526782337517 -0.2376320417360053 -0.1424810721907193 0.6817258660948663 -0.1495080240558573 -0.000543833339203653 0.4080193869241246 -0.4439198768820261
 0.0375321220729949 0.190032411357138 -0.08196822378043474 -0.1899997537068584 0.2188406111397972 -0.3952496891018119 0.2958707811322916 -0.09481168974551604 -0.09817433564418783 0.1564614234741438 -0.2439772629154228 -0.1721580754861855 0.0739394921907377 -0.09643879011518608 0.2907883121829495
 -0.3667743055458512 0.3126722220269209 0.2968109628031283 -0.1579420289818665 0.2062511644085916 -0.4905203580777234 0.09974671318118143 0.4839765501295578 0.4247248641750328 0.1975909973582516 0.5073012292221091 -0.3012013549587564 0.4121088023521047 -0.3610930135247437 -0.3095127068210053
 -0.6160148230715305 0.366702318888042 0.2349836800343049 0.5382558629425792 0.3350334117741836 0.5746258317662984 -0.2240496286941131 0.2416883489085832 -0.1226474029559553 -0.331287505484363 -0.1541852283454057 -0.1812740974557258 -0.9507161848015514 0.09717172214157443 -0.5628929872340902
 0.1128238306018047 0.2317141442633357 -0.3094069242835706 -0.0739617504233276 -0.00491947682095416 -0.4535361110555045 0.01303032841595232 0.3657661595978133 -0.2183700756608805 0.0790712722950874 -0.07949310041723084 0.02911948613982524 -0.3007881728300172 0.2292676163965425 -0.02648809063087394
 -0.2399575921593812 0.06207328867531383 0.1841598740442003 -0.2968373828396834 0.204402834279153 -0.7227613405950445 -0.3809963852046636 0.3897330506635804 -0.7498947324235496 0.4130148685167664 0.3729819999439271 -0.3635990174737438 0.2199777468556247 0.2142415965478642 -0.5902847503724342
 0.191485893230035 -0.1563324442994028 -0.2507473983836292 0.1387544499184179 0.319218739208003 -0.04878744287387398 0.2551430449347798 -0.05289306849180254 -0.1876972267201203 0.3798988492702588 -0.608916015729341 2.518248292635192e-05 0.5736639317399289 -0.285241342844816 -0.3432179416063779
 -0.06844598533396469 -0.1512394438875086 0.04584956374811357 -0.3269990615781278 -0.3855206256317462 -0.01592682239746533 -0.1407266056977155 -0.08707675567697978 -0.193096500535431 0.1608472022194553 -0.07525891141177314 0.2172584061655927 -0.1620984733645323 -0.3159007692991063 -0.1258472944113461
 0.08066456030713204 -0.1902962486763382 0.2058558558710367 0.05661918921778229 -0.01508385758027225 0.2558864335993593 0.08637258353134047 -0.0129069237204379 0.0628523646416663 -0.1723635205517185 -0.1781614876690402 0.3945400196036858 -0.3836722328770347 0.1490416073863767 0.5416121809840028
 -0.08014126153852753 0.002888677445800766 0.2007135844931386 -0.1367979810702371 -0.0947292900836357 0.1690099265432835 0.2871721532336876 0.1814883757026008 -0.202436182360883 -0.0697031357146279 -0.3351466689650867 0.05854423302730041 -0.5206488999467399 0.0419043642914433 -0.166050833364097
 -0.3149869409917444 -0.2037851288733948 -0.243366322592387 -0.2945495072598995 -0.2229516147681773 -0.08713967189464501 -0.09367221609556464 -0.1252346630774316 0.03290292819043073 0.2501718951517665 0.2848816541469416 -0.2419328121048137 0.303913443818273 0.2132667922461423 -0.5408317173043574
 0.1004732937650906 -0.1972890026505195 0.1608197608789322 0.5279563617663847 0.6373720835211485 0.2179994880574276 0.2574193744122621 0.4991746556229438 0.4170649056550889 0.06694910460959658 -0.2333180068162012 0.2418561170976566 -0.3845291736236545 -0.1422084882818963 0.1501023706025113
 -0.7649747987443917 0.2938287318210273 0.09989337134105747 0.5071642091134565 0.4417577559883052 0.2488228473088256 0.1838408036827495 0.0983465631192883 0.3388847636074519 -0.5574268809276672 0.6847153079998495 0.006563252310801483 -0.6938615374965655 0.2077912867879079 -0.2160731064029535
 -0.6079558774907069 -0.1036678632662282 -0.1761099826711837 -0.3947439936828542 -0.4599044266175285 -0.573390757769922 -0.1755588610010012 -0.4210521118958391 0.1428959678969106 0.3241552237230055 0.3727422490706576 -0.4042068573676754 0.7049844338956899 0.01242270389200076 -0.8625704764653119


# name: iter
# type: scalar
100000


# name: c
# type: matrix
# rows: 1
# columns: 15
 NaN NaN NaN NaN NaN NaN NaN NaN NaN NaN NaN NaN NaN NaN NaN


