# Created by Octave 3.8.1, Tue Nov 28 19:54:28 2017 ART <gabrevaya@ws14.labo1>
# name: y_start
# type: matrix
# rows: 15
# columns: 1
 0.4768242523407039
 0.4691404672983208
 -1.7635706259481
 -1.939057527866637
 1.361386539813187
 -0.3817240032326455
 2.400935083546842
 -0.8421651933042997
 1.296215150278237
 -0.1060297110094567
 -0.1215317967321482
 -0.8911647384671206
 1.832200471361227
 0.1289631351312216
 0.7620394530976576


# name: alphas
# type: cell
# rows: 1
# columns: 3
# name: <cell-element>
# type: matrix
# rows: 15
# columns: 1
 0.5049258000398429
 0.5278036099109
 0.6377214933904537
 0.578
 0.4383896182041884
 0.5279852443782985
 0.4998297550298638
 0.578
 0.578
 0.393913151684041
 0.6359912859261012
 0.6574909483558176
 0.7124399607228136
 0.578
 0.578



# name: <cell-element>
# type: matrix
# rows: 15
# columns: 1
 1.143748763415228
 1.117631968634833
 0.8969354177524359
 1
 0.9291183230127978
 1.158749569247602
 1.095220541882275
 1
 1
 1.230634885958032
 0.9717098888927667
 1.01812483580142
 0.8308259638738539
 1
 1



# name: <cell-element>
# type: matrix
# rows: 15
# columns: 1
 11.64173140659661
 11.48858607519879
 11.29077517646505
 11.38
 11.55539363833352
 11.45413023257532
 11.37275983339945
 11.38
 11.38
 11.39213163512606
 11.40503438068379
 11.32466331086139
 11.25506050991589
 11.38
 11.38





# name: W
# type: matrix
# rows: 15
# columns: 15
 0 0 0 0 0 0 0 0 0 0 0 0 0 0 0
 0 0 0 0 0 0 0 0 0 0 0 0 0 0 0
 0 0 0 0 0 0 0 0 0 0 0 0 0 0 0
 0 0 0 0 0 0 0 0 0 0 0 0 0 0 0
 0 0 0 0 0 0 0 0 0 0 0 0 0 0 0
 0 0 0 0 0 0 0 0 0 0 0 0 0 0 0
 0 0 0 0 0 0 0 0 0 0 0 0 0 0 0
 0 0 0 0 0 0 0 0 0 0 0 0 0 0 0
 0 0 0 0 0 0 0 0 0 0 0 0 0 0 0
 0 0 0 0 0 0 0 0 0 0 0 0 0 0 0
 0 0 0 0 0 0 0 0 0 0 0 0 0 0 0
 0 0 0 0 0 0 0 0 0 0 0 0 0 0 0
 0 0 0 0 0 0 0 0 0 0 0 0 0 0 0
 0 0 0 0 0 0 0 0 0 0 0 0 0 0 0
 0 0 0 0 0 0 0 0 0 0 0 0 0 0 0


# name: iter
# type: scalar
540


# name: c
# type: matrix
# rows: 1
# columns: 15
 -0.03463040220165563 -0.05792759852519418 0.1884368208499251 0.03223989921310924 -0.03523904292966938 0.2968746234200818 -0.03320425121248441 0.5318863973763398 0.08412026530626297 0.005724369624561103 -0.06310225705147522 0.09157314375174319 0.04556403143727625 0.1562786431822253 0.05130789149433991


# name: mean_corr
# type: matrix
# rows: 20
# columns: 1
 -0.09780623404967494
 -0.07132822346453867
 -0.06437665241792039
 -0.06432239494802575
 -0.05518734629792047
 -0.05335317350442977
 -0.04164185437890858
 -0.03114017036322854
 -0.0104448961614616
 -0.007452245186907268
 0.005702218281585172
 0.01143812720829365
 0.01973576802406119
 0.0433976629855602
 0.05038760735469112
 0.05289139036929105
 0.05549048721883142
 0.05798826538754938
 0.08458918179256304
 0.08532673311174084


# name: mean_error
# type: matrix
# rows: 20
# columns: 1
 1.459428770285542
 1.441540384789977
 1.436205410490992
 1.436438616992494
 1.426961806390356
 1.426714708393963
 1.424474672612125
 1.423594029879671
 1.409093196869051
 1.409222027717673
 1.405292798125178
 1.403537903650418
 1.397481867196108
 1.387844576128684
 1.387742722215974
 1.379091616326856
 1.374622313460107
 1.379205840463966
 1.368980881281659
 1.367050338819112


# name: iter_improve
# type: matrix
# rows: 20
# columns: 1
 1
 6
 29
 36
 39
 79
 105
 106
 108
 122
 125
 171
 211
 212
 260
 308
 331
 458
 482
 537


# name: optim_start
# type: scalar
540


# name: optim_steps
# type: matrix
# rows: 0
# columns: 0


# name: VPVP_params
# type: scalar struct
# ndims: 2
 1 1
# length: 8
# name: lambda
# type: scalar
300000000


# name: downsample
# type: scalar
10


# name: MaxIter_X
# type: scalar
200


# name: MaxIter
# type: scalar
50


# name: optTol_X
# type: scalar
1e-06


# name: progTol_X
# type: scalar
1e-10


# name: optTol_aW
# type: scalar
0.0001


# name: progTol_aW
# type: scalar
1e-07




