# Created by Octave 3.8.1, Tue Nov 28 20:15:28 2017 ART <gabrevaya@ws17.labo2>
# name: y_start
# type: matrix
# rows: 15
# columns: 1
 0.2482247464250976
 -2.210103490054701
 0.3601349851481034
 -1.590481284675612
 0.2974226720254134
 -0.5506047907269616
 0.9560075378243454
 -0.997146540076573
 0.8479789725083033
 1.43526048899368
 0.45415518258411
 -0.5462833831203479
 -0.3652170696573111
 0.7553122732016845
 -0.9634292677607229


# name: alphas
# type: cell
# rows: 1
# columns: 3
# name: <cell-element>
# type: matrix
# rows: 15
# columns: 1
 0.3429008066146538
 0.3991485992577143
 0.5317027226066642
 0.4775332019825627
 0.6722317898995167
 0.5980069331801233
 0.5126767884519812
 0.5513207954756046
 0.5360470986192226
 0.6598113114748668
 0.4580105574714459
 0.4669448734308284
 0.6270691496648354
 0.6121819784367138
 0.5639131492228671



# name: <cell-element>
# type: matrix
# rows: 15
# columns: 1
 1.406551628487747
 1.009688745101092
 1.288735782536165
 1.081533036076491
 0.890349937392839
 1.17702111000282
 1.147897163308344
 1.009783132694206
 1.021418271736688
 0.71739474888869
 0.9226898123854992
 1.024192692883002
 0.9310751488040598
 0.6173443979316499
 0.9402531543033094



# name: <cell-element>
# type: matrix
# rows: 15
# columns: 1
 11.21421356580589
 11.33029417030238
 11.48472665374477
 11.38856317575171
 11.46646027660115
 11.29733659965442
 11.36705491767332
 11.38925983296332
 11.38435776392537
 11.4777131233626
 11.49550316274113
 11.38263340572312
 11.23799484861969
 11.3553457176281
 11.3745654160393





# name: W
# type: matrix
# rows: 15
# columns: 15
 0.01970380514094911 -0.1572360533434487 0.05409860783946332 -0.1381088804554574 -0.1334782391203395 -0.03183434257591052 0.01689257637885466 -0.1875222340738351 0.03591808867526811 -0.05742945757087062 -0.09025587382678041 0.01847489539345535 -0.1117490263256271 -0.04405894481158965 0.1562976895900119
 0.3085637670894409 -0.1552522459995822 -0.1807570926155492 -0.2751380144474965 0.1955141601425719 -0.2327958036210264 -0.04306427022219619 0.1241950939223512 0.08392989628435954 0.05532536915144576 0.2243619247594773 -0.2129398199342146 0.1124662343067118 0.1405662537385523 -0.4124637158615982
 -0.1128323814532603 -0.001307224847164328 0.05418714806488615 -0.04502235451978949 -0.02209497364396313 -0.00826768365920299 -0.1243689291227831 -0.05772557884616736 -0.05022809534554431 0.02183455726293878 0.02550487667764688 -0.06531011536467506 0.006248212412857758 0.0075460923903664 -0.042310876009302
 -0.09226182622393431 -0.04062156829978938 -0.04832893934131173 -0.2433228438148237 0.05845174364704656 -0.1930907372124668 -0.05106853854118769 0.0326311122460943 0.04729083800677182 0.06354612061158636 0.112885336309707 -0.1336216400775813 0.1052123139253957 0.01482389779923 -0.1742025823993462
 -0.05840200647445516 0.1295261804662164 -0.05501747318096286 0.06266309924552425 0.02313334098868828 0.00615475303057969 0.1277469769104432 0.08024746752285387 0.03347749214271958 -0.1696874051671402 -0.02435899069429122 0.02452897448021744 -0.04869013845729905 0.04041860715828365 0.004592834474545619
 0.02850830433635644 -0.05492659891909307 -0.04177867548149067 -0.14187004361199 0.02049838319691092 -0.1070566532038501 -0.07212180272380227 -0.02282322411503228 0.004372776268573238 -0.0008535648911722892 0.05737205385038542 -0.08160838980211631 -0.007163062175105834 0.04834275492212806 -0.09268934581041632
 0.02637518757617313 -0.05400431843373667 -0.05412723410228357 -0.1777529734420981 0.05445615641972875 -0.1211188255241137 -0.197784356834514 0.03542062703502732 -0.03994509937412168 0.1626543646912387 0.1751125322052968 -0.1814198350461269 0.152331992520309 0.02312877443401475 -0.248979933632289
 0.214607499124073 -0.05925744230807633 -0.05516637440331656 0.0393313833292694 0.09422109801971253 0.0139827546804476 0.1325366110464113 0.06098052084317804 0.06461419079327466 0.08186553016669811 0.02267593823785888 0.01496138327012353 0.01020606421106016 0.007877146182184866 -0.0772436115614939
 -0.03763173850773228 0.0465170221550026 -0.02978261270532766 0.01525295928608233 -0.0206405108320709 0.02249236250990222 -0.03338377966832913 0.02580750638606968 -0.05093632167378451 0.1344445387226313 0.0297671154076046 -0.005947576554634304 0.09421721377754902 -0.03715967607810508 -0.001322354290441248
 0.003695993781227094 0.04024113592773135 0.006447013201109335 0.09657277049869475 -0.01284825322416862 0.05683921404095896 0.06243678336162291 0.01045083079120599 0.006590641962431583 -0.09050618965569417 -0.05229860513157087 0.07350600418643798 -0.04674342408185977 0.006140227817758437 0.08722489974717133
 0.03227412220380398 0.1413541360275408 -0.0598592871620322 0.1959553478024766 0.01685342021695384 0.05784483422387889 0.2285984433675193 0.08150521502165832 0.07536043561727275 -0.2897888869392129 -0.2465351951697772 0.1653171013365667 -0.1414763833294125 -0.007152298482712281 0.1972374540052997
 -0.040357125178962 -0.06607051729502535 0.008484651524387028 -0.1572743040841244 0.05710220917595814 -0.064586801442024 -0.1694494084084129 -0.04476033436511988 -0.04441207347013506 0.02270443758054207 0.1141919960744848 -0.2034664955222882 -0.009052233367599992 0.08259742483156399 -0.236990315018115
 0.08290300236366979 -0.002850939980314406 -0.04098858917559024 0.07769218138851312 -0.02445263178200168 0.02175515383992835 0.1733098962270268 0.01511669161206254 0.07585565749024177 -0.07954355262953207 -0.111583412443911 0.1268313876475918 -0.07561973924520098 -0.05229610935856095 0.1839383805211552
 -0.1108190230657667 0.1992307566908618 -0.07026852978860672 0.1117017648725382 0.05559529182262707 0.02002778738260252 0.0357481446681938 0.09697489135723153 -0.01812673001771033 -0.3331654721651458 -0.002522936789525885 0.04847799978712215 -0.08001157651317398 0.09323680664233325 0.04722150014357982
 -0.1295453235126776 -0.06555377655912467 0.03210837844556361 -0.2059710411895826 0.044671993589761 -0.09610128839711167 -0.222322138559379 -0.05187041088047616 -0.05771691931459411 0.1789788605738677 0.1506769023248891 -0.2114167228712192 0.08333563084059253 0.05326313811213439 -0.3181668637292578


# name: iter
# type: scalar
785


# name: c
# type: matrix
# rows: 1
# columns: 15
 0.4902123955353932 0.5203020395534408 0.4149854418376964 0.368522056295599 0.481095525556101 0.3855344273062219 0.1717167706152628 0.6266705260179108 0.3027357879292716 0.422689216005496 0.1762879897995098 0.07804709559690633 0.4300299442065853 0.6002943808353339 0.188962886011765


# name: mean_corr
# type: matrix
# rows: 22
# columns: 1
 -0.09264960905641814
 -0.08069964911295198
 -0.07333210850658098
 -0.03162814560544776
 -0.03080255022333553
 -0.008111344335745193
 -0.006624047009553539
 -0.001227574924937999
 0.005877624519425796
 0.00859962336271681
 0.01731733619018124
 0.04897107915615879
 0.06490942166972638
 0.06977101216099453
 0.07590836354465576
 0.07632329392160023
 0.07976347727754113
 0.07990857779877612
 0.08098211306785831
 0.08178455193178623
 0.0830383473338103
 0.3772057655401663


# name: mean_error
# type: matrix
# rows: 22
# columns: 1
 1.489943708687299
 1.48565847928614
 1.483253582183028
 1.455755941038725
 1.454868893895838
 1.438476101359588
 1.436229122065584
 1.429693702226465
 1.421558718924425
 1.421224781587894
 1.407913966921953
 1.393795612156568
 1.389622881008046
 1.381501816424068
 1.37494318270824
 1.374680925132235
 1.373021602964295
 1.365112149237889
 1.364752169936904
 1.363866273917564
 1.362812227980666
 1.297047226477739


# name: iter_improve
# type: matrix
# rows: 22
# columns: 1
 1
 2
 3
 7
 116
 135
 221
 249
 294
 311
 379
 405
 410
 452
 476
 643
 654
 669
 712
 727
 754
 785


# name: optim_start
# type: scalar
785


# name: optim_steps
# type: scalar
22


# name: VPVP_params
# type: scalar struct
# ndims: 2
 1 1
# length: 8
# name: lambda
# type: scalar
300000000


# name: downsample
# type: scalar
10


# name: MaxIter_X
# type: scalar
200


# name: MaxIter
# type: scalar
50


