# Created by Octave 3.8.1, Tue Nov 28 20:12:31 2017 ART <gabrevaya@ws17.labo2>
# name: y_start
# type: matrix
# rows: 15
# columns: 1
 0.2482247189453447
 -2.210103487554794
 0.3601350003206565
 -1.5904812849403
 0.297422708505476
 -0.5506047838426463
 0.9560075449018136
 -0.9971465511977387
 0.8479789807809047
 1.435260462260393
 0.4541551940216411
 -0.5462833888798133
 -0.3652170720564269
 0.7553122936949382
 -0.9634292805700447


# name: alphas
# type: cell
# rows: 1
# columns: 3
# name: <cell-element>
# type: matrix
# rows: 15
# columns: 1
 0.346162642172189
 0.4715310896355411
 0.49759194945241
 0.578
 0.7122293230436039
 0.675209412790079
 0.5901924933709255
 0.578
 0.578
 0.6932815690821174
 0.5618923640770698
 0.578
 0.6786392392294563
 0.578
 0.578



# name: <cell-element>
# type: matrix
# rows: 15
# columns: 1
 1.385973584031466
 1.133968621296797
 1.293330500633022
 1
 0.9880806933535168
 1.089249915392139
 1.097268732021662
 1
 1
 0.8262350770216264
 0.9071687006041608
 1
 0.8565959851031055
 1
 1



# name: <cell-element>
# type: matrix
# rows: 15
# columns: 1
 11.21285495704412
 11.33626024796016
 11.48287743637624
 11.38
 11.47841166985467
 11.28809111296634
 11.35882370691967
 11.38
 11.38
 11.48505766024657
 11.49380358434966
 11.38
 11.23290416870704
 11.38
 11.38





# name: W
# type: matrix
# rows: 15
# columns: 15
 0 0 0 0 0 0 0 0 0 0 0 0 0 0 0
 0 0 0 0 0 0 0 0 0 0 0 0 0 0 0
 0 0 0 0 0 0 0 0 0 0 0 0 0 0 0
 0 0 0 0 0 0 0 0 0 0 0 0 0 0 0
 0 0 0 0 0 0 0 0 0 0 0 0 0 0 0
 0 0 0 0 0 0 0 0 0 0 0 0 0 0 0
 0 0 0 0 0 0 0 0 0 0 0 0 0 0 0
 0 0 0 0 0 0 0 0 0 0 0 0 0 0 0
 0 0 0 0 0 0 0 0 0 0 0 0 0 0 0
 0 0 0 0 0 0 0 0 0 0 0 0 0 0 0
 0 0 0 0 0 0 0 0 0 0 0 0 0 0 0
 0 0 0 0 0 0 0 0 0 0 0 0 0 0 0
 0 0 0 0 0 0 0 0 0 0 0 0 0 0 0
 0 0 0 0 0 0 0 0 0 0 0 0 0 0 0
 0 0 0 0 0 0 0 0 0 0 0 0 0 0 0


# name: iter
# type: scalar
785


# name: c
# type: matrix
# rows: 1
# columns: 15
 0.2350892794119901 -0.0201825227753086 -0.03038895383944605 0.01073525085914963 -0.02483643603903986 0.07428611404605061 -0.01637494163036179 0.5058520878516385 0.1352764991173784 0.03060829839613487 -0.05524175321033676 0.09411003220944375 0.2148654974523265 0.05148947280828435 -0.02694090767180364


# name: mean_corr
# type: matrix
# rows: 21
# columns: 1
 -0.09264960905641814
 -0.08069964911295198
 -0.07333210850658098
 -0.03162814560544776
 -0.03080255022333553
 -0.008111344335745193
 -0.006624047009553539
 -0.001227574924937999
 0.005877624519425796
 0.00859962336271681
 0.01731733619018124
 0.04897107915615879
 0.06490942166972638
 0.06977101216099453
 0.07590836354465576
 0.07632329392160023
 0.07976347727754113
 0.07990857779877612
 0.08098211306785831
 0.08178455193178623
 0.0830383473338103


# name: mean_error
# type: matrix
# rows: 21
# columns: 1
 1.489943708687299
 1.48565847928614
 1.483253582183028
 1.455755941038725
 1.454868893895838
 1.438476101359588
 1.436229122065584
 1.429693702226465
 1.421558718924425
 1.421224781587894
 1.407913966921953
 1.393795612156568
 1.389622881008046
 1.381501816424068
 1.37494318270824
 1.374680925132235
 1.373021602964295
 1.365112149237889
 1.364752169936904
 1.363866273917564
 1.362812227980666


# name: iter_improve
# type: matrix
# rows: 21
# columns: 1
 1
 2
 3
 7
 116
 135
 221
 249
 294
 311
 379
 405
 410
 452
 476
 643
 654
 669
 712
 727
 754


# name: optim_start
# type: scalar
785


# name: optim_steps
# type: matrix
# rows: 0
# columns: 0


# name: VPVP_params
# type: scalar struct
# ndims: 2
 1 1
# length: 8
# name: lambda
# type: scalar
300000000


# name: downsample
# type: scalar
10


# name: MaxIter_X
# type: scalar
200


# name: MaxIter
# type: scalar
50


# name: optTol_X
# type: scalar
1e-06


# name: progTol_X
# type: scalar
1e-10


# name: optTol_aW
# type: scalar
0.0001


# name: progTol_aW
# type: scalar
1e-07




