# Created by Octave 3.8.1, Tue Nov 28 20:20:19 2017 ART <gabrevaya@ws22.labo7>
# name: y_start
# type: matrix
# rows: 15
# columns: 1
 0.9101205292330272
 -1.083154361639583
 -0.4747923447067275
 -1.173707548786684
 -0.8077877900728205
 -0.3309192355959405
 -0.5483415515825778
 1.339891590024682
 -1.152024135462965
 1.783086477001587
 0.6720058268038198
 0.1914473217171198
 2.002047076159672
 0.6291638201641599
 2.495063901938102


# name: alphas
# type: cell
# rows: 1
# columns: 3
# name: <cell-element>
# type: matrix
# rows: 15
# columns: 1
 0.3463251086971735
 0.5569864625424404
 0.578
 0.578
 0.578
 0.458620484387278
 0.578
 0.460409032196426
 0.578
 0.6620110739658147
 0.5938863464391985
 0.578
 0.7370239321256619
 0.578
 0.578



# name: <cell-element>
# type: matrix
# rows: 15
# columns: 1
 1.172429986464594
 0.7715652150573785
 1
 1
 1
 1.060221524239342
 1
 0.8906803766604421
 1
 1.13247590478221
 0.9773295762779494
 1
 1.1035752384373
 1
 1



# name: <cell-element>
# type: matrix
# rows: 15
# columns: 1
 11.3300101611372
 11.48675335045463
 11.38
 11.38
 11.38
 11.41988524833558
 11.38
 11.32828499897662
 11.38
 11.3360007299263
 11.31534617504515
 11.38
 11.41510388708289
 11.38
 11.38





# name: W
# type: matrix
# rows: 15
# columns: 15
 0 0 0 0 0 0 0 0 0 0 0 0 0 0 0
 0 0 0 0 0 0 0 0 0 0 0 0 0 0 0
 0 0 0 0 0 0 0 0 0 0 0 0 0 0 0
 0 0 0 0 0 0 0 0 0 0 0 0 0 0 0
 0 0 0 0 0 0 0 0 0 0 0 0 0 0 0
 0 0 0 0 0 0 0 0 0 0 0 0 0 0 0
 0 0 0 0 0 0 0 0 0 0 0 0 0 0 0
 0 0 0 0 0 0 0 0 0 0 0 0 0 0 0
 0 0 0 0 0 0 0 0 0 0 0 0 0 0 0
 0 0 0 0 0 0 0 0 0 0 0 0 0 0 0
 0 0 0 0 0 0 0 0 0 0 0 0 0 0 0
 0 0 0 0 0 0 0 0 0 0 0 0 0 0 0
 0 0 0 0 0 0 0 0 0 0 0 0 0 0 0
 0 0 0 0 0 0 0 0 0 0 0 0 0 0 0
 0 0 0 0 0 0 0 0 0 0 0 0 0 0 0


# name: iter
# type: scalar
217


# name: c
# type: matrix
# rows: 1
# columns: 15
 0.1978019144594037 -0.4558899118397172 0.06659020984341914 -0.2508148307618303 0.2923091423780405 -0.0747422598497598 -0.06350441520115656 0.1589475304648651 0.01213762286873521 0.01274096020750364 -0.07405358981762809 -0.00660953893755589 -0.3988615020091242 -0.183004308964395 0.1647457109461673


# name: mean_corr
# type: matrix
# rows: 10
# columns: 1
 -0.0907772205114722
 -0.07650152450675933
 -0.07439921516516865
 -0.06461263723048644
 -0.03679244116152989
 -0.01658039646228909
 -0.001266657035863189
 0.007108487181895287
 0.02084189761870196
 0.02421009183039595


# name: mean_error
# type: matrix
# rows: 10
# columns: 1
 1.465782043590555
 1.455463176230263
 1.454519413519433
 1.448765185092477
 1.43153949077688
 1.418088209630285
 1.404504611816731
 1.400357195856188
 1.39586430789338
 1.393530313953152


# name: iter_improve
# type: matrix
# rows: 10
# columns: 1
 1
 18
 45
 67
 89
 102
 131
 154
 156
 210


# name: optim_start
# type: scalar
217


# name: optim_steps
# type: matrix
# rows: 0
# columns: 0


# name: VPVP_params
# type: scalar struct
# ndims: 2
 1 1
# length: 8
# name: lambda
# type: scalar
300000000


# name: downsample
# type: scalar
10


# name: MaxIter_X
# type: scalar
200


# name: MaxIter
# type: scalar
50


# name: optTol_X
# type: scalar
1e-06


# name: progTol_X
# type: scalar
1e-10


# name: optTol_aW
# type: scalar
0.0001


# name: progTol_aW
# type: scalar
1e-07




