# Created by Octave 3.8.1, Wed Nov 29 00:29:49 2017 ART <gabrevaya@ws17.labo7>
# name: y_start
# type: matrix
# rows: 15
# columns: 1
 0.850622072315888
 1.073723324566177
 -0.2728834847538623
 0.3224808747826583
 1.684150320215596
 1.018682262972907
 -0.6273829379050219
 1.141453993159496
 -1.050679253550125
 0.01635575421375444
 1.154748347571901
 -0.3665735141280916
 0.4258222789288872
 0.02299659518081574
 -0.06306676503247616


# name: alphas
# type: cell
# rows: 1
# columns: 3
# name: <cell-element>
# type: matrix
# rows: 15
# columns: 1
 0.8387254529683689
 0.6961717015779684
 0.7562324067837243
 0.5098769165557496
 0.5799452188969285
 0.5778499747602068
 0.3969207730870097
 0.9319054593540756
 0.338291181076408
 0.4778887381603393
 0.4660655779837949
 0.5506892396511697
 0.7156733773776134
 0.3786839813628358
 0.5934146465454891



# name: <cell-element>
# type: matrix
# rows: 15
# columns: 1
 1.150856560502523
 0.7085077137355034
 0.9900728680762116
 1.071549038720961
 0.8423129537050033
 1.298412572264725
 1.005942986563211
 1.136208511579031
 1.042844247075727
 0.8726904062771215
 0.9049742312803227
 0.9569067206643892
 0.8444055822527677
 0.9593592591455139
 1.001543633991391



# name: <cell-element>
# type: matrix
# rows: 15
# columns: 1
 11.4105296101427
 11.32882477111183
 11.30972867642379
 11.39611313830956
 11.48235738128075
 11.25489123705992
 11.36279623487024
 11.45012315249118
 11.31945356130304
 11.52462574231653
 11.52721816455252
 11.35571772317236
 11.52620112208613
 11.31773958912493
 11.29724836300409





# name: W
# type: matrix
# rows: 15
# columns: 15
 0 0 0 0 0 0 0 0 0 0 0 0 0 0 0
 0 0 0 0 0 0 0 0 0 0 0 0 0 0 0
 0 0 0 0 0 0 0 0 0 0 0 0 0 0 0
 0 0 0 0 0 0 0 0 0 0 0 0 0 0 0
 0 0 0 0 0 0 0 0 0 0 0 0 0 0 0
 0 0 0 0 0 0 0 0 0 0 0 0 0 0 0
 0 0 0 0 0 0 0 0 0 0 0 0 0 0 0
 0 0 0 0 0 0 0 0 0 0 0 0 0 0 0
 0 0 0 0 0 0 0 0 0 0 0 0 0 0 0
 0 0 0 0 0 0 0 0 0 0 0 0 0 0 0
 0 0 0 0 0 0 0 0 0 0 0 0 0 0 0
 0 0 0 0 0 0 0 0 0 0 0 0 0 0 0
 0 0 0 0 0 0 0 0 0 0 0 0 0 0 0
 0 0 0 0 0 0 0 0 0 0 0 0 0 0 0
 0 0 0 0 0 0 0 0 0 0 0 0 0 0 0


# name: iter
# type: scalar
648


# name: c
# type: matrix
# rows: 1
# columns: 15
 -0.00972295870000189 0.2350789599926657 0.07877165476225712 0.01088511542902885 0.26219191708633 0.2571483961640475 -0.00443911452007081 0.3925352135438709 0.01404430740814888 0.01722159155309977 -0.08079432249596818 0.07086143793162164 0.07103455080857839 0.2110767795179716 0.02996740599375618


# name: mean_corr
# type: matrix
# rows: 16
# columns: 1
 -0.1742319686964054
 -0.1674643371022007
 -0.1304031021186042
 -0.1227303208144704
 -0.06569542264922477
 -0.04768754136039608
 0.035368692107881
 0.04842270140794154
 0.06137859192274024
 0.08718211315928291
 0.08664369712724843
 0.08740972602533267
 0.08786185085658887
 0.08824922051673505
 0.1091162969491974
 0.1095684354659019


# name: mean_error
# type: matrix
# rows: 16
# columns: 1
 1.493117155014646
 1.490410946322162
 1.467757642994246
 1.46234246887913
 1.440893580785
 1.432003627406745
 1.390714205878822
 1.376708318443144
 1.369900958696433
 1.355726935973246
 1.346429570718568
 1.352423528183637
 1.348863859792729
 1.350929702788359
 1.345223818989139
 1.345429885411592


# name: iter_improve
# type: matrix
# rows: 16
# columns: 1
 1
 30
 43
 53
 61
 64
 124
 139
 140
 154
 164
 318
 525
 535
 542
 553


# name: optim_start
# type: scalar
648


# name: optim_steps
# type: matrix
# rows: 0
# columns: 0


# name: VPVP_params
# type: scalar struct
# ndims: 2
 1 1
# length: 8
# name: lambda
# type: scalar
300000000


# name: downsample
# type: scalar
10


# name: MaxIter_X
# type: scalar
200


# name: MaxIter
# type: scalar
50


# name: optTol_X
# type: scalar
1e-06


# name: progTol_X
# type: scalar
1e-10


# name: optTol_aW
# type: scalar
0.0001


# name: progTol_aW
# type: scalar
1e-07




