# Created by Octave 3.8.1, Wed Nov 29 00:33:40 2017 ART <gabrevaya@ws17.labo7>
# name: y_start
# type: matrix
# rows: 15
# columns: 1
 0.8506220861612427
 1.073723300857004
 -0.2728834860729898
 0.3224808693968722
 1.684150309575602
 1.018682264385703
 -0.6273829493248506
 1.141453993470046
 -1.050679255349849
 0.016355757200021
 1.154748333387386
 -0.3665735133356581
 0.42582227573055
 0.02299655469283496
 -0.06306675033945586


# name: alphas
# type: cell
# rows: 1
# columns: 3
# name: <cell-element>
# type: matrix
# rows: 15
# columns: 1
 0.782241230364307
 0.5820368035284688
 0.6989033255545003
 0.4233059650061382
 0.4441563337383276
 0.4729375714286095
 0.3222118316540098
 0.85686436033753
 0.3145211982777837
 0.4751132943773058
 0.3886600855948379
 0.4234779390700709
 0.6392218526905526
 0.4271329826998285
 0.5702340745306574



# name: <cell-element>
# type: matrix
# rows: 15
# columns: 1
 1.330964786925454
 1.300851240060443
 1.147019582027565
 1.15535301932729
 1.113254923114848
 1.338604787217412
 1.156946188083191
 1.201890195993707
 0.9633462899475935
 0.7814222435629907
 0.797325018878407
 1.007686619071993
 0.8345475448843108
 0.6605613972828387
 0.9240786319807743



# name: <cell-element>
# type: matrix
# rows: 15
# columns: 1
 11.42574569100645
 11.37601546333417
 11.32292647319136
 11.40589609353678
 11.51129958896997
 11.26195749217037
 11.37532202230533
 11.45738614633319
 11.3147078679903
 11.51301496949569
 11.52588727568999
 11.36042542310083
 11.52174767784737
 11.29405661569805
 11.28751303674876





# name: W
# type: matrix
# rows: 15
# columns: 15
 -0.1193053518000993 -0.04504771136606622 0.1202667340946773 -0.04891225851631303 -0.1078609202589044 0.08112549445846153 -0.05746680878498212 -0.1540948498806386 -0.07600608929912507 -0.1311794084830184 -0.1109387835037752 0.03311308708061416 -0.1133403619213553 -0.07183723570156608 0.237140638108676
 0.0599913268310926 -0.2219916262419535 -0.115996641107751 -0.1043009059142882 -0.02130981070230354 -0.2338151161233005 0.02771850433736307 0.09931650873448612 0.1050429197302961 0.1889520806422397 0.2256517610501629 -0.1862668972132373 0.1341826501603518 0.1559605127970086 -0.4858601781359107
 0.0173379233134979 -0.06867440146769775 -0.08019604382883928 -0.1454485689726866 -0.01780737608338977 -0.07590592683714291 -0.07254479121416164 -0.03190119714953327 -0.04133605043963666 -0.02105849117800935 0.02746599282269161 -0.06162036306861109 0.05093579593481727 -0.02256329864235023 0.02318826937996026
 -0.08373506966699552 0.07734118528704682 -0.02948267283252293 -0.1770431880988923 0.000655396947587328 -0.3219659012473731 0.05212693388704422 0.01527752265506074 0.1033733194031425 0.1588150152627001 0.1186055945474163 -0.1067124118309711 0.1929327587922057 0.02110799132507838 -0.2353411268116975
 -0.2044872200902908 0.1746425165406316 -0.02051128836356559 0.2843944881389482 -0.1887162374146962 -0.03835477433236718 0.360875582159141 0.06635885548024546 0.1841117180002471 0.009147731368774012 -0.08559471510992099 0.1380898917793901 0.001968637717457059 0.01587034506796247 -0.03374924516054488
 0.0155547334868444 0.008159452234443957 -0.02091364799834632 -0.06254156732867888 -0.01893101722878425 -0.1596333958309341 0.0007942617582351938 0.0137761458646577 0.01584139715115617 0.02872483575503931 0.05819372202273034 -0.03761891412554685 0.01229996665864221 0.05494342658850478 -0.1163701488716817
 0.1653434892214318 -0.002377130829290146 -0.03107552465432611 -0.2849019993526121 0.1033170048192813 -0.2728069393533266 -0.1616549444160792 0.05172068571795399 0.01868494155981206 0.1844119386046323 0.1520914641511352 -0.158464443222381 0.1612068354698282 -0.004459295019761493 -0.2289574399393874
 -0.02499641065869794 0.005187243597130559 -0.07682641555024022 0.0798444227915754 0.0603391019166019 -0.01506926604295267 0.07878379522045713 -0.05701259549135256 0.1092241107313305 0.2237857825950297 0.009455424553614308 0.008052969368891045 0.166604347335305 -0.01474430508753046 -0.1178161824596104
 0.07250618226965426 0.05101563557908954 0.0004367474500002001 -0.0958548177175039 0.01403524796648205 -0.1038978128832356 -0.04327950287052998 0.03621224602554063 -0.02860294800116707 0.05750683202132947 0.02102905374514769 -0.02753347153286358 0.02577544295317084 -0.0531690146393646 -0.01168359363513863
 0.01404730935051864 0.007220549344090877 -0.01869696048860855 0.08424132879441303 -0.01722194661368683 0.06965545584318866 0.05785617002392449 0.03601898683223099 0.02344164948132694 -0.02176623801638295 -0.03891830847000401 0.04407306566015478 0.01051640821963807 -0.02055810415195083 0.0489395201082326
 0.01883710843662487 0.1893100295930022 -0.05207109623555423 0.2786652362936719 -0.004519503120424276 0.09367258736173689 0.2489057926611814 0.1446639255287165 0.05218392142466675 -0.2483131303783363 -0.2338605295141219 0.230421390533716 -0.1540769019609363 0.04543805433703645 0.1869484974251536
 -0.06096927686838795 -0.04564724538973022 -0.01454153064901944 -0.1700787906559887 0.01166881062945701 -0.09379897494943058 -0.1269821617026569 -0.09973254955981881 -0.04873841487338648 -0.002540979524861673 0.1837284371392536 -0.2303135514588966 0.06151098650426582 0.08937349251174402 -0.2404766379120118
 0.05213705851063578 0.1533141781234465 -0.01846708279639877 0.1723348403664915 0.01696698405238054 0.04591949005646499 0.1501236926301871 0.1301489412886919 0.07827657827830754 0.08187244428523517 -0.127123770492358 0.1745743196033777 -0.1294833497025409 -0.09662569570460981 0.1747148471818335
 -0.1079422698431377 0.1880213089325356 -0.01397956810812289 0.07085207931370303 -0.01369757432642659 -0.1229908547217886 0.1604052184430267 0.02071961375116293 0.01541165423044135 -0.3397306060623239 0.005178851655679458 0.0510090780344151 -0.1668487164939639 0.1148541357143172 -0.00264057934454641
 -0.1284966071618894 -0.09833698055757387 0.07441004192928202 -0.2595287992175978 -0.06070247398483996 -0.1797775551771684 -0.17052469663747 -0.221506869249588 -0.04090653982120988 0.1484329661211542 0.183515200684383 -0.2043301519520651 0.1339930829785371 0.05153908013917229 -0.3381364973609302


# name: iter
# type: scalar
648


# name: c
# type: matrix
# rows: 1
# columns: 15
 0.5417909823824433 0.3959464814417117 0.4680231255871239 0.496425295096619 0.5309019324748648 0.2812823124354495 0.3943636023253428 0.7465468495605797 0.2609217074129476 0.4879972365210972 0.1643430165501771 0.107249455481246 0.4531434717484943 0.587292261174337 0.2155789438066465


# name: mean_corr
# type: matrix
# rows: 17
# columns: 1
 -0.1742319686964054
 -0.1674643371022007
 -0.1304031021186042
 -0.1227303208144704
 -0.06569542264922477
 -0.04768754136039608
 0.035368692107881
 0.04842270140794154
 0.06137859192274024
 0.08718211315928291
 0.08664369712724843
 0.08740972602533267
 0.08786185085658887
 0.08824922051673505
 0.1091162969491974
 0.1095684354659019
 0.4087871115999387


# name: mean_error
# type: matrix
# rows: 17
# columns: 1
 1.493117155014646
 1.490410946322162
 1.467757642994246
 1.46234246887913
 1.440893580785
 1.432003627406745
 1.390714205878822
 1.376708318443144
 1.369900958696433
 1.355726935973246
 1.346429570718568
 1.352423528183637
 1.348863859792729
 1.350929702788359
 1.345223818989139
 1.345429885411592
 1.268801461727693


# name: iter_improve
# type: matrix
# rows: 17
# columns: 1
 1
 30
 43
 53
 61
 64
 124
 139
 140
 154
 164
 318
 525
 535
 542
 553
 648


# name: optim_start
# type: scalar
648


# name: optim_steps
# type: scalar
17


# name: VPVP_params
# type: scalar struct
# ndims: 2
 1 1
# length: 8
# name: lambda
# type: scalar
300000000


# name: downsample
# type: scalar
10


# name: MaxIter_X
# type: scalar
200


# name: MaxIter
# type: scalar
50


# name: optTol_X
# type: scalar
1e-06


# name: progTol_X
# type: scalar
1e-10


# name: optTol_aW
# type: scalar
0.0001


# name: progTol_aW
# type: scalar
1e-07




