# Created by Octave 3.8.1, Tue Nov 28 20:24:08 2017 ART <gabrevaya@ws22.labo7>
# name: y_start
# type: matrix
# rows: 15
# columns: 1
 0.9101205415221735
 -1.083154350081686
 -0.4747923517784795
 -1.17370754867293
 -0.807787787456703
 -0.3309192348749217
 -0.5483415550504687
 1.339891599970613
 -1.152024132932558
 1.783086463113582
 0.6720058184581883
 0.1914473233350308
 2.002047069048317
 0.6291638154419751
 2.49506390462096


# name: alphas
# type: cell
# rows: 1
# columns: 3
# name: <cell-element>
# type: matrix
# rows: 15
# columns: 1
 0.3190933534230266
 0.5078957937204513
 0.5689836312759617
 0.4841841395544312
 0.5280886403019931
 0.4123257757959879
 0.5087970696863677
 0.4939378640431997
 0.5219499376007236
 0.5721857774889553
 0.5169803760255615
 0.4758475985235449
 0.6693503292970777
 0.5422505626337909
 0.6086008422007794



# name: <cell-element>
# type: matrix
# rows: 15
# columns: 1
 1.355743672468605
 0.4015586476591106
 1.020635536463542
 1.099042068612158
 0.9640579912889279
 1.158313772816817
 1.095348333647479
 0.8056542531101116
 0.9793333056599076
 1.138650511787124
 0.9972025452315769
 1.014899029318999
 1.158323580162646
 0.9490132119978624
 1.000022304295496



# name: <cell-element>
# type: matrix
# rows: 15
# columns: 1
 11.3466150958219
 11.44381612594384
 11.37990294360135
 11.38831140537336
 11.37421874661144
 11.42965133017064
 11.38829615941178
 11.31628964238442
 11.37996321399333
 11.34592312036368
 11.31764998028793
 11.38075607804323
 11.42544313500151
 11.372278331164
 11.3753695410858





# name: W
# type: matrix
# rows: 15
# columns: 15
 -0.03560076278360155 0.03108211638219862 0.05333588996695197 -0.04849857452596411 -0.1550700205701528 0.03022788655169675 -0.02918617821060068 -0.1273703522236586 -0.04944758580488832 -0.02069170786760921 -0.109042860384215 0.04841108229535691 -0.02530824330954626 -0.03576116521664167 0.2169720384118498
 0.08353877042800255 -0.1378433452146304 -0.07741094173065602 -0.1328282327354014 0.03745367489083332 -0.0498852076396669 -0.1577016678564695 -0.001950561247187426 -0.1347883671014249 0.06402759203383636 0.1604318435206419 -0.1335199186330339 0.06367402400927788 0.09110174494708737 -0.1677934808448004
 0.006920621399732907 0.00858706364622861 -0.001290030218816133 -0.1046940608630756 -0.01839705291365125 -0.07531671841846357 -0.06447075403034992 0.00532320785436359 0.01433514116783779 0.08807474350593453 0.007597997018904363 -0.03481889842583825 0.1039398215753724 -0.02569872999363273 -0.0288134022929013
 -0.07515148659690432 -0.02215557890947086 0.02334576901015353 -0.2226444217608607 0.04254457238866979 -0.1433870804843252 -0.06196698282398454 0.1168566859745188 0.04420114508324981 0.0822942573425877 0.1381618814347478 -0.133122024557901 0.1489754068647165 0.02028930742483679 -0.1526580433554826
 -0.03066071563927453 0.04949017605594306 -0.01439523332617012 0.05913827072142275 -0.01046994734229308 0.01804846501332571 0.1183537053735519 0.1578903347554023 -0.01470872591247884 -0.009397607726808321 0.007303822537628169 0.05628455749394128 0.03541948575065511 0.06362197511841668 0.09445921221086834
 0.01057614372016469 0.003491358930725827 -0.0128855602236088 -0.09904393187183919 0.01243023151844985 -0.06021296717478625 -0.07664857262449581 0.00933402876944783 -0.01967656998100224 0.02782381998023877 0.06975647771002609 -0.07437530522082469 0.03349035509018409 0.03771823950285304 -0.08151597809578855
 0.06424377275014306 -0.01555523512539491 -0.01139690980326093 -0.2270554346202193 0.0439533204287246 -0.1351983298588834 -0.1724737463890599 0.03973835126539042 0.01401082202958095 0.1108339785069165 0.1625010956558156 -0.1623164014479729 0.139070490285402 0.02121391909929158 -0.2002371242788896
 0.0900623117390284 -0.02116176352731541 -0.07716280270747314 0.1633842759631436 0.1353168312736168 0.08017758546253231 0.06207798174588412 0.1144429187255058 -0.003686222712008921 -0.05177682132339785 0.05419607458915577 0.02120027464881893 -0.07458465352566047 0.04105547388721873 -0.08467031290602239
 0.03485204157655276 0.02463264140236314 0.005291316295663115 -0.07878641767627996 -0.04548214555739905 -0.03969718907877513 -0.03807504756040685 0.0008257230553438752 -0.07564246706966321 0.07621063995418803 0.04310728166691685 -0.05963395224652486 0.08738778599148093 -0.02234501206782229 0.006704464860248963
 -0.1405954383140743 -0.01952785411841069 0.0729012596437778 0.1558469941835751 -0.05300210629368979 0.09352638192849044 0.09859651470024912 -0.1704652438907777 0.08125543237711373 -0.1781574611438997 -0.1505976877971333 0.09249948417433113 -0.2045838519279795 -0.109854840522712 0.1141127612009396
 0.02470901102842676 -0.02757204828208981 -0.03093161527974475 0.2361510087771337 0.01109877896158789 0.09902279955648342 0.2035758497662995 0.06738653814082583 0.02156563834575209 -0.0617740757155426 -0.2446684617475168 0.1984262869366327 -0.04894667409110917 -0.08542614566243338 0.198813286703832
 -0.05241208605436919 0.0009365565667886446 -7.096501461108848e-05 -0.1475795425581239 0.02173840372983489 -0.06020966158702735 -0.1470175095150456 0.03902028403839626 -0.0456150997610253 -0.01378860411395629 0.1351255452597806 -0.2049463238606296 -0.01924987311000161 0.06278251426915134 -0.1840899566284915
 -0.1134511215486232 -0.00349768133952576 0.04574171413011791 0.137745934290823 0.004746257551634395 0.06632015268868441 0.09881974658449549 -0.07008269746933384 0.08447652882250165 -0.1288439593893377 -0.08332207208084566 0.06127094817251805 -0.1444685988368871 -0.07793076996589605 0.02953819758479249
 -0.08509109432732305 -0.03400538154867793 -0.03676542326224493 0.07053363431929674 0.06277962147986677 0.01044652392576085 0.1030425209133677 0.1706642468269521 -0.0273841352197792 -0.04910209132728542 -0.09028474852560607 0.07292508038958161 0.01637407882115962 -0.05921352589905497 0.0375661972832244
 -0.1278029449515976 -0.01495210589843203 0.01497045771197937 -0.1240496272632391 0.0759882582747396 -0.0647984097140791 -0.1322117559657702 -0.004326370372288657 0.02580651421426915 -0.03238545970864099 0.1377040454221662 -0.1905265540917539 -0.04784424294150628 0.004428572411613697 -0.293386579420769


# name: iter
# type: scalar
217


# name: c
# type: matrix
# rows: 1
# columns: 15
 0.5157377850254002 0.5615516659303199 0.4863621218259248 0.3783836751737472 0.4435978454099289 0.3895021166193843 0.2264626024387362 0.7397407032847276 0.2570191752546406 0.2079693156353228 -0.01080374070950639 0.0901314586712941 0.3409451812652254 0.2961631230678054 0.2053486094745365


# name: mean_corr
# type: matrix
# rows: 11
# columns: 1
 -0.0907772205114722
 -0.07650152450675933
 -0.07439921516516865
 -0.06461263723048644
 -0.03679244116152989
 -0.01658039646228909
 -0.001266657035863189
 0.007108487181895287
 0.02084189761870196
 0.02421009183039595
 0.3418741092244992


# name: mean_error
# type: matrix
# rows: 11
# columns: 1
 1.465782043590555
 1.455463176230263
 1.454519413519433
 1.448765185092477
 1.43153949077688
 1.418088209630285
 1.404504611816731
 1.400357195856188
 1.39586430789338
 1.393530313953152
 1.264640015505001


# name: iter_improve
# type: matrix
# rows: 11
# columns: 1
 1
 18
 45
 67
 89
 102
 131
 154
 156
 210
 217


# name: optim_start
# type: scalar
217


# name: optim_steps
# type: scalar
11


# name: VPVP_params
# type: scalar struct
# ndims: 2
 1 1
# length: 8
# name: lambda
# type: scalar
300000000


# name: downsample
# type: scalar
10


# name: MaxIter_X
# type: scalar
200


# name: MaxIter
# type: scalar
50


# name: optTol_X
# type: scalar
1e-06


# name: progTol_X
# type: scalar
1e-10


# name: optTol_aW
# type: scalar
0.0001


# name: progTol_aW
# type: scalar
1e-07




