# Created by Octave 3.8.1, Tue Nov 28 20:03:43 2017 ART <gabrevaya@ws17.labo1>
# name: y_start
# type: matrix
# rows: 15
# columns: 1
 0.4663261495259931
 -0.7344979120205405
 0.1528116949452252
 -0.5711638207553464
 0.2912379326353665
 0.9908695423775102
 -1.888867733139408
 1.02796273899445
 0.005087878272472961
 -0.4741904026005642
 -1.131011755817594
 0.3616229419895042
 0.9653140506098113
 1.233015478180237
 1.400268798569261


# name: alphas
# type: cell
# rows: 1
# columns: 3
# name: <cell-element>
# type: matrix
# rows: 15
# columns: 1
 0.8856643631723964
 0.460286709509855
 0.537514395564328
 0.7567592032034791
 0.5271068125830783
 0.4351616160869011
 0.6099077438412254
 0.5599603952714158
 0.4802326478391296
 0.8503250649623116
 0.8288944887081926
 0.5029704495634324
 0.3303628359547482
 0.5795590664087328
 0.6765853813438375



# name: <cell-element>
# type: matrix
# rows: 15
# columns: 1
 1.343767629630799
 0.7216922723310607
 0.9322812155811639
 0.737092500057289
 0.8068367852233116
 1.385398574153549
 1.049412133396706
 1.161719900848767
 0.529095055198601
 1.305572412997169
 0.9201752304369804
 0.9897121357846721
 1.180572946448182
 0.6938399486686568
 0.9156690717145431



# name: <cell-element>
# type: matrix
# rows: 15
# columns: 1
 11.55557567133091
 11.61033143707016
 11.46326894634019
 11.27844897894149
 11.50813540533597
 11.01785304638968
 11.22135596791433
 11.37106760323172
 11.42743844874046
 11.27713712433544
 11.33513702073292
 11.34964633293627
 11.37655038395203
 11.3561886225675
 11.43163937822577





# name: W
# type: matrix
# rows: 15
# columns: 15
 -0.1086808043400135 -0.008364512538103131 0.06427282621600339 0.009627997700451439 -0.100941649001672 0.03604352238332114 -0.10166346242604 -0.1068800911982463 0.01195437342610617 -0.08360730051987973 -0.1246644271808048 0.03162710768463163 -0.03889754828630771 -0.01514161045210068 0.1574490477592839
 0.1362348777436362 0.01911411423441006 -0.06408792872490515 0.04957637330347497 0.1219209070479846 -0.08604092699173693 -0.043931056295429 0.07886356458730748 -0.1179667537258599 0.1375507690471424 0.182534940515038 -0.1166603132740764 0.07751318578637308 0.1258637950551938 -0.2396297764843097
 -0.006930329625900494 -0.05975821541869444 0.0001225482241331951 -0.07791630837061642 -0.0217023244393081 -0.05820867253907266 -0.02575956454591062 -0.0135479140663133 0.02776436245356173 0.06891099945674115 -0.02514876635219744 -0.001273138832310824 0.06801864414264971 -0.038367605677373 0.004052008113772375
 -0.06922074067033922 -0.02646869808379083 -0.06112945506946165 -0.1111932429756143 0.09591569338390406 -0.05745466604970511 0.0894719062757388 -0.002862015540916154 -0.01611897889353606 0.04636694323756292 0.1877819866959499 -0.101516001149547 -0.02535133909678627 -0.01138026771136642 -0.2403478372356859
 -0.05660455016983466 0.19270907989547 -0.04142303086811772 0.2137172992053125 0.07058587276903873 0.002533514404003646 0.0870320886937653 0.04771930232883492 -0.01477528361267139 0.004135859351028624 0.04921985834602915 0.00283677512488083 -0.03207379033522813 0.05824575167033527 -0.05808216584679266
 0.05208915252575252 -0.02178243014019355 -0.01539727444324717 -0.05648661455051825 0.02400248885898359 -0.1326216812417524 -0.03597116684117504 -0.0003519299290807542 -0.01808693435476008 0.1601951392469741 0.07494988127433407 -0.06251915232257645 0.0708468432236676 0.00987966454577225 -0.09223336809516057
 0.03517085190688164 -0.002687117180965614 0.02992736024673331 -0.02363109187418995 -0.01824552566795425 -0.189183248017083 -0.2761467027546863 -0.07536680243271869 -0.01809591505960184 0.1883667132931809 0.05330195148267454 -0.1437013875408577 0.1570484575088626 0.08635910397034678 -0.08502747634974407
 0.05267470086644265 -0.08748252199724303 -0.04150332977002286 -0.1053120031454809 0.05048245749166642 0.045405670399594 0.1965053132412623 0.08078529244226447 0.04386639608576087 0.01461202977934208 0.04238127428997639 0.04727146555970548 -0.006779458631526824 -0.09798011224071736 -0.06644857814098816
 0.01948054253189136 0.03271541042097546 -0.02319299153114416 0.03881106291764107 0.02913997528841165 0.01936478081345991 -0.001182511670688809 0.03684590368403152 -0.02532972957507312 -0.001747690386970857 -0.00933219193661722 0.01492808994143816 -0.004822469343736396 0.04775937770280667 0.008986601590316858
 -0.1296487530524126 -0.02054216652129206 0.0585125529516136 0.008097012486933093 -0.1065171930486052 0.124260841639479 0.0800215136095395 -0.06702674848948277 0.005070018727513567 -0.2156423799853465 -0.1594861035278812 0.1234815585149552 -0.1115877783754421 -0.08971900625446218 0.2153796981497705
 0.07039723248955397 0.2096664607175061 0.01679024819318904 0.2655101480447269 -0.04489917271256687 0.01053015701404457 0.07769627494722801 0.0877606959884062 0.01491324779079158 0.04795673350835963 -0.197955138984986 0.140295023046512 0.03545943599847785 -0.006809436906538011 0.2032081200196705
 -0.05148109205294794 -0.02864489407009681 -0.02260148446403433 -0.05150346344216332 0.05556114931815403 -0.0619724742921728 -0.1408542234820911 -0.0773278490881445 0.005779709602957434 0.03272728394429319 0.1525509758296907 -0.1703910429355838 0.004750201558445299 0.07504696821175927 -0.1952567479972105
 -0.07325652465426019 -0.03689496055651567 0.02586001769968036 -0.03898201748957542 -0.05893109241038695 0.02751079542383077 0.1183261101288581 -0.008295289264993297 0.01255494797456156 -0.03642592680205053 -0.08332407419566155 0.08785165374362469 -0.03982646651263577 -0.1049931069508557 0.1223031184043364
 -0.1277055274830737 0.2303604908077926 -0.009248428180352325 0.2766788656130766 -0.002261544505813133 -0.004536604926782383 0.2968981358411884 -0.0196461354909864 -0.1306802733033887 -0.01587829463336936 0.005057512980064518 0.112662294675521 -0.1223356830347401 -0.02838116109841997 0.06005922222182602
 -0.1017803484622062 -0.1455310108300397 -0.03249258751816522 -0.2023411894613638 0.05700312339931389 -0.05934584458520133 -0.07477661506247936 -0.07070018684308232 0.04082269303022382 0.02025312227716349 0.1678524795699765 -0.1520286103796479 -0.006824999729097742 -0.01757836146168198 -0.2415187610728717


# name: iter
# type: scalar
587


# name: c
# type: matrix
# rows: 1
# columns: 15
 0.4544131492097556 0.4898700003218358 0.4349421799657934 0.4450340124415224 0.5336800973128827 0.3285792909375096 0.1900746820786303 0.7341391305015991 0.443435582948648 0.2705766041511875 0.2056631776469623 0.1078437650630522 0.3719436900462657 0.5142112453048125 0.2516325821119417


# name: mean_corr
# type: matrix
# rows: 25
# columns: 1
 -0.1198374197094094
 -0.09748032116620638
 -0.06756277843842602
 -0.06524197417570783
 -0.06277905341364347
 -0.06000261226605005
 -0.04779298344536072
 -0.04761040430386209
 -0.04639816353100356
 -0.04396204231259716
 -0.009256446514246543
 0.01337042330517558
 0.0400714902104948
 0.06397112543213215
 0.07314684635065481
 0.08536036535814605
 0.08990032515558112
 0.09593784193412051
 0.09839424164887686
 0.1150207739633101
 0.1154685833638427
 0.1160760312940068
 0.1333239663290133
 0.1442435157428816
 0.3850692793361599


# name: mean_error
# type: matrix
# rows: 25
# columns: 1
 1.488175350063751
 1.483179445678287
 1.468884333619344
 1.470083898528127
 1.466438469721397
 1.464278188239021
 1.454027032481874
 1.454925778800603
 1.452243466597736
 1.45142192282358
 1.431236400743373
 1.418090746728001
 1.370387996284818
 1.361401711994206
 1.357617037809979
 1.339005111935089
 1.331729571597312
 1.328559152055133
 1.328733682523062
 1.320683916426779
 1.320124404752333
 1.314938759842885
 1.314412610928118
 1.3127378709469
 1.271454761374555


# name: iter_improve
# type: matrix
# rows: 25
# columns: 1
 1
 6
 8
 42
 46
 56
 72
 88
 96
 104
 152
 216
 217
 218
 231
 269
 281
 323
 329
 365
 391
 421
 429
 491
 587


# name: optim_start
# type: scalar
587


# name: optim_steps
# type: scalar
25


# name: VPVP_params
# type: scalar struct
# ndims: 2
 1 1
# length: 8
