# Created by Octave 3.8.1, Sat Jan 06 20:52:35 2018 ART <gabrevaya@ws11.labo2>
# name: y_start
# type: matrix
# rows: 10
# columns: 1
 -0.9928220069187124
 -0.2350768673585091
 1.253689080813523
 1.772905730662134
 1.413187800972889
 1.105677932807088
 -1.679716798519958
 -0.4165241240735952
 -0.328515644685283
 -0.05450335227090453


# name: alphas
# type: cell
# rows: 1
# columns: 3
# name: <cell-element>
# type: matrix
# rows: 10
# columns: 1
 0.6915881170522574
 0.6381336668877244
 0.6581570519768634
 0.5485636895365361
 0.6967157994605334
 0.4534998906276547
 0.7765581819484362
 0.5161371173817726
 0.4565302332240869
 0.6270078367456702



# name: <cell-element>
# type: matrix
# rows: 10
# columns: 1
 0.7158606087037908
 0.9143084935108774
 0.7875415730084045
 0.8947361607764559
 1.184740266453257
 0.9676110750940111
 0.9586697671797781
 0.9278668855332881
 0.8649548726386653
 0.9964812935389851



# name: <cell-element>
# type: matrix
# rows: 10
# columns: 1
 11.43151309547872
 11.27444019285732
 11.43593606339727
 11.5212559641567
 11.449515543887
 11.41381780348957
 11.33045481912922
 11.32747924690349
 11.16843115174352
 11.28619552096824





# name: W
# type: matrix
# rows: 10
# columns: 10
 0 0 0 0 0 0 0 0 0 0
 0 0 0 0 0 0 0 0 0 0
 0 0 0 0 0 0 0 0 0 0
 0 0 0 0 0 0 0 0 0 0
 0 0 0 0 0 0 0 0 0 0
 0 0 0 0 0 0 0 0 0 0
 0 0 0 0 0 0 0 0 0 0
 0 0 0 0 0 0 0 0 0 0
 0 0 0 0 0 0 0 0 0 0
 0 0 0 0 0 0 0 0 0 0


# name: iter
# type: scalar
866


# name: c
# type: matrix
# rows: 1
# columns: 10
 0.1671750568027052 0.3149563520687396 0.1781162242463768 0.1013096688934173 0.5916235810726599 0.05906586011792175 0.01411052138085026 -0.0215897054533941 -0.111605745444681 0.0485032831482613


# name: mean_corr
# type: matrix
# rows: 15
# columns: 1
 -0.1879879722978796
 -0.1212382195434289
 -0.1014087875187217
 0.05044524451214347
 0.09222093243983776
 0.109396658217937
 0.1227612025114185
 0.1293307443662983
 0.1309276613436271
 0.1316854051041884
 0.1432885926557534
 0.1430596107818808
 0.1439173983154587
 0.1645241103452292
 0.1647595548899865


# name: mean_error
# type: matrix
# rows: 15
# columns: 1
 1.509136421894105
 1.471153994292612
 1.461766055290381
 1.394582408297189
 1.378953291748318
 1.367385607776598
 1.358348034488389
 1.342082316689025
 1.341828381617126
 1.341436199665109
 1.338770676458348
 1.331117799343102
 1.327912562762101
 1.314243821252748
 1.31427565527752


# name: iter_improve
# type: matrix
# rows: 15
# columns: 1
 1
 4
 40
 62
 67
 74
 90
 126
 128
 179
 181
 475
 514
 523
 730


# name: optim_start
# type: scalar
866


# name: optim_steps
# type: matrix
# rows: 0
# columns: 0


# name: VPVP_params
# type: scalar struct
# ndims: 2
 1 1
# length: 8
# name: lambda
# type: scalar
300000000


# name: downsample
# type: scalar
10


# name: MaxIter_X
# type: scalar
200


# name: MaxIter
# type: scalar
50


# name: optTol_X
# type: scalar
1e-06


# name: progTol_X
# type: scalar
1e-10


# name: optTol_aW
# type: scalar
0.0001


# name: progTol_aW
# type: scalar
1e-07




