# Created by Octave 3.8.1, Tue Nov 28 19:56:43 2017 ART <gabrevaya@ws17.labo1>
# name: y_start
# type: matrix
# rows: 15
# columns: 1
 0.4663261355513318
 -0.734497907381821
 0.1528116983013963
 -0.5711638063658997
 0.2912379354089851
 0.9908695480047837
 -1.888867726948077
 1.027962734852725
 0.005087876506708056
 -0.4741904013642509
 -1.131011746605426
 0.3616229413030155
 0.9653140509602282
 1.233015522417698
 1.400268790437295


# name: alphas
# type: cell
# rows: 1
# columns: 3
# name: <cell-element>
# type: matrix
# rows: 15
# columns: 1
 0.9337281544433813
 0.496026705004011
 0.5421996409211084
 0.7830697202902699
 0.5215104002040993
 0.5305183045374722
 0.7096348965430668
 0.5343082588443386
 0.496137907374065
 0.9609528010111982
 0.8903001285997603
 0.5796418587488079
 0.3581331969046612
 0.6516249610027982
 0.6951851641895486



# name: <cell-element>
# type: matrix
# rows: 15
# columns: 1
 1.247491235179649
 0.6628505013671346
 0.8583531050422786
 0.7496616242255281
 0.865469604447294
 1.344494018387089
 1.089799870468487
 1.091665459348958
 0.6625936414643812
 1.332298256776272
 0.9501145912422982
 0.9845271472855865
 1.17388737144791
 0.8948147988745947
 0.8845096451503561



# name: <cell-element>
# type: matrix
# rows: 15
# columns: 1
 11.54586289341244
 11.60792041159155
 11.45665380021496
 11.28399352643936
 11.51152427524531
 11.0098032282768
 11.22729157003705
 11.36500682181138
 11.43556543723433
 11.28034056024112
 11.34103679668807
 11.34908031705384
 11.37435992757877
 11.35718459952055
 11.43108570061197





# name: W
# type: matrix
# rows: 15
# columns: 15
 0 0 0 0 0 0 0 0 0 0 0 0 0 0 0
 0 0 0 0 0 0 0 0 0 0 0 0 0 0 0
 0 0 0 0 0 0 0 0 0 0 0 0 0 0 0
 0 0 0 0 0 0 0 0 0 0 0 0 0 0 0
 0 0 0 0 0 0 0 0 0 0 0 0 0 0 0
 0 0 0 0 0 0 0 0 0 0 0 0 0 0 0
 0 0 0 0 0 0 0 0 0 0 0 0 0 0 0
 0 0 0 0 0 0 0 0 0 0 0 0 0 0 0
 0 0 0 0 0 0 0 0 0 0 0 0 0 0 0
 0 0 0 0 0 0 0 0 0 0 0 0 0 0 0
 0 0 0 0 0 0 0 0 0 0 0 0 0 0 0
 0 0 0 0 0 0 0 0 0 0 0 0 0 0 0
 0 0 0 0 0 0 0 0 0 0 0 0 0 0 0
 0 0 0 0 0 0 0 0 0 0 0 0 0 0 0
 0 0 0 0 0 0 0 0 0 0 0 0 0 0 0


# name: iter
# type: scalar
587


# name: c
# type: matrix
# rows: 1
# columns: 15
 0.1576061703180976 0.1983424061063035 0.1277211014923584 0.2800443870939725 0.3371066527937462 0.2535372075306941 0.04126353480186051 0.05558181522037788 0.1393508207386604 0.03123041341369829 -0.1315187273555772 0.08780688329619592 0.2026507950549485 0.1532506358174858 0.08670303216585633


# name: mean_corr
# type: matrix
# rows: 24
# columns: 1
 -0.1198374197094094
 -0.09748032116620638
 -0.06756277843842602
 -0.06524197417570783
 -0.06277905341364347
 -0.06000261226605005
 -0.04779298344536072
 -0.04761040430386209
 -0.04639816353100356
 -0.04396204231259716
 -0.009256446514246543
 0.01337042330517558
 0.0400714902104948
 0.06397112543213215
 0.07314684635065481
 0.08536036535814605
 0.08990032515558112
 0.09593784193412051
 0.09839424164887686
 0.1150207739633101
 0.1154685833638427
 0.1160760312940068
 0.1333239663290133
 0.1442435157428816


# name: mean_error
# type: matrix
# rows: 24
# columns: 1
 1.488175350063751
 1.483179445678287
 1.468884333619344
 1.470083898528127
 1.466438469721397
 1.464278188239021
 1.454027032481874
 1.454925778800603
 1.452243466597736
 1.45142192282358
 1.431236400743373
 1.418090746728001
 1.370387996284818
 1.361401711994206
 1.357617037809979
 1.339005111935089
 1.331729571597312
 1.328559152055133
 1.328733682523062
 1.320683916426779
 1.320124404752333
 1.314938759842885
 1.314412610928118
 1.3127378709469


# name: iter_improve
# type: matrix
# rows: 24
# columns: 1
 1
 6
 8
 42
 46
 56
 72
 88
 96
 104
 152
 216
 217
 218
 231
 269
 281
 323
 329
 365
 391
 421
 429
 491


# name: optim_start
# type: scalar
587


# name: optim_steps
# type: matrix
# rows: 0
# columns: 0


# name: VPVP_params
# type: scalar struct
# ndims: 2
 1 1
# length: 8
# name: lambda
# type: scalar
300000000


# name: downsample
# type: scalar
10


# name: MaxIter_X
# type: scalar
200


# name: MaxIter
# type: scalar
50


# name: optTol_X
# type: scalar
1e-06


# name: progTol_X
# type: scalar
1e-10


# name: optTol_aW
# type: scalar
0.0001


# name: progTol_aW
# type: scalar
1e-07




