# Created by Octave 3.8.1, Sat Jan 06 21:00:17 2018 ART <gabrevaya@ws11.labo2>
# name: y_start
# type: matrix
# rows: 10
# columns: 1
 -0.9928220033547119
 -0.2350768732045644
 1.253689053030045
 1.772905711243678
 1.413187803684898
 1.105677925941028
 -1.67971681323957
 -0.4165241367116236
 -0.3285156529916815
 -0.05450334506385732


# name: alphas
# type: cell
# rows: 1
# columns: 3
# name: <cell-element>
# type: matrix
# rows: 10
# columns: 1
 0.6561627954736486
 0.6331395932499297
 0.6335957346421685
 0.4598736049805254
 0.7082967754260088
 0.4256775838061643
 0.7354113978305894
 0.4563241789311757
 0.4424141582636865
 0.6348697276854522



# name: <cell-element>
# type: matrix
# rows: 10
# columns: 1
 0.7920226054896194
 0.8924203452818176
 0.7587086172708731
 0.7897725667954196
 1.228860197048702
 0.9690942073573618
 0.8466245119300172
 0.579343703494935
 0.8386191339959448
 0.8956920061611395



# name: <cell-element>
# type: matrix
# rows: 10
# columns: 1
 11.44017332137111
 11.27302726011481
 11.43245650833981
 11.52058063521915
 11.45524152229923
 11.41643906718131
 11.31603463150624
 11.29867246782351
 11.16332416381665
 11.27508962160765





# name: W
# type: matrix
# rows: 10
# columns: 10
 -0.05937195843007974 -0.005437572097013743 0.07798909014218031 -0.00311762468786586 0.03180422512134421 0.008335693010973798 -0.07777462593047468 -0.1327694467173773 -0.0701405436377627 0.1171303328273069
 0.01233837115124922 0.003865979963566004 -0.002000628376726492 0.04887004697800253 0.02199276701357472 0.0638718253953874 0.01080700268352913 -0.0291843505629983 0.05763644579849302 -0.03479018678905679
 0.07699482387697602 -0.05318161809034198 -0.134952118116944 0.05063002120255833 -0.04278556620404251 -0.05519197829096303 0.188498566139336 0.1597499592325755 0.1265142411430659 -0.1935083477887582
 -0.05576311687952371 -0.03165933760997602 0.07032290354572523 -0.07518904884247631 0.02528124607862772 -0.06729412350758085 0.02022760571772987 0.06118889603370149 -0.05162155815070125 0.08856430275916227
 0.1018169229218437 -0.00777534054478332 -0.09706333651653383 -0.00356422256122152 0.0607370030019704 0.00935924677314693 0.1768149522254242 0.002625123779943104 0.1183705798120672 -0.02050955939564807
 0.08541819646236838 0.001117267478846436 -0.1136248347011683 -0.03282923394175254 -0.00765508727260693 -0.03272409322486763 0.09166791628844886 0.03609632614976872 0.05592892307996588 -0.01709030111647759
 -0.05342412105693172 0.01329716256589878 0.06935756419830073 -0.00990878553104366 0.02255323874589141 0.01602892280096081 -0.1153272167262055 -0.06524904433113225 -0.06808115889135259 0.07457033431006875
 -0.1241697004394314 0.0109626231100964 0.2008513855936787 -0.04043579501109249 0.0861650617745479 0.02905209998194828 -0.1215573795928549 -0.1750063113474121 -0.1075265055515504 0.1899712067711314
 -0.01845407846040612 0.01032270503241733 0.06935735239156517 -0.03936022793294007 0.1327191517194382 0.02974128555603349 -0.001849416306976694 -0.1072596412597222 -0.02520559841474528 0.1441244467780673
 0.06284360540951521 -0.05588258718122369 -0.09662340546946069 0.1592048629170852 -0.1037717275707973 -0.004935414089767914 0.107709510980476 0.1131495523733313 0.1319252191910021 -0.2985440017272138


# name: iter
# type: scalar
866


# name: c
# type: matrix
# rows: 1
# columns: 10
 0.3221467777882011 0.3910607840753987 0.3978095039956011 0.3134165433005595 0.7235045344208492 0.3072921257740794 0.5181299360478023 0.5022533627262167 0.3800861530435003 0.1343049985246581


# name: mean_corr
# type: matrix
# rows: 16
# columns: 1
 -0.1879879722978796
 -0.1212382195434289
 -0.1014087875187217
 0.05044524451214347
 0.09222093243983776
 0.109396658217937
 0.1227612025114185
 0.1293307443662983
 0.1309276613436271
 0.1316854051041884
 0.1432885926557534
 0.1430596107818808
 0.1439173983154587
 0.1645241103452292
 0.1647595548899865
 0.3990004719696867


# name: mean_error
# type: matrix
# rows: 16
# columns: 1
 1.509136421894105
 1.471153994292612
 1.461766055290381
 1.394582408297189
 1.378953291748318
 1.367385607776598
 1.358348034488389
 1.342082316689025
 1.341828381617126
 1.341436199665109
 1.338770676458348
 1.331117799343102
 1.327912562762101
 1.314243821252748
 1.31427565527752
 1.252410354343363


# name: iter_improve
# type: matrix
# rows: 16
# columns: 1
 1
 4
 40
 62
 67
 74
 90
 126
 128
 179
 181
 475
 514
 523
 730
 866


# name: optim_start
# type: scalar
866


# name: optim_steps
# type: scalar
16


# name: VPVP_params
# type: scalar struct
# ndims: 2
 1 1
# length: 8
# name: lambda
# type: scalar
300000000


# name: downsample
# type: scalar
10


# name: MaxIter_X
# type: scalar
200


# name: MaxIter
# type: scalar
50


# name: optTol_X
# type: scalar
1e-06


# name: progTol_X
# type: scalar
1e-10


# name: optTol_aW
# type: scalar
0.0001


# name: progTol_aW
# type: scalar
1e-07




