# Created by Octave 3.8.1, Wed Nov 29 00:20:26 2017 ART <gabrevaya@ws10.labo5>
# name: y_start
# type: matrix
# rows: 15
# columns: 1
 0.6527664808765868
 0.1864941372575597
 0.9911960963807703
 -0.125867225437627
 0.8460288657059738
 1.259413717625032
 -0.1712800694479119
 2.57280764856261
 0.4531838688907411
 0.6342840432057425
 -0.09656067170855979
 1.57029271070726
 -0.2405731795722075
 1.270879523883998
 -0.2275302225515


# name: alphas
# type: cell
# rows: 1
# columns: 3
# name: <cell-element>
# type: matrix
# rows: 15
# columns: 1
 0.4090664917635094
 0.6019889992501833
 0.5223030017593695
 0.5229042337819371
 0.6950281862616463
 0.4939665052132085
 0.4508299042138208
 0.8136416876664421
 0.5386533429430279
 0.5203350791013815
 0.5055401346697586
 0.50468348293341
 0.7949402615400529
 0.5900194147979928
 0.5859429969097519



# name: <cell-element>
# type: matrix
# rows: 15
# columns: 1
 1.310469364394951
 1.090086359755293
 1.073888104248094
 1.381671077460377
 0.7315089390671924
 1.043349868353675
 1.086173224255351
 0.3377204091410553
 1.108232190749592
 1.244413055728873
 0.9198325988189093
 1.019052455496962
 0.2900404294485877
 0.02975437581941039
 0.575876179304184



# name: <cell-element>
# type: matrix
# rows: 15
# columns: 1
 11.40511479450545
 11.48818212840039
 11.38785378980785
 11.41394886787723
 11.3286429622723
 11.38633541023057
 11.38515127679343
 11.36256040021798
 11.39016955409235
 11.36476739117209
 11.3714848360084
 11.38191326574226
 11.74270069373653
 11.28823473237522
 11.3401285398817





# name: W
# type: matrix
# rows: 15
# columns: 15
 -0.09948021856717038 0.01652697789063953 0.05763004663861571 0.0732913632902014 -0.07813118590948044 0.09353593862387824 0.004860525069915858 -0.03537336525137581 0.01985465036204328 -0.03572555627366661 -0.1546724946206673 0.1028148389661314 -0.05974285317032497 -0.05452981608453058 0.1363441682855656
 0.0500417740391766 -0.1294639036664244 -0.1005852953170612 -0.2391567172480702 0.0574094775511057 -0.09961628779987504 -0.1502537071028177 0.04638019689185338 -0.04956327764928121 0.1188133617667404 0.2031163624203842 -0.1172890203416677 0.05950949265963435 0.02911056533725329 -0.1359608976228882
 -0.05507238260960703 -0.1081747856128607 -0.07934370949625726 -0.001019428931229746 0.0231223151648652 -0.02254599395757945 -0.08512646675053141 -0.009778818877643142 -0.03811809460621964 -0.002974895240654218 0.02093637133920192 -0.03579861544919728 0.07358051076456654 0.01555189257774016 -0.06007866763203331
 0.009825827063577387 0.02715850530265592 -0.09219922125465944 -0.1715220927225628 0.01214298659229259 -0.1096735048687049 -0.06314714095651988 0.001836673191949171 -0.04057396211369347 0.003282077688509966 0.06571686801029916 -0.01023851938720262 0.1145611495756305 -0.03216682250021225 -0.04060057351059138
 -0.1271073810889609 0.07021321200625186 -0.1527798762817855 -0.05163761085616063 -0.1892669646862957 -0.1409173899661707 -0.0375826283835693 -0.1401154334184461 -0.1091890955934681 -0.1393037172513007 0.09745562670993541 -0.2023127978205081 0.2228247423339819 -0.07129614519079895 -0.06473278706436768
 -0.07012744140093097 -0.02696691958172326 -0.02722947128742717 -0.032283466246028 0.04187089675298402 -0.1545152634978652 -0.087077992245847 0.0266049753051988 -0.03748659678046855 -0.06663533215757539 0.1156418304536265 -0.1761900097778352 0.09334730095896422 0.06588628013572195 -0.1560429564201303
 -0.03235368322674056 -0.1246187870214237 0.01397683747262246 -0.1583446587728774 0.004982661395847927 -0.1096233529539562 -0.2621568064880446 0.003383193494579544 -0.01442327367960107 0.08638987529359853 0.07176566175145337 -0.09778152107968639 0.08404623001028287 -0.004963573170621098 -0.101642066347805
 -0.01860228766081893 0.03880026223370791 -0.1183029430560745 -0.1020529659085369 0.04304698138220642 -0.0934762627828058 -0.03153094520197629 -0.1660569650197219 -0.08083719470221251 -0.05904177974539812 0.1102027830581071 -0.1443031924877606 0.2294957643925547 -0.07510739395881344 -0.1042572918829181
 -0.0676722757168875 -0.03879393995923002 -0.06710141089618156 -0.05258643912194676 -0.03660332742786682 -0.03167821867653977 -0.0679833519916318 -0.06173837596372057 -0.05098166356110408 -0.01246395972986841 -0.006383428960256843 -0.02545957570482474 0.073912456596051 -0.03934437802825307 -0.01464824866798601
 -0.1077067478239057 0.06389054339101109 0.01315562171483184 0.1979432671071378 -0.03484184940941446 0.03517252555923123 0.1000155862201867 -0.0340664044919575 0.01491381681852169 -0.1358929500832407 -0.126425126316406 0.05305483685457713 -0.03211330648340521 -0.01460813450485164 0.04718140999041866
 0.001414081019092862 0.1337529362061689 0.03078572280890248 0.06464923630655564 -0.04391523258393778 0.05191543578841546 0.1224821693114906 -0.06226990868759004 0.04777595938728249 -0.03860024616990652 -0.2208118939310803 0.1435893439690339 -0.0007507831461194589 -0.06875239138288779 0.1404187163258159
 -0.08514239686584617 -0.05701109570915438 -0.05171206043777202 0.02186861905714088 0.009757631361871993 -0.07859469545974766 -0.07936742265192458 0.02515524947741446 -0.05881824391921889 -0.06556378926991722 0.1426020228230903 -0.2116455452132808 0.05602200923372758 0.0227254265897758 -0.07402917507261758
 -0.01500431042041564 0.12227049236791 -0.009312483201810976 0.103692140096886 -0.1641091926658529 0.05733190348981824 0.1506372158412773 -0.1331557178109494 0.04010755932441852 -0.03492450114602299 -0.09264317251530158 0.09460349596376481 -0.1425948466056441 -0.07719599267301799 0.2201457689577226
 -0.1253039978590496 0.01852852985290689 -0.1195550001235005 -0.03023742296132967 -0.03960684191521898 -0.1484482908224137 -0.06679957464959264 -0.1049174951666874 -0.08673344403991193 -0.1156228930316532 0.03373216034596697 -0.1698823783480585 0.1418141400772215 -0.04275143211519833 -0.146983714031883
 0.05197263980573848 -0.1084945906796506 0.04084088023427463 -0.04797213285067371 0.08995013513277773 -0.00147797690178326 -0.08186035139638406 0.1211679303776503 0.0195793687168528 0.08167397062694204 0.05165077652906409 0.01781838185888583 -0.04897094996728989 0.1060598680206478 -0.2041286032369505


# name: iter
# type: scalar
191


# name: c
# type: matrix
# rows: 1
# columns: 15
 0.43281970000187 0.2519285294514757 0.3703831917375109 0.2588945108564163 -0.03682061336793864 0.349101192879307 0.08828613836470342 0.1741655719657428 0.2376274512319108 0.1049199838836636 -0.004783611165515514 0.119029610822702 0.2436769808947136 0.2974343772527701 0.2843933741813325


# name: mean_corr
# type: matrix
# rows: 11
# columns: 1
 -0.1372029883590504
 -0.1346544811312969
 -0.1261192900832598
 -0.1004777519668896
 -0.09416611400808754
 -0.09280373094780538
 -0.07701904972802755
 -0.04856399435240664
 -0.02641760773789792
 -0.01356353116115808
 0.2114037592660443


# name: mean_error
# type: matrix
# rows: 11
# columns: 1
 1.496608555923594
 1.494872469692137
 1.489381351165785
 1.474315703381461
 1.471653777066331
 1.473015384515786
 1.467831216108464
 1.456651986920611
 1.44323882353812
 1.433359717393296
 1.34412087323214


# name: iter_improve
# type: matrix
# rows: 11
# columns: 1
 1
 8
 41
 60
 67
 92
 102
 111
 139
 182
 191


# name: optim_start
# type: scalar
191


# name: optim_steps
# type: scalar
11


# name: VPVP_params
# type: scalar struct
# ndims: 2
 1 1
# length: 8
# name: lambda
# type: scalar
300000000


# name: downsample
# type: scalar
10


# name: MaxIter_X
# type: scalar
200


# name: MaxIter
# type: scalar
50


# name: optTol_X
# type: scalar
1e-06


# name: progTol_X
# type: scalar
1e-10


# name: optTol_aW
# type: scalar
0.0001


# name: progTol_aW
# type: scalar
1e-07




