# Created by Octave 3.8.1, Wed Nov 29 00:09:42 2017 ART <gabrevaya@ws10.labo5>
# name: y_start
# type: matrix
# rows: 15
# columns: 1
 0.6527664740935905
 0.1864941558426534
 0.9911960989788389
 -0.1258672394670625
 0.8460288644721696
 1.259413719109609
 -0.1712800660332886
 2.572807648817613
 0.4531838714516451
 0.6342840596553215
 -0.09656066347106516
 1.570292711466559
 -0.2405731820153932
 1.27087952652935
 -0.2275302281531


# name: alphas
# type: cell
# rows: 1
# columns: 3
# name: <cell-element>
# type: matrix
# rows: 15
# columns: 1
 0.4665288770065104
 0.6624451297416613
 0.578
 0.578
 0.7840372037335014
 0.578
 0.578
 0.8713223750357288
 0.578
 0.6006287198986738
 0.578
 0.578
 0.8337305792725556
 0.578
 0.578



# name: <cell-element>
# type: matrix
# rows: 15
# columns: 1
 1.180756281352046
 1.087633011352171
 1
 1
 0.9942687514843167
 1
 1
 0.8711489411663749
 1
 1.19308938392656
 1
 1
 0.8818205402552096
 1
 1



# name: <cell-element>
# type: matrix
# rows: 15
# columns: 1
 11.39483621983438
 11.48538115440252
 11.38
 11.38
 11.36291847641912
 11.38
 11.38
 11.4158409469421
 11.38
 11.35831007748827
 11.38
 11.38
 11.7875310411503
 11.38
 11.38





# name: W
# type: matrix
# rows: 15
# columns: 15
 0 0 0 0 0 0 0 0 0 0 0 0 0 0 0
 0 0 0 0 0 0 0 0 0 0 0 0 0 0 0
 0 0 0 0 0 0 0 0 0 0 0 0 0 0 0
 0 0 0 0 0 0 0 0 0 0 0 0 0 0 0
 0 0 0 0 0 0 0 0 0 0 0 0 0 0 0
 0 0 0 0 0 0 0 0 0 0 0 0 0 0 0
 0 0 0 0 0 0 0 0 0 0 0 0 0 0 0
 0 0 0 0 0 0 0 0 0 0 0 0 0 0 0
 0 0 0 0 0 0 0 0 0 0 0 0 0 0 0
 0 0 0 0 0 0 0 0 0 0 0 0 0 0 0
 0 0 0 0 0 0 0 0 0 0 0 0 0 0 0
 0 0 0 0 0 0 0 0 0 0 0 0 0 0 0
 0 0 0 0 0 0 0 0 0 0 0 0 0 0 0
 0 0 0 0 0 0 0 0 0 0 0 0 0 0 0
 0 0 0 0 0 0 0 0 0 0 0 0 0 0 0


# name: iter
# type: scalar
191


# name: c
# type: matrix
# rows: 1
# columns: 15
 0.03768825962762418 -0.07156897424375375 0.2907518869433481 -0.09020116610722372 -0.1770155923696196 -0.2884787203566663 -0.1873297166382129 0.1093436312804305 0.1829058474879335 -0.02214233390613875 -0.1067761828151306 0.09729300282682708 -0.09975314251223866 -0.02851359799944532 0.005397356934686562


# name: mean_corr
# type: matrix
# rows: 10
# columns: 1
 -0.1372029883590504
 -0.1346544811312969
 -0.1261192900832598
 -0.1004777519668896
 -0.09416611400808754
 -0.09280373094780538
 -0.07701904972802755
 -0.04856399435240664
 -0.02641760773789792
 -0.01356353116115808


# name: mean_error
# type: matrix
# rows: 10
# columns: 1
 1.496608555923594
 1.494872469692137
 1.489381351165785
 1.474315703381461
 1.471653777066331
 1.473015384515786
 1.467831216108464
 1.456651986920611
 1.44323882353812
 1.433359717393296


# name: iter_improve
# type: matrix
# rows: 10
# columns: 1
 1
 8
 41
 60
 67
 92
 102
 111
 139
 182


# name: optim_start
# type: scalar
191


# name: optim_steps
# type: matrix
# rows: 0
# columns: 0


# name: VPVP_params
# type: scalar struct
# ndims: 2
 1 1
# length: 8
# name: lambda
# type: scalar
300000000


# name: downsample
# type: scalar
10


# name: MaxIter_X
# type: scalar
200


# name: MaxIter
# type: scalar
50


# name: optTol_X
# type: scalar
1e-06


# name: progTol_X
# type: scalar
1e-10


# name: optTol_aW
# type: scalar
0.0001


# name: progTol_aW
# type: scalar
1e-07




