# Created by Octave 3.8.1, Sat Jan 06 20:45:45 2018 ART <gabrevaya@ws4.labo2>
# name: y_start
# type: matrix
# rows: 10
# columns: 1
 0.1971661061723775
 1.340245983617978
 -0.6628406183365999
 -1.558531208641623
 -0.528735160764054
 0.5174230080066797
 2.445437405365285
 1.312601406665781
 2.227915992691132
 -0.1127832457945315


# name: alphas
# type: cell
# rows: 1
# columns: 3
# name: <cell-element>
# type: matrix
# rows: 10
# columns: 1
 0.8859430779440242
 0.6107998622457204
 0.5759000160409319
 0.7252125536849943
 0.5196311852321118
 0.492056081113195
 0.3785572270538248
 0.6080739184828426
 0.8560963159483189
 0.4147464787191769



# name: <cell-element>
# type: matrix
# rows: 10
# columns: 1
 1.227359305020998
 0.9456359110685563
 1.071561161155347
 1.087610283029502
 0.9001777564269254
 0.9871293466669008
 1.318823273330006
 0.9002168246398201
 1.154721649879511
 0.6695870954656243



# name: <cell-element>
# type: matrix
# rows: 10
# columns: 1
 11.44383062627939
 11.21312337492593
 11.48919006519986
 11.28594208073384
 11.25182423215864
 11.25940100700821
 11.08475234484183
 11.44909664441844
 11.38498916577791
 11.34926186268148





# name: W
# type: matrix
# rows: 10
# columns: 10
 0 0 0 0 0 0 0 0 0 0
 0 0 0 0 0 0 0 0 0 0
 0 0 0 0 0 0 0 0 0 0
 0 0 0 0 0 0 0 0 0 0
 0 0 0 0 0 0 0 0 0 0
 0 0 0 0 0 0 0 0 0 0
 0 0 0 0 0 0 0 0 0 0
 0 0 0 0 0 0 0 0 0 0
 0 0 0 0 0 0 0 0 0 0
 0 0 0 0 0 0 0 0 0 0


# name: iter
# type: scalar
539


# name: c
# type: matrix
# rows: 1
# columns: 10
 0.0304338676094943 0.2342961490935817 0.175393947209307 0.03602233725150978 0.01516712407890081 0.1368610965644747 -0.002748862785067638 -0.0858067164505267 0.2200455624220156 -0.04064728391542493


# name: mean_corr
# type: matrix
# rows: 13
# columns: 1
 -0.004186360499825533
 0.005809634524818144
 0.003965829652390765
 0.005811185839186853
 -0.02681451659989071
 -0.02001244601563332
 0.01764665852705682
 0.01832684605499885
 0.02385532469364609
 0.03969593114100532
 0.03957304190300161
 0.06508130402755039
 0.06550158565693652


# name: mean_error
# type: matrix
# rows: 13
# columns: 1
 1.419811300562086
 1.415417310617069
 1.380082604894528
 1.378182938102408
 1.407361478837886
 1.39782368915973
 1.366119934000613
 1.364691324709582
 1.360699931008418
 1.357380272080441
 1.347921027719853
 1.338280091711572
 1.341825092635134


# name: iter_improve
# type: matrix
# rows: 13
# columns: 1
 1
 22
 62
 68
 155
 161
 173
 185
 192
 246
 256
 269
 302


# name: optim_start
# type: scalar
539


# name: optim_steps
# type: matrix
# rows: 0
# columns: 0


# name: VPVP_params
# type: scalar struct
# ndims: 2
 1 1
# length: 8
# name: lambda
# type: scalar
300000000


# name: downsample
# type: scalar
10


# name: MaxIter_X
# type: scalar
200


# name: MaxIter
# type: scalar
50


# name: optTol_X
# type: scalar
1e-06


# name: progTol_X
# type: scalar
1e-10


# name: optTol_aW
# type: scalar
0.0001


# name: progTol_aW
# type: scalar
1e-07




