# Created by Octave 3.8.1, Sat Jan 06 20:48:02 2018 ART <gabrevaya@ws4.labo2>
# name: y_start
# type: matrix
# rows: 10
# columns: 1
 0.1971661222566577
 1.340245970810688
 -0.6628406158438547
 -1.558531206964366
 -0.5287351570543631
 0.5174230074360824
 2.445437394784507
 1.31260139720501
 2.22791599037536
 -0.1127832397716378


# name: alphas
# type: cell
# rows: 1
# columns: 3
# name: <cell-element>
# type: matrix
# rows: 10
# columns: 1
 0.8078741814859948
 0.5268497023933685
 0.3987008461877627
 0.6130623247620425
 0.5700791673741139
 0.4806121292558929
 0.311296434601435
 0.4772718284864143
 0.7762211640455933
 0.4933234976780264



# name: <cell-element>
# type: matrix
# rows: 10
# columns: 1
 1.413531914025275
 1.111265865176998
 1.082209274809964
 0.9634820375820965
 0.8658475758620806
 1.055922761606448
 1.356740511523907
 0.9464738376175675
 1.228189332965931
 0.5530965212081473



# name: <cell-element>
# type: matrix
# rows: 10
# columns: 1
 11.46353101337878
 11.24197782841584
 11.48979098712715
 11.26889942948224
 11.25442761262461
 11.26754846907018
 11.11182295066046
 11.4630004224731
 11.39759117764083
 11.3398458787846





# name: W
# type: matrix
# rows: 10
# columns: 10
 -0.1650123166705913 0.2025530867284692 -0.01843291691128569 -0.3405961403146334 -0.2554408046449093 0.04133881666754907 0.02944197229794145 -0.2285136370497005 0.01755122746841194 0.3016243340822399
 -0.1726382060690629 -0.09928967351603822 -0.1736718583825042 0.0520167034228389 -0.03548719574479897 -0.008575489080723881 -0.1421369055899132 0.0327811726122375 0.01662095226932419 -0.06464665525678917
 -0.2104679501098292 -0.08374431351742362 -0.4190077096416647 0.09391575105968954 0.2556513049579645 0.01918724777196479 -0.1329158551502265 0.3284800823371221 0.2604373164888568 0.01332354770281391
 -0.1983630564940829 0.005676074510015222 0.1302254335387387 -0.121091357571234 0.1931963613249212 0.04701074406051279 -0.0535054742108321 0.00888611329756831 0.07436762384356221 0.2852847699856976
 0.2465489407816603 -0.1706269364660251 0.1307690941291723 0.2747581240303065 0.1945948353080467 -0.05051435873790074 0.1754012931512934 0.3475818728624196 -0.0136526555436281 0.2053376714893774
 -0.02463581229892763 -0.05687699128083832 -0.06751098816267399 -0.001485624969780706 -0.009754917458335814 -0.01064623335338196 -0.092768833299699 -0.009965442659999633 0.02092498526322821 -0.05145037343038474
 -0.1889390265185768 0.05456423508474925 0.05572162164094711 -0.1260140341172553 -0.1565616080817329 0.04347213085209967 -0.2158795158333223 -0.3081399473469933 -0.1099059660674461 -0.1162775483149972
 0.04432994302280245 -0.001734552712797276 0.4579252147374366 -0.03982736117802396 0.1534551727466777 0.08255854941466478 -0.09788277427700982 -0.549471028190577 0.008243641263214335 0.08172062650308004
 -0.2316707893260614 -0.004641832944588381 0.1011930462499851 -0.05449250237143825 -0.006340331069576352 0.06804507137339416 -0.2094141687167563 -0.2135050537755044 -0.2473324865459778 0.07854106947817166
 0.07337216928677034 0.01190866206321697 -0.1666708020572005 -0.02451816494984141 0.06576859449614142 0.05891782420482572 0.1045693203789161 0.04103884915748329 0.2234798734349201 -0.5837367892056917


# name: iter
# type: scalar
539


# name: c
# type: matrix
# rows: 1
# columns: 10
 0.5480316283660756 0.3398659852300589 0.4425346611251052 0.4627423138633079 0.733794984669042 0.2751990106623193 0.05046625562407408 -0.004220013422617558 0.3564655731095647 0.3119009215559153


# name: mean_corr
# type: matrix
# rows: 14
# columns: 1
 -0.004186360499825533
 0.005809634524818144
 0.003965829652390765
 0.005811185839186853
 -0.02681451659989071
 -0.02001244601563332
 0.01764665852705682
 0.01832684605499885
 0.02385532469364609
 0.03969593114100532
 0.03957304190300161
 0.06508130402755039
 0.06550158565693652
 0.3516781320782846


# name: mean_error
# type: matrix
# rows: 14
# columns: 1
 1.419811300562086
 1.415417310617069
 1.380082604894528
 1.378182938102408
 1.407361478837886
 1.39782368915973
 1.366119934000613
 1.364691324709582
 1.360699931008418
 1.357380272080441
 1.347921027719853
 1.338280091711572
 1.341825092635134
 1.250180865240435


# name: iter_improve
# type: matrix
# rows: 14
# columns: 1
 1
 22
 62
 68
 155
 161
 173
 185
 192
 246
 256
 269
 302
 539


# name: optim_start
# type: scalar
539


# name: optim_steps
# type: scalar
14


# name: VPVP_params
# type: scalar struct
# ndims: 2
 1 1
# length: 8
# name: lambda
# type: scalar
300000000


# name: downsample
# type: scalar
10


# name: MaxIter_X
# type: scalar
200


# name: MaxIter
# type: scalar
50


# name: optTol_X
# type: scalar
1e-06


# name: progTol_X
# type: scalar
1e-10


# name: optTol_aW
# type: scalar
0.0001


# name: progTol_aW
# type: scalar
1e-07




