# Created by Octave 3.8.1, Tue Nov 28 19:53:55 2017 ART <gabrevaya@ws10.labo1>
# name: y_start
# type: matrix
# rows: 15
# columns: 1
 0.02141739438908213
 -0.1858665098686098
 0.2088283331117807
 0.278162967140745
 -1.176296931860079
 -0.2109061227229359
 2.086902212056438
 -1.505378386510349
 0.2572304759431185
 -0.2743959230678494
 -0.7257925950051947
 1.214613217442343
 -1.794803657291693
 -0.05800547744131407
 0.7738594977009612


# name: alphas
# type: cell
# rows: 1
# columns: 3
# name: <cell-element>
# type: matrix
# rows: 15
# columns: 1
 0.3329133573776895
 0.202070002234179
 0.6126063306622618
 0.6770038941944259
 0.6872595796905987
 0.6510423787861145
 0.6238805121300836
 0.5801093382368322
 0.681874831563085
 0.7102361947390664
 0.6787484489734004
 0.7620048213686721
 0.5378840250917724
 0.59269656257336
 0.5123055276115837



# name: <cell-element>
# type: matrix
# rows: 15
# columns: 1
 0.8345502285334609
 1.109694788589101
 1.035187700998252
 0.8387442194062009
 0.8525332945574839
 1.212331761185131
 1.112813589496297
 1.013226482844897
 0.94581221254404
 0.8246276898004494
 0.9475267833625248
 0.9638871431259122
 0.8424996909598986
 0.8974590808414243
 1.005569884344631



# name: <cell-element>
# type: matrix
# rows: 15
# columns: 1
 11.2288355654157
 11.54847713867798
 11.19559295502294
 11.2226284048399
 11.38246810923867
 11.34499253790874
 11.31567818930693
 11.34588910200228
 11.38210595921524
 11.43280703323366
 11.39852809186511
 11.27242949374026
 11.27738031684341
 11.46764714796664
 11.32779288395988





# name: W
# type: matrix
# rows: 15
# columns: 15
 0 0 0 0 0 0 0 0 0 0 0 0 0 0 0
 0 0 0 0 0 0 0 0 0 0 0 0 0 0 0
 0 0 0 0 0 0 0 0 0 0 0 0 0 0 0
 0 0 0 0 0 0 0 0 0 0 0 0 0 0 0
 0 0 0 0 0 0 0 0 0 0 0 0 0 0 0
 0 0 0 0 0 0 0 0 0 0 0 0 0 0 0
 0 0 0 0 0 0 0 0 0 0 0 0 0 0 0
 0 0 0 0 0 0 0 0 0 0 0 0 0 0 0
 0 0 0 0 0 0 0 0 0 0 0 0 0 0 0
 0 0 0 0 0 0 0 0 0 0 0 0 0 0 0
 0 0 0 0 0 0 0 0 0 0 0 0 0 0 0
 0 0 0 0 0 0 0 0 0 0 0 0 0 0 0
 0 0 0 0 0 0 0 0 0 0 0 0 0 0 0
 0 0 0 0 0 0 0 0 0 0 0 0 0 0 0
 0 0 0 0 0 0 0 0 0 0 0 0 0 0 0


# name: iter
# type: scalar
869


# name: c
# type: matrix
# rows: 1
# columns: 15
 0.01561032118646558 -0.03855904814837929 0.1611191708038319 -0.02745942659072317 0.003220914454808087 0.3262854349970304 -0.03211094728353123 0.4129510098402508 0.08962323879952601 0.375597658821719 -0.009636445200481876 0.05670348241046705 0.3103529397530623 0.1778754527738259 0.04446437960126481


# name: mean_corr
# type: matrix
# rows: 16
# columns: 1
 -0.01434086390124136
 -0.01408534067999944
 -0.01080287669418708
 -0.006332439839214981
 -0.000966496760217921
 0.0333273741008832
 0.04605079525808241
 0.06124416744695444
 0.07303750711862422
 0.1023457019617535
 0.1181611393183292
 0.1182817180815463
 0.1184474510161627
 0.1185052179719727
 0.1186650662810394
 0.1205392450769615


# name: mean_error
# type: matrix
# rows: 16
# columns: 1
 1.446593074710467
 1.446113338310453
 1.446083293656417
 1.443247829822082
 1.439866268653869
 1.388736162525827
 1.378532066183972
 1.367356869161585
 1.356742359102021
 1.338307834115878
 1.330385717098746
 1.330190838306629
 1.329950008735155
 1.32981824613463
 1.328932879046084
 1.327499981147076


# name: iter_improve
# type: matrix
# rows: 16
# columns: 1
 1
 11
 23
 24
 60
 62
 77
 108
 135
 137
 198
 201
 441
 509
 755
 804


# name: optim_start
# type: scalar
869


# name: optim_steps
# type: matrix
# rows: 0
# columns: 0


# name: VPVP_params
# type: scalar struct
# ndims: 2
 1 1
# length: 8
# name: lambda
# type: scalar
300000000


# name: downsample
# type: scalar
10


# name: MaxIter_X
# type: scalar
200


# name: MaxIter
# type: scalar
50


# name: optTol_X
# type: scalar
1e-06


# name: progTol_X
# type: scalar
1e-10


# name: optTol_aW
# type: scalar
0.0001


# name: progTol_aW
# type: scalar
1e-07




