# Created by Octave 3.8.1, Mon Jan 08 06:51:25 2018 ART <gabrevaya@ws4.labo2>
# name: y_start
# type: matrix
# rows: 10
# columns: 1
 0.5862658891907384
 -0.2987544793644107
 0.4353174569691737
 0.9803765728174907
 0.06624353912268889
 0.9224266019551524
 -1.001250356740413
 1.460475249026607
 1.531888473985376
 0.2645578725177424


# name: alphas
# type: cell
# rows: 1
# columns: 3
# name: <cell-element>
# type: matrix
# rows: 10
# columns: 1
 2.378148670670094
 1.208349568413682
 1.002014302614486
 0.3677225435261977
 0.3172364622150534
 -0.9487176801597265
 0.06356845205595835
 -0.1311918500974631
 0.4026176856605489
 2.569758858021508



# name: <cell-element>
# type: matrix
# rows: 10
# columns: 1
 1.280832980018479
 1.239784194189619
 1.047803655924882
 1.227135684157007
 0.9700059401628555
 1.935988676244189
 0.6790891721916013
 0.3251245549884401
 1.653536784005144
 0.2014782602144728



# name: <cell-element>
# type: matrix
# rows: 10
# columns: 1
 11.23606754511213
 10.41463492867698
 10.63031180277831
 8.519518078854748
 11.60377575205216
 9.797883960420624
 12.17708272018173
 12.02156019200782
 11.16918192299653
 12.60636787042153





# name: W
# type: matrix
# rows: 10
# columns: 10
 -0.08904236945757932 -0.09400090557458517 0.8926051726618001 -0.3257565603602836 -0.8004653176592939 0.2468876851375932 -0.09660204142603335 -1.306338768674864 -0.5482755335925074 0.5175828898769391
 -0.1284425492468227 -0.4390026484957721 -0.5215563026903922 0.2529166961386617 0.04008148662192584 0.2814134493034957 0.3367084969720499 0.3260078395861596 -0.1687175202182914 0.8183913333769335
 -1.210981466597343 -0.2571470848227933 -1.098629414641739 0.4990221709358348 1.148761364658495 0.1505523507935065 -0.2467589741275871 0.7476499762732118 0.2424605224841799 -0.3184443049122549
 -1.256749593061791 -0.2497225083200534 1.115090481536543 -0.4765691450709232 1.001600396107512 0.6390142872172416 -0.2030709483989725 -0.03141414990652261 0.3413868400626692 -0.2612130803113964
 0.5148734406745511 -0.3026216621724816 -0.1404380346214952 0.5019501909558189 0.462128465984535 -0.04669170974535088 0.9476544350090835 0.2351132461703081 -0.3009852868169605 0.4718451374782371
 0.07595989624364317 -0.7806154355973601 0.1896608768163054 -0.0142690131006345 -0.3610228975087142 0.008557302267357821 -0.363203662992748 -1.055523129078899 0.4291958135105339 1.02054241580036
 0.3262767085189928 0.01564721022998515 0.8441477281840584 -0.07223415172087577 0.1131858495286699 0.4619613743210143 -0.05791704316239669 -0.7168183137337427 -0.5126405120075777 0.2749788028378045
 -0.956870673452461 -0.781093481351905 0.4103880872011646 -0.1692037164219083 -0.4272794195716627 0.2232496978713876 -0.2068422243673142 -1.031537741007012 -0.4812432938367361 -0.5025009037812087
 -0.2778836502842397 0.2663124171789769 0.09352237578657756 -0.642682818985767 -0.2119826079662874 0.6588941014824148 0.3204858538975775 -0.9656948650226798 -0.4886610950683691 0.6002808834605028
 -0.5667275094816405 0.2918251409931453 -0.6436725717373771 0.1586701052245956 0.8344861422484028 0.06193658193854693 0.1980229569740881 -0.2019025772840715 1.144903935287962 -1.122274313804534


# name: iter
# type: scalar
200000


# name: c
# type: matrix
# rows: 1
# columns: 10
 NaN NaN NaN NaN NaN NaN NaN NaN NaN NaN


# name: mean_corr
# type: matrix
# rows: 1489
# columns: 1
 -0.004186360499825533
 0.005809634524818144
 0.003965829652390765
 0.005811185839186853
 -0.02681451659989071
 -0.02001244601563332
 0.01764665852705682
 0.01832684605499885
 0.02385532469364609
 0.03969593114100532
 0.03957304190300161
 0.06508130402755039
 0.06550158565693652
 0.3516781320782846
 0.3478716686475146
 0.3042864592996131
 0.3020992312428523
 0.3046813156218882
 0.305067100035936
 0.305274370333024
 0.3070930986476207
 0.3044098836945945
 0.3009157400756413
 0.2957020525080252
 0.2957147033963851
 0.2684480944575188
 0.2708312314072734
 0.2663318238999218
 0.2642738048391142
 0.2857419593405581
 0.2859188914688173
 0.2782201067177633
 0.2751621546347654
 0.2750244999287194
 0.2751067850722874
 0.2665210864483744
 0.2661838266875084
 0.2650493299855886
 0.267936554132813
 0.2726404218149425
 0.269926748597994
 0.2639554933149867
 0.2638024843446152
 0.2688347565302165
 0.2713449748658739
 0.2726920291773977
 0.2711015271835531
 0.3951180083535431
 0.395526708787324
 0.3841379287817275
 0.3863457204431626
 0.3841669055592817
 0.3703703824581454
 0.3439722040836395
 0.3421512455767482
 0.3378141032863055
 0.3382719203428873
 0.3469232124437384
 0.3418988615794046
 0.3400065358145605
 0.3237589806083002
 0.3224663847811053
 0.3228633629859567
 0.3212056519015283
 0.3227625463322932
 0.3352529063903683
 0.3294061588115931
 0.3287141996511991
 0.328191356756835
 0.3392495639322847
 0.3474169214380892
 0.351897286362865
 0.3472878300247378
 0.3443036079897091
 0.3379219126738767
 0.3286904087904299
 0.3275077524272109
 0.323542917888838
 0.4143468517112646
 0.3910011735446359
 0.3965707729369587
 0.3687231852432429
 0.3714271868822044
 0.3857000972499373
 0.3743964920372015
 0.372033202449956
 0.3559432313691654
 0.3534554052428663
 0.3565263124426959
 0.3617718981246835
 0.3596460697700948
 0.341694919419009
 0.3415480060374237
 0.3412505205627799
 0.3366892142059966
 0.3349003071322825
 0.3372831385327482
 0.3372802158564934
 0.3368814156489009
 0.3394739777364684
 0.3402256662556228
 0.3414879105922458
 0.34152569082282
 0.3397003442425158
 0.4250849596510795
 0.4225523395276224
 0.4164228908559217
 0.3745583145387347
 0.382877933702617
 0.392822434524186
 0.391753753252562
 0.3948663704578991
 0.3830106811403429
 0.3914910027531102
 0.3908368797528343
 0.3972733466191475
 0.3948567734966248
 0.3918823744581529
 0.3964490848870908
 0.4000165421875792
 0.392936832091913
 0.3837292218447913
 0.3897998119905192
 0.3889724299193232
 0.3893784847001188
 0.3889761788624189
 0.3980687962227989
 0.3941973435259978
 0.3908056448311815
 0.3928890243199906
 0.3901758147917941
 0.3940372737687411
 0.3951043038756518
 0.3958755892228723
 0.393498656844786
 0.3938987593249601
 0.3970354389529396
 0.3885218720159889
 0.3908118569495972
 0.3868135343605434
 0.3821065462710782
 0.4256443851101702
 0.4257912435660213
 0.4103846967777316
 0.3999423439058106
 0.4077023462151835
 0.4053377226310623
 0.3986249758964633
 0.4061987803990396
 0.3979011731568645
 0.4022570696425882
 0.3956136141132537
 0.3894816737288319
 0.3848552937139604
 0.3976816084401472
 0.3968414563699512
 0.403705118378087
 0.4020615143073007
 0.4023106612288497
 0.3954428497427934
 0.3985384145127818
 0.3950897108573183
 0.394395891261991
 0.3913465825168065
 0.3903931061627859
 0.3921380772305211
 0.3909825145896292
 0.3896187843677442
 0.3859352248359526
 0.3886601781747225
 0.3899142482893526
 0.3843513500301383
 0.4208399226902729
 0.4092463860989644
 0.427828417412663
 0.4317864770683957
 0.4195534517226603
 0.4257311367435654
 0.425282094388325
 0.4257505519440326
 0.4202204094027261
 0.4217664814655446
 0.4221450945375668
 0.4224375978348781
 0.4231890335324315
 0.4152528570046943
 0.4135348836344979
 0.4126925336720413
 0.4112469480516355
 0.39902331467483
 0.3970868443218143
 0.4066017802045524
 0.4053574448982403
 0.4010659172975511
 0.4027181222539288
 0.3994355377886744
 0.401276021670154
 0.4095670210849028
 0.4064360289026248
 0.4311073053116022
 0.4390642610317143
 0.4496927900528728
 0.4291968368175009
 0.4269405992335149
 0.4247183113141954
 0.4269706645331545
 0.4242356411591196
 0.4236215964415881
 0.4305411683496686
 0.4198117869526484
 0.4191492404812525
 0.4019701502901438
 0.4049280960683274
 0.4089217759193725
 0.4130755748976194
 0.4075968447682591
 0.4149649393512519
 0.4133275430599763
 0.4140441485747554
 0.4145335009845367
 0.4151066177210092
 0.4169773056283849
 0.4188116813779705
 0.4205916705062253
 0.4189482345210564
 0.4160430850585962
 0.4158371288048377
 0.4113712595370333
 0.409223508651649
 0.4407661991835532
 0.442968159983212
 0.4415009262881381
