# Created by Octave 3.8.1, Wed Nov 29 00:02:52 2017 ART <gabrevaya@ws20.labo5>
# name: y_start
# type: matrix
# rows: 15
# columns: 1
 -1.852562451325676
 -0.2134413933593249
 0.8768137516771315
 -1.826476246465232
 -1.238048448132888
 -0.1229892682540006
 2.328814297103567
 -0.4574598193346456
 -0.4991713726899517
 1.178705129210964
 0.01577963575120533
 -0.3202167296390716
 0.4096228496868125
 -0.2623461176077599
 -0.5784250143615217


# name: alphas
# type: cell
# rows: 1
# columns: 3
# name: <cell-element>
# type: matrix
# rows: 15
# columns: 1
 0.3649805907469262
 0.6469528456762172
 0.578
 0.578
 0.578
 0.3264260746370397
 0.7107640784917753
 0.578
 0.578
 0.5192762586043745
 0.6347119744719558
 0.578
 0.7559871102753186
 0.578
 0.578



# name: <cell-element>
# type: matrix
# rows: 15
# columns: 1
 0.8408086129630679
 1.085843721140788
 1
 1
 1
 0.774308071571909
 1.092631187677366
 1
 1
 0.7366853304062873
 0.926491042815895
 1
 1.245348168994842
 1
 1



# name: <cell-element>
# type: matrix
# rows: 15
# columns: 1
 11.25687973184881
 11.82105033150692
 11.38
 11.38
 11.38
 11.44458745758063
 11.14767636624749
 11.38
 11.38
 11.35729626390375
 11.49279827589629
 11.38
 11.48166604993335
 11.38
 11.38





# name: W
# type: matrix
# rows: 15
# columns: 15
 0 0 0 0 0 0 0 0 0 0 0 0 0 0 0
 0 0 0 0 0 0 0 0 0 0 0 0 0 0 0
 0 0 0 0 0 0 0 0 0 0 0 0 0 0 0
 0 0 0 0 0 0 0 0 0 0 0 0 0 0 0
 0 0 0 0 0 0 0 0 0 0 0 0 0 0 0
 0 0 0 0 0 0 0 0 0 0 0 0 0 0 0
 0 0 0 0 0 0 0 0 0 0 0 0 0 0 0
 0 0 0 0 0 0 0 0 0 0 0 0 0 0 0
 0 0 0 0 0 0 0 0 0 0 0 0 0 0 0
 0 0 0 0 0 0 0 0 0 0 0 0 0 0 0
 0 0 0 0 0 0 0 0 0 0 0 0 0 0 0
 0 0 0 0 0 0 0 0 0 0 0 0 0 0 0
 0 0 0 0 0 0 0 0 0 0 0 0 0 0 0
 0 0 0 0 0 0 0 0 0 0 0 0 0 0 0
 0 0 0 0 0 0 0 0 0 0 0 0 0 0 0


# name: iter
# type: scalar
502


# name: c
# type: matrix
# rows: 1
# columns: 15
 0.1751040491889345 -0.04868889410088414 0.2935691200296268 0.02548140939836978 0.3032081718659272 -0.2227016477031959 -0.04058442196640419 0.6006317836239763 0.1772921146398741 0.4308688319263489 -0.03891228474032902 0.09551776109264738 0.2330493383066876 0.1985718685305886 -0.01030193904490372


# name: mean_corr
# type: matrix
# rows: 17
# columns: 1
 -0.01990606782063244
 0.03761475506609988
 0.04027995879667389
 0.04677583636268817
 0.08603868031248668
 0.08685475064191581
 0.1170375138410488
 0.1308257236133911
 0.1347472772324204
 0.1377954542055277
 0.1417824369721555
 0.142401137345842
 0.14765270247074
 0.1493465243645048
 0.1614159959100915
 0.1643824290857552
 0.1654211094097078


# name: mean_error
# type: matrix
# rows: 17
# columns: 1
 1.437679361161631
 1.396021603833659
 1.394248869618552
 1.392428800932678
 1.364782429568058
 1.364638344889644
 1.343858637769009
 1.333245456300814
 1.332921085716389
 1.331397865424735
 1.333522036253775
 1.333483775995124
 1.319929122017384
 1.311312789960586
 1.301938683831007
 1.30611666024348
 1.308830175221457


# name: iter_improve
# type: matrix
# rows: 17
# columns: 1
 1
 4
 6
 8
 18
 22
 54
 69
 72
 128
 133
 169
 221
 230
 231
 234
 340


# name: optim_start
# type: scalar
502


# name: optim_steps
# type: matrix
# rows: 0
# columns: 0


# name: VPVP_params
# type: scalar struct
# ndims: 2
 1 1
# length: 8
# name: lambda
# type: scalar
300000000


# name: downsample
# type: scalar
10


# name: MaxIter_X
# type: scalar
200


# name: MaxIter
# type: scalar
50


# name: optTol_X
# type: scalar
1e-06


# name: progTol_X
# type: scalar
1e-10


# name: optTol_aW
# type: scalar
0.0001


# name: progTol_aW
# type: scalar
1e-07




