# Created by Octave 3.8.1, Wed Nov 29 00:05:53 2017 ART <gabrevaya@ws20.labo5>
# name: y_start
# type: matrix
# rows: 15
# columns: 1
 -1.852562435587503
 -0.2134414055473962
 0.8768137357242978
 -1.826476239311599
 -1.238048452308385
 -0.1229892689130131
 2.328814293785319
 -0.4574597907424747
 -0.4991713676890338
 1.178705133922547
 0.0157796156970432
 -0.3202167246679877
 0.4096228549158963
 -0.2623461392505526
 -0.5784250066761986


# name: alphas
# type: cell
# rows: 1
# columns: 3
# name: <cell-element>
# type: matrix
# rows: 15
# columns: 1
 0.3122656043735595
 0.5891738548215039
 0.5563658549325747
 0.4963571616346516
 0.5435707270140284
 0.2825859086673813
 0.6115851222052249
 0.6110718071916594
 0.5471515348478093
 0.4987322121046662
 0.5527915542268123
 0.4893532976393886
 0.6968420147533045
 0.6245968457182181
 0.5624486956195475



# name: <cell-element>
# type: matrix
# rows: 15
# columns: 1
 0.8257384623630766
 0.769149670981499
 1.026411016448799
 1.082271973841702
 0.9239525596487924
 0.8501162249563701
 1.119548345858555
 0.9924965875596212
 0.9615270813819532
 0.7285256510594539
 0.825973242308398
 0.9956879894091548
 1.133731049231713
 0.6522796599478915
 0.9196872750305792



# name: <cell-element>
# type: matrix
# rows: 15
# columns: 1
 11.2599202573359
 11.79530468000072
 11.38565258276838
 11.3893088549698
 11.37123069633454
 11.44991711971461
 11.1587650097646
 11.38158646496626
 11.37696030708835
 11.35914265657004
 11.48411262410468
 11.37996395187765
 11.47038614271556
 11.35103181172264
 11.37106912123172





# name: W
# type: matrix
# rows: 15
# columns: 15
 -0.0805268365209109 0.04147160476667018 0.02025134264124738 0.1131714647929684 -0.06070130532866168 0.05362819323266867 0.1105105020049048 -0.01857032636270642 -0.02096021913314724 0.01878348433851884 -0.09513423760228124 0.0940963684446333 -0.1527727859664707 -0.06110954470792115 0.1154134604823093
 -0.04773804586926091 -0.05981501274400666 -0.06171445132688925 -0.1081915380813167 0.1350548465429342 -0.0631174046536208 -0.0207493561971934 0.1304087797321273 0.000519870699813942 0.05252467676650472 0.1756520114697686 -0.1378084781257786 0.2404041177578306 0.123424776020148 -0.2921809165393192
 0.09937493388317771 -0.05236700105919655 -0.01835439448753436 -0.05963921415516769 0.02764049434254552 -0.04601480715829116 -0.08426427026226599 0.0002888589595304637 0.01716009169124201 0.09637908178920217 0.02755946907922966 -0.03593461535385353 0.03720992853601107 -0.01969918794957776 -0.02768321757033092
 -0.06313379531756949 -0.04066206915585718 0.01965352295499267 -0.2336450842900896 0.01784673014391161 -0.04932996622086797 -0.03345424086838417 0.003375209247489006 0.007405274493518961 0.04725722122472439 0.1100552065818832 -0.1212048023906425 0.2373445756648042 0.009910816356593613 -0.1504678846025182
 -0.1745764990188964 0.1274059431453717 -0.0043069046414907 0.05118696446602542 -0.0006008291664238788 0.02998149580244873 0.1115643247083029 0.06627587083437698 0.01383549333982131 -0.1042518205362522 -0.001057104740793571 0.01656468007509562 0.09214293178239615 0.02002929321476531 -0.01958773249676493
 0.02983994417526598 -0.04380051424388018 -0.01399099071508804 -0.07740511275585397 0.02368589741467147 -0.05660551627417705 -0.1496709125615021 -0.05422550660200372 -0.03319004349813351 0.05801970081327248 0.09540504019729486 -0.1000968070083027 -0.006117485851446745 0.06461838197693706 -0.1361157154926245
 0.08798695375569925 -0.1149663018470392 -0.05397442885406654 -0.06107533090179169 0.1113058306731135 -0.08279308056559073 -0.2831438968994638 0.0009226279943928727 -0.008365988701344213 0.1551708014371115 0.1725251171341662 -0.1833259222710906 0.03887491194820685 0.06523061240408475 -0.2603713122888547
 -0.05782867884324351 0.06147962289020592 -0.02772540376373737 0.06502227956411437 0.03977250124657047 -0.01873804124472772 0.1351046728553692 0.0989882741677829 0.01669426586491022 0.1107797355153209 0.01771437087170127 0.02348261344052536 -0.002522556941988551 -0.04796142122729353 -0.06249966741267996
 -0.01266351946763732 -0.0382616367138667 0.01148532119523555 -0.06175631702476548 -0.02929182254194341 -0.008579915816934507 0.01952473408816621 -0.006792043886596343 -0.03621288697870152 0.0668696597094284 0.01051573856971598 -0.02100007543721261 0.06689963699510065 -0.01708187856463541 -0.03297655300343237
 -0.02304844809708739 0.04059616506732629 -0.01524092132474577 0.07904596703963318 0.01280731399959634 0.02962390941349454 0.03343672109030142 0.02319184279797082 0.003327065666358879 -0.04868357697026949 -0.02856109126981956 0.04221915496310211 -0.05408013961094994 0.005288963275837679 0.0419939846754748
 -0.1557900651501196 0.1836933144058784 0.005595053686189335 0.1592945733853553 -0.01980922853748079 0.1021771543040169 0.2078826809985128 0.07162362486600023 0.03059320722827114 -0.2490137168523303 -0.214877829311412 0.155337068279081 -0.004623931323527722 -0.02991064815105568 0.1958358895382465
 -0.07124135930713967 -0.08024063694084575 -0.007723853681154281 -0.1262206650614113 0.02297830365540112 -0.0290818994379859 -0.1644209357108229 -0.03850352642622844 -0.04802789972108076 0.03082756531726626 0.1176806584890451 -0.1763689159010529 0.03364705471191181 0.06623407939622526 -0.2164502561500559
 0.1035834702718429 0.02433894478541554 0.001011880439866334 0.139613191846729 -0.01235687159895964 0.01447110707448343 0.05021956254278568 0.01098125931199641 0.04980725348964304 0.03950648058617406 -0.1064550713418251 0.1103432831263999 -0.08661074109867724 -0.08306099433403169 0.183725671097359
 -0.1130216243575556 0.08847198722202741 -0.03593305816142833 0.09350078815235807 0.06059631392076052 0.07066620771298096 0.02218468337895341 0.05513587543812627 0.02029240782125624 -0.260466552819033 0.01509893764688783 0.03851239658584638 0.07258972397936618 0.101702011808313 0.03812241667493352
 -0.02403854212190696 -0.1152160561444981 0.007595057549416019 -0.1559940584887667 0.04244243921928393 -0.06754916229112973 -0.2058573368618124 -0.04572560142382646 -0.04064651888814993 0.1775039225109034 0.1502716868934575 -0.1920057297417504 0.05557535597937333 0.02344439540830083 -0.2987721192072675


# name: iter
# type: scalar
502


# name: c
# type: matrix
# rows: 1
# columns: 15
 0.3479287939408147 0.4665540785236478 0.4068467057379609 0.3559950441741678 0.4955461875433339 0.3680223183209709 0.07750969019064556 0.6587099381928199 0.2914612954940567 0.4427273948918023 0.2597251972790256 0.09263663597604122 0.3853765578621756 0.5997127648061262 0.1907257309380477


# name: mean_corr
# type: matrix
# rows: 18
# columns: 1
 -0.01990606782063244
 0.03761475506609988
 0.04027995879667389
 0.04677583636268817
 0.08603868031248668
 0.08685475064191581
 0.1170375138410488
 0.1308257236133911
 0.1347472772324204
 0.1377954542055277
 0.1417824369721555
 0.142401137345842
 0.14765270247074
 0.1493465243645048
 0.1614159959100915
 0.1643824290857552
 0.1654211094097078
 0.3626318889247758


# name: mean_error
# type: matrix
# rows: 18
# columns: 1
 1.437679361161631
 1.396021603833659
 1.394248869618552
 1.392428800932678
 1.364782429568058
 1.364638344889644
 1.343858637769009
 1.333245456300814
 1.332921085716389
 1.331397865424735
 1.333522036253775
 1.333483775995124
 1.319929122017384
 1.311312789960586
 1.301938683831007
 1.30611666024348
 1.308830175221457
 1.286311569998582


# name: iter_improve
# type: matrix
# rows: 18
# columns: 1
 1
 4
 6
 8
 18
 22
 54
 69
 72
 128
 133
 169
 221
 230
 231
 234
 340
 502


# name: optim_start
# type: scalar
502


# name: optim_steps
# type: scalar
18


# name: VPVP_params
# type: scalar struct
# ndims: 2
 1 1
# length: 8
# name: lambda
# type: scalar
300000000


# name: downsample
# type: scalar
10


# name: MaxIter_X
# type: scalar
200


# name: MaxIter
# type: scalar
50


# name: optTol_X
# type: scalar
1e-06


# name: progTol_X
# type: scalar
1e-10


# name: optTol_aW
# type: scalar
0.0001


# name: progTol_aW
# type: scalar
1e-07




