# Created by Octave 3.8.1, Tue Nov 28 19:58:47 2017 ART <gabrevaya@ws10.labo1>
# name: y_start
# type: matrix
# rows: 15
# columns: 1
 0.02141734320318814
 -0.1858664748675649
 0.2088283456920056
 0.2781631062631099
 -1.176296860798952
 -0.2109061207122299
 2.086902200779262
 -1.50537835528802
 0.2572304881249586
 -0.2743959766678536
 -0.7257925085056683
 1.214613208746602
 -1.794803655311519
 -0.05800551874753935
 0.7738594681048773


# name: alphas
# type: cell
# rows: 1
# columns: 3
# name: <cell-element>
# type: matrix
# rows: 15
# columns: 1
 0.3418453805144556
 0.1415798071379487
 0.6085787797385072
 0.6600022092669668
 0.657192917730404
 0.5466697577312444
 0.5732460698121251
 0.5480852676802938
 0.6480728159001613
 0.6836042950613885
 0.6274167960585663
 0.6701888631272301
 0.5047342144236185
 0.6545952762697994
 0.5203808846960429



# name: <cell-element>
# type: matrix
# rows: 15
# columns: 1
 0.7605829269854834
 0.8812737963690149
 1.031515772521903
 0.7721290341935558
 0.9068870780805015
 1.207420300625945
 1.045588325121039
 0.9987647898970147
 0.9579258298191666
 0.7770696806197109
 0.8129285569558207
 0.9677357833307279
 0.8926053850103536
 0.6180203546406194
 0.9021711414425918



# name: <cell-element>
# type: matrix
# rows: 15
# columns: 1
 11.22166092039906
 11.52903151888029
 11.1942279690552
 11.21443894219193
 11.38819452383824
 11.34442582946146
 11.31246730532556
 11.35197315656541
 11.38364393968489
 11.42766514900012
 11.38583899906559
 11.27287062179443
 11.28382789226209
 11.44888369209935
 11.31631299641104





# name: W
# type: matrix
# rows: 15
# columns: 15
 0.01287010005424274 0.09479948723285296 0.003070335459228104 -0.01421246151444703 0.007734557213693822 0.1521176086333219 0.07662908527185901 0.03656532648558324 0.0006740879477305626 0.01683014563999158 -0.07468929612748315 0.07352600979971909 -0.0114554698705581 -0.07315717711101738 0.108989324563009
 -0.03302953499028853 -0.07020480738254518 -0.08014057644278522 0.0403811517809114 0.1066378515583289 -0.2172148311801263 -0.06154608389006316 0.03533260098586344 -0.006132390316471341 0.02991675244454983 0.197755744819412 -0.1479658592930686 0.01789758360308973 0.1076729752496755 -0.3337657835976921
 0.03516940678290006 -0.0683761703701001 0.001301277386058624 -0.03898684859173225 -0.03264760854307086 -0.08148137216070755 -0.03893817856852577 -0.03630319566489213 0.009455950060988485 0.03987464215870046 0.01136538206172493 -0.01699071828622086 0.01783730590544534 -0.0283015602463374 -0.0290914648514571
 0.01842253882036468 0.02036311661986371 -0.04405882858754942 -0.07632680391244759 0.1052608822076001 -0.01553043234114882 -0.08364373105757016 0.09500101922992882 -0.01515873309561578 0.07539402230946944 0.120387544300171 -0.1161815634424172 0.09486231109766433 0.05772689224577782 -0.1728995422693835
 -0.09276281779969452 0.03252684297259683 -0.02804162860079527 0.1523392747278395 -0.00819361871054719 -0.07402747605614873 0.06010093185316377 0.007856540527820479 0.01314677128878347 -0.08795618972661279 0.006336392175837605 0.0140259737203366 -0.08144957365092077 0.03806203829194722 -0.02503242561155851
 0.01846162228728192 -0.08894259236014186 0.006345915447137136 -0.02875265572078727 -0.02811149540223618 -0.1752585421587272 -0.02197460062368641 -0.05011096091600913 0.01099038108988963 0.006872176075632977 0.02733338377297615 -0.009889218931519426 0.00581552276257794 0.01271458188904873 -0.0390424968138712
 0.06167739908656349 -0.08612528284781525 -0.02388614448922719 -0.1096872675041646 0.06530914445548991 -0.08576340857858644 -0.1769489080529428 0.01395303227018782 -0.02641509035817446 0.1007710563626843 0.1470307936525471 -0.1658094577527388 0.0899525750347752 0.04818767552706339 -0.2069889270564786
 -0.0177537687521851 0.02166565507495271 -0.02346914545159908 0.06306296164774153 0.011581989055475 -0.02460566624650242 0.1026844438992265 0.007685098073223827 0.02125580264092865 -0.001328550797757972 -0.002020643684690953 0.03385464908140345 -0.04886349292326842 -0.0338837013204076 -0.03049321205663518
 0.0413247557912953 -0.0123652374090361 -0.008230471360384177 -0.06511949525720506 0.0105473684490062 -0.02446556474320472 -0.01453957242678807 0.0005896602720798317 -0.04590374991060075 0.0469881479023103 0.02192222817752967 -0.01788904372138843 0.02509523845771854 -0.002167448378647289 -0.02051795009628012
 -0.04126709688414918 0.02480781647386417 0.005159851421733834 0.06647403185723225 -0.01862955161105227 0.03254213954170217 0.04126449463749728 -0.01918715184342518 0.0004742308881573833 -0.06135440435111625 -0.04340367214098637 0.04291159054231749 -0.05204634374270675 0.004063273929762911 0.06046190341081824
 -0.127916405873545 0.09290139873217158 0.001469753168644467 0.2146706993117561 -0.03519882197444056 0.006992864526542941 0.1539046188743317 0.01855161779131546 0.04210300965988067 -0.1500856889815298 -0.1493429352640131 0.1309623561645202 -0.09698948149932882 -0.03217997726569806 0.1510574325138961
 -0.002575633370377994 -0.02593026861277762 -0.0372611677579979 -0.04377370345231212 0.08008999691024343 0.01753204427250491 -0.1656950279284397 0.001125221068902122 -0.05700404255203089 0.02964210631563243 0.1496114450558018 -0.200391379285435 0.01373071522799096 0.07885591745278761 -0.2277090666098052
 -0.03683350024469737 0.03084900557875025 -0.0005777179426976807 0.09851892718144527 -0.03556974297808736 -0.01404329070409495 0.1084632902127347 -0.005142439491360108 0.02452786830068097 -0.05366086279928593 -0.07332575726924596 0.09023314780642697 -0.06659087299936321 -0.04046993114574235 0.09914371408109758
 -0.09601801143124591 0.04670805576703361 -0.02408055255472685 0.1341812450630532 0.06596311905342292 -0.001461347190795367 -0.03483507983194754 0.090773189601402 -0.009170049258049335 -0.1152065841162796 0.02372836749534375 0.006226176022072594 0.02748402737626982 0.1159586362531669 0.02753438778871792
 0.05973588028556578 -0.07426952911804163 -0.0103117484226101 -0.1199071372307724 0.04097202042312327 -0.04753753461156596 -0.1592135088182738 -0.02411540258336793 -0.02647475176911343 0.1056659601554391 0.1260753426302953 -0.1564842844534575 0.05727622312328508 0.005960363933848189 -0.2051894947720617


# name: iter
# type: scalar
869


# name: c
# type: matrix
# rows: 1
# columns: 15
 0.3755900170216628 0.3395579251830488 0.426379205022821 0.3776027645225078 0.4510404484407714 0.3370450641438683 0.09788640171080844 0.4944338516708012 0.3040369265544227 0.4945919229127537 0.1923283465715421 0.1322029241597866 0.3713778164183053 0.5846720326828769 0.2032134728239637


# name: mean_corr
# type: matrix
# rows: 17
# columns: 1
 -0.01434086390124136
 -0.01408534067999944
 -0.01080287669418708
 -0.006332439839214981
 -0.000966496760217921
 0.0333273741008832
 0.04605079525808241
 0.06124416744695444
 0.07303750711862422
 0.1023457019617535
 0.1181611393183292
 0.1182817180815463
 0.1184474510161627
 0.1185052179719727
 0.1186650662810394
 0.1205392450769615
 0.3454639413226628


# name: mean_error
# type: matrix
# rows: 17
# columns: 1
 1.446593074710467
 1.446113338310453
 1.446083293656417
 1.443247829822082
 1.439866268653869
 1.388736162525827
 1.378532066183972
 1.367356869161585
 1.356742359102021
 1.338307834115878
 1.330385717098746
 1.330190838306629
 1.329950008735155
 1.32981824613463
 1.328932879046084
 1.327499981147076
 1.294084749773126


# name: iter_improve
# type: matrix
# rows: 17
# columns: 1
 1
 11
 23
 24
 60
 62
 77
 108
 135
 137
 198
 201
 441
 509
 755
 804
 869


# name: optim_start
# type: scalar
869


# name: optim_steps
# type: scalar
17


# name: VPVP_params
# type: scalar struct
# ndims: 2
 1 1
# length: 8
# name: lambda
# type: scalar
300000000


# name: downsample
# type: scalar
10


# name: MaxIter_X
# type: scalar
200


# name: MaxIter
# type: scalar
50


# name: optTol_X
# type: scalar
1e-06


# name: progTol_X
# type: scalar
1e-10


# name: optTol_aW
# type: scalar
0.0001


# name: progTol_aW
# type: scalar
1e-07




