# Created by Octave 3.8.1, Thu Nov 30 04:04:26 2017 ART <gabrevaya@ws20.labo5>
# name: y_start
# type: matrix
# rows: 15
# columns: 1
 6.820486234673481e-06
 -0.0001302481313623683
 -1.676485752629853e-05
 0.0002221126235413632
 0.0001112854053079977
 6.653515311117626e-05
 5.195211157870135e-05
 6.452582074221711e-05
 -2.134074233230663e-05
 0.000105220737639725
 -7.927611051988482e-05
 1.148920864092869e-06
 -2.810406392402532e-05
 0.0003718418911206847
 -2.975127708830146e-07


# name: alphas
# type: cell
# rows: 1
# columns: 3
# name: <cell-element>
# type: matrix
# rows: 15
# columns: 1
 1.466630250923733
 2.138444208633688
 -0.9564581188867313
 1.866108253559634
 1.868780287189441
 1.125930456974344
 0.1914657213907442
 0.06552612866673287
 1.171474275418404
 1.729070726929697
 2.106765373668336
 -1.90147032355826
 0.04621408747292961
 2.611473331296954
 0.3110749173044053



# name: <cell-element>
# type: matrix
# rows: 15
# columns: 1
 0.2110378439479674
 0.4367531109965442
 0.9479575310557041
 1.386364157523581
 0.8673228238817191
 1.036615800093649
 1.443936949099508
 1.474322342650723
 1.403558701480252
 0.8917271019987989
 0.5550996971171196
 0.4620076756328196
 1.156380003233543
 0.7449304969491056
 0.4177658372392609



# name: <cell-element>
# type: matrix
# rows: 15
# columns: 1
 11.33580671913179
 13.19865718015333
 11.10152957508166
 10.5720234481485
 11.02288536545067
 12.53864002349779
 11.59795418231535
 10.95945131700949
 12.06369687096637
 10.17658451238069
 11.74633846978755
 11.00672715187674
 12.05469902576752
 10.58058013061211
 11.35435552159569





# name: W
# type: matrix
# rows: 15
# columns: 15
 -0.2147629524441523 -0.4120573095713708 -0.1696786661295062 0.6719080119706573 0.1868680380990749 0.1036030466929735 -0.08354779628369323 0.1806820191630793 -0.05375756730052385 0.2997592870857114 -0.05235014838329539 -0.04841350248354995 -0.490006588313512 -0.08952669610928263 0.08718827664093902
 -0.2129247940332729 -0.004856838374547683 -0.01452648619306276 -0.1679277004427202 -0.1116937510658012 -0.1828829409288829 -0.1245295976338121 -0.001989615916665141 0.1274814946329288 -0.0947839250532463 0.4477527211295524 -0.06878919662213988 0.4275988335534119 0.6018839467230909 -0.3247194434315627
 0.2552328150819941 -0.07742377818492388 0.02472175929415464 -0.3838553056456587 0.004335640509977552 -0.01667311367906164 -0.2037256622304433 -0.3505857210329004 -0.03002529315071951 0.007406262861390894 -0.2612861762998488 0.03600481252435491 0.1870125488707763 -0.2152021003706504 -0.09913781004522478
 -0.02351217639786712 0.05343621047682506 0.24331353346424 -0.3779803298947445 -0.1260048257815579 -0.2978501098341307 -0.02696003059177741 0.02042842122821209 -0.1401249089888252 0.3783239041038736 0.2234024831797177 -0.3401539884922608 0.5644413382493741 -0.2146378686322127 -0.1729257699797593
 0.09018985284592752 0.2502746842478961 0.2668170424164175 0.01009072585106592 -0.1323711499851082 0.2534713766694264 0.2598268034200993 0.172402165156425 0.1719519918715263 -0.2895936660768918 0.0003323433124864612 0.06707690214284631 0.304550888678037 -0.1658984405213077 -0.07140675450904325
 -0.1825449182383403 0.09791299183351686 0.04077363893030286 -0.4394634390971083 0.08062972117383281 -0.2417219127738994 0.01002709017459223 -0.004513012565896869 -0.2158695958389841 0.2663470408492857 0.02917572856576243 -0.1598689525710051 0.1294897253848641 0.1684028906656845 -0.2692217590514137
 -0.1652022904166512 -0.09187742701132376 -0.0393234738890236 -0.1678392260714388 0.1364682139142742 -0.0112612111276009 -0.3611260649079438 -0.04590668774025849 -0.02788970908625974 0.4185029491632356 0.3228912304591234 -0.2837749376500893 0.194842640557307 0.1482590052980818 -0.3298750705697129
 0.1785314856963526 0.1810943178914105 -0.2154650650012054 -0.01522195192996 0.01566018366496594 -0.1592594222716331 0.1217478984948579 0.2701823255274844 -0.1275147593633676 0.2641086323819132 -0.2714333829173082 0.05021566273057339 -0.007808755229246777 -0.5323793479351268 0.2106960124166714
 0.03906475097072285 0.3479564533042481 -0.07614782898464573 -0.1257788778771337 -0.1746916760938611 -0.1073313282767574 0.0774908819524037 0.01215384971389868 -0.2163076074138075 0.1752793936215003 -0.1178309577240342 0.07518958405445118 -0.03302223135062702 -0.1204530094036046 0.1802789214467929
 -0.09019533982349093 -0.2865572172315732 -0.114307527215648 0.1643547421980144 0.07502050514714864 -0.09017016521311559 0.2589750174649263 -0.1385055077858527 0.003686981585357102 -0.1825261460209427 -0.005913324326898815 0.378995020308756 -0.1626234731085146 -0.03229195003247168 0.02538784598224299
 0.1101593350265405 0.00618990322751386 -0.02686944254401457 0.1598077234557783 0.2814463288978512 0.179993347646871 0.0780373399933266 0.2229057106603477 -0.2659775391953658 -0.2171057633910131 -0.2844375501732312 -0.02170881765541238 -0.2260382460423476 0.09788615331118075 0.2585807453096364
 -0.3556958397491009 0.02823912799698291 -0.01549832477359214 -0.03922031716276143 0.1538550496130762 -0.1095577063646361 -0.1371857925056338 -0.07485492430245345 0.0775484371101772 0.3940619683310224 0.2244580925191516 -0.2323515282951534 -0.200175068985459 0.4188117042371071 -0.2499412822508741
 0.2829770709094473 0.02490252454746843 0.1972423266543102 -0.1182397175500006 -0.1904239307729302 0.07550143241944246 0.2418714438787261 0.2488040411760645 0.3255443450123255 0.02088737933697613 -0.03010029441569908 0.3830435668502931 0.01699327673742639 -0.1089450627019944 0.6168093551326793
 -0.01503023047912838 0.2618660022022424 -0.1556009831306429 0.3766792522435266 0.2140810455658025 0.1689420396707814 0.07117372142214975 0.1077958503185659 0.01249535142489001 0.08376122945279803 0.3305639529709175 0.0460334438393604 -0.1490657460954893 0.2294110676054581 -0.02562786178440146
 -0.2315076328962689 -0.2240887255444231 -0.1232119915901387 -0.2524287662815428 0.04880970294646731 -0.4150998937353506 -0.2516939626787444 0.06931101137910022 -0.08680229789761162 0.7021973559179158 0.2159379568127779 -0.3531224496227056 0.3387644426638721 -0.1310582452398996 -0.6798990854215429


# name: iter
# type: scalar
300000


# name: c
# type: matrix
# rows: 1
# columns: 15
 NaN NaN NaN NaN NaN NaN NaN NaN NaN NaN NaN NaN NaN NaN NaN


