# Created by Octave 3.8.1, Sat Jan 06 20:38:10 2018 ART <gabrevaya@ws4.labo2>
# name: y_start
# type: matrix
# rows: 10
# columns: 1
 -2.57262007338846
 -1.094877254888616
 2.053847150544529
 -1.044008695688169
 -0.7995941363656699
 -0.4005391552150845
 -0.4289542201927929
 0.7217587434492413
 -0.3975302368086975
 -1.93512104131101


# name: alphas
# type: cell
# rows: 1
# columns: 3
# name: <cell-element>
# type: matrix
# rows: 10
# columns: 1
 0.5347507482962832
 0.4822025989056783
 0.3694186510736404
 0.5385516647172879
 0.5952960242241094
 0.4199496455955115
 0.3181787855250393
 -0.02368894536839384
 0.6264715719697004
 0.6690478864057617



# name: <cell-element>
# type: matrix
# rows: 10
# columns: 1
 0.8600806431515043
 0.8964263344040401
 1.26627325748727
 0.6404948404288819
 0.904807098960013
 1.501484497800704
 1.011567867358616
 0.5053583232254273
 0.883790670878097
 0.9594414411031726



# name: <cell-element>
# type: matrix
# rows: 10
# columns: 1
 11.34196865763488
 11.27288701453183
 11.29250957063392
 11.34320717653944
 11.38037777243846
 11.47224444889057
 11.25215323558369
 11.66539412924888
 11.37685838301141
 11.34873560165184





# name: W
# type: matrix
# rows: 10
# columns: 10
 -0.2519387299544472 -0.02153742532156842 0.4170984459699998 -0.1703587477261192 -0.09562897567931497 -0.1616490490727145 -0.1519263961159575 -0.2476291751877659 -0.1277271476122757 0.1396526136328101
 -0.2001488565246197 -0.07403959387662905 -0.1494515524043457 -0.2073475384303479 -0.09590739012510256 0.03988359569848066 0.1298136940103578 -0.0783600537010104 0.0563292875954142 0.02579942996613027
 0.06807996464977367 -0.05114302741645431 -0.4228848271363063 0.1619013052126761 0.1609668083879147 0.3913213217966323 0.2463061010729273 0.1459773772790676 0.2772236486217807 -0.1776721822318352
 -0.3456084946939411 -0.1244159653516455 0.1405973008162088 0.1085598438863575 0.1675797032713692 0.1686376777943131 -0.08698025587764399 -0.007581590382105284 -0.1740287442463642 0.0483506870521323
 -0.1515524919975957 -0.1261583551751314 0.3551957849096216 0.04320617478159642 0.1612649929682893 -0.1816858608466682 0.07995480872798831 0.02127584047845382 0.1661175447344386 -0.2516748283345563
 0.005013219925469737 0.03434146525587027 0.006306779138024308 -0.1309708728239277 -0.06692811258410857 0.06479045201257091 0.05112329466948016 -0.108716185092673 -0.03469108831349979 0.1544307774551177
 0.1895861514306076 0.1574513027036852 0.1648829455074388 -0.1876126032320806 -0.0793846202505805 -0.01610249118347883 -0.1606609432116324 -0.224631512525329 -0.04405507178424897 0.4598356873157066
 -0.1940433523468843 0.002254009898031856 0.2845580643078861 0.08837367023813152 0.1042679342738496 0.05031154388559565 -0.1690920518119578 -0.2393230467514635 -0.3279898980984767 0.4169129581062649
 -0.1020859211767023 -0.00365312071567319 0.3158364907847602 -0.1178353665758456 0.09899620951529688 -0.02047294194665402 -0.03936534797443289 -0.268860898302474 -0.08482775116819782 0.3134302900881398
 -0.08505213694866598 -0.1032864015502591 -0.4753334466397747 0.007073211294445379 -0.1634217296551469 0.09197565659411874 0.1195967038679213 0.2084305905789181 0.1248727187688604 -0.5907959790825936


# name: iter
# type: scalar
524


# name: c
# type: matrix
# rows: 1
# columns: 10
 0.4391669534759523 0.4631335422831656 0.4750992164605596 0.5254419557464123 0.7071688327318137 0.3919205647790472 0.5106157228123109 0.4815557692989321 0.443276907562247 0.1702083991200125


# name: mean_corr
# type: matrix
# rows: 21
# columns: 1
 -0.1108438650974077
 -0.07676202141023951
 -0.01526977789227519
 -0.01481198564506856
 -0.01360550503142258
 -0.001406611275404303
 0.009435263301850393
 0.04433781258087344
 0.04591398523492717
 0.06580056823920657
 0.07501667872340617
 0.08621577216496759
 0.08894648629994711
 0.1187300587984313
 0.1320406478127019
 0.132418703850167
 0.1321793206776139
 0.1362021764583571
 0.1371433744506446
 0.1367884162258315
 0.4607587864270453


# name: mean_error
# type: matrix
# rows: 21
# columns: 1
 1.481216805353876
 1.458954113896196
 1.418199941117735
 1.417308452748191
 1.414875363624813
 1.404207464149158
 1.397562307116329
 1.385065363344204
 1.384122658012941
 1.377717716989667
 1.358679961507479
 1.351152730396627
 1.350650352162708
 1.331651944592622
 1.323726287717164
 1.32178631215267
 1.316513071179258
 1.3110451420817
 1.312782392339448
 1.308421263437223
 1.236086750713271


# name: iter_improve
# type: matrix
# rows: 21
# columns: 1
 1
 25
 37
 47
 74
 89
 106
 122
 145
 162
 206
 220
 224
 233
 335
 368
 399
 410
 433
 446
 524


# name: optim_start
# type: scalar
524


# name: optim_steps
# type: scalar
21


# name: VPVP_params
# type: scalar struct
# ndims: 2
 1 1
# length: 8
# name: lambda
# type: scalar
300000000


# name: downsample
# type: scalar
10


# name: MaxIter_X
# type: scalar
200


# name: MaxIter
# type: scalar
50


# name: optTol_X
# type: scalar
1e-06


# name: progTol_X
# type: scalar
1e-10


# name: optTol_aW
# type: scalar
0.0001


# name: progTol_aW
# type: scalar
1e-07




