# Created by Octave 3.8.1, Sat Jan 06 20:37:05 2018 ART <gabrevaya@ws4.labo2>
# name: y_start
# type: matrix
# rows: 10
# columns: 1
 -2.572620101071004
 -1.094877295332535
 2.05384716069464
 -1.044008685340321
 -0.7995940686452905
 -0.4005391574944613
 -0.4289542226578624
 0.7217587504926931
 -0.3975302534704683
 -1.93512105981941


# name: alphas
# type: cell
# rows: 1
# columns: 3
# name: <cell-element>
# type: matrix
# rows: 10
# columns: 1
 0.6505191033851256
 0.5577262685481262
 0.5431992421261937
 0.578
 0.578
 0.3511103591300905
 0.4140816913684037
 0.03872097336611065
 0.6980050740324979
 0.6415960075051963



# name: <cell-element>
# type: matrix
# rows: 10
# columns: 1
 0.800887572470895
 0.9275544282439151
 1.118372910635975
 1
 1
 1.259304616469548
 1.254872882347329
 0.8732083259776916
 0.8439709808240399
 0.9894153287314527



# name: <cell-element>
# type: matrix
# rows: 10
# columns: 1
 11.31825753705496
 11.27324868788142
 11.26448901579797
 11.38
 11.38
 11.44038419555826
 11.28000264622679
 11.6827328920966
 11.37627239255701
 11.34668388777742





# name: W
# type: matrix
# rows: 10
# columns: 10
 0 0 0 0 0 0 0 0 0 0
 0 0 0 0 0 0 0 0 0 0
 0 0 0 0 0 0 0 0 0 0
 0 0 0 0 0 0 0 0 0 0
 0 0 0 0 0 0 0 0 0 0
 0 0 0 0 0 0 0 0 0 0
 0 0 0 0 0 0 0 0 0 0
 0 0 0 0 0 0 0 0 0 0
 0 0 0 0 0 0 0 0 0 0
 0 0 0 0 0 0 0 0 0 0


# name: iter
# type: scalar
524


# name: c
# type: matrix
# rows: 1
# columns: 10
 0.2407441917599571 0.150370205831911 0.06474095768630277 0.2864211675566682 -0.3049440423173967 -0.05346722384738099 0.006426282613259016 -0.07011906098133885 0.2229293608875327 -0.01961418747537913


# name: mean_corr
# type: matrix
# rows: 20
# columns: 1
 -0.1108438650974077
 -0.07676202141023951
 -0.01526977789227519
 -0.01481198564506856
 -0.01360550503142258
 -0.001406611275404303
 0.009435263301850393
 0.04433781258087344
 0.04591398523492717
 0.06580056823920657
 0.07501667872340617
 0.08621577216496759
 0.08894648629994711
 0.1187300587984313
 0.1320406478127019
 0.132418703850167
 0.1321793206776139
 0.1362021764583571
 0.1371433744506446
 0.1367884162258315


# name: mean_error
# type: matrix
# rows: 20
# columns: 1
 1.481216805353876
 1.458954113896196
 1.418199941117735
 1.417308452748191
 1.414875363624813
 1.404207464149158
 1.397562307116329
 1.385065363344204
 1.384122658012941
 1.377717716989667
 1.358679961507479
 1.351152730396627
 1.350650352162708
 1.331651944592622
 1.323726287717164
 1.32178631215267
 1.316513071179258
 1.3110451420817
 1.312782392339448
 1.308421263437223


# name: iter_improve
# type: matrix
# rows: 20
# columns: 1
 1
 25
 37
 47
 74
 89
 106
 122
 145
 162
 206
 220
 224
 233
 335
 368
 399
 410
 433
 446


# name: optim_start
# type: scalar
524


# name: optim_steps
# type: matrix
# rows: 0
# columns: 0


# name: VPVP_params
# type: scalar struct
# ndims: 2
 1 1
# length: 8
# name: lambda
# type: scalar
300000000


# name: downsample
# type: scalar
10


# name: MaxIter_X
# type: scalar
200


# name: MaxIter
# type: scalar
50


# name: optTol_X
# type: scalar
1e-06


# name: progTol_X
# type: scalar
1e-10


# name: optTol_aW
# type: scalar
0.0001


# name: progTol_aW
# type: scalar
1e-07




