# Created by Octave 3.8.1, Tue Nov 28 20:10:46 2017 ART <gabrevaya@ws13.labo2>
# name: y_start
# type: matrix
# rows: 15
# columns: 1
 0.3132360783851826
 0.3594972119230871
 0.3781916131566461
 -0.4761840388891224
 0.3675873232622495
 0.5838429821275349
 0.03404298243922799
 0.1112508440517019
 0.3429379526260271
 0.3216028785363037
 0.6771042402984329
 -1.327676408238741
 1.263739290581162
 0.4421819089985575
 -0.3195856615501845


# name: alphas
# type: cell
# rows: 1
# columns: 3
# name: <cell-element>
# type: matrix
# rows: 15
# columns: 1
 0.5084101892891336
 0.5329166095353393
 0.6487102889592986
 0.6772333605162356
 0.5137430782793471
 0.7464273197143363
 0.4571962061357913
 0.6281385565835053
 0.6642978988761025
 0.2447441083700964
 0.6827698558514512
 0.854522746257551
 0.6023905330574055
 0.5040818662717064
 0.7101919817339001



# name: <cell-element>
# type: matrix
# rows: 15
# columns: 1
 1.170070243845592
 0.6971664506881696
 1.067032362987045
 1.055943268724507
 0.9789198415503535
 0.7940764593282579
 1.026135100055241
 1.141493609206174
 1.137338554384368
 0.7180232053929558
 0.9121568957763374
 1.100435667120346
 1.156394383731258
 1.023098402552783
 0.9127041168930878



# name: <cell-element>
# type: matrix
# rows: 15
# columns: 1
 11.56801134539484
 11.23178342195548
 11.20148330648448
 11.39751515557671
 11.26530430236486
 11.66315964970767
 11.51897425125665
 11.35315541083209
 11.43252953053828
 11.65331169196453
 11.36651631523965
 11.04714052663599
 11.35170044755016
 11.32483706002208
 11.37088880182882





# name: W
# type: matrix
# rows: 15
# columns: 15
 0 0 0 0 0 0 0 0 0 0 0 0 0 0 0
 0 0 0 0 0 0 0 0 0 0 0 0 0 0 0
 0 0 0 0 0 0 0 0 0 0 0 0 0 0 0
 0 0 0 0 0 0 0 0 0 0 0 0 0 0 0
 0 0 0 0 0 0 0 0 0 0 0 0 0 0 0
 0 0 0 0 0 0 0 0 0 0 0 0 0 0 0
 0 0 0 0 0 0 0 0 0 0 0 0 0 0 0
 0 0 0 0 0 0 0 0 0 0 0 0 0 0 0
 0 0 0 0 0 0 0 0 0 0 0 0 0 0 0
 0 0 0 0 0 0 0 0 0 0 0 0 0 0 0
 0 0 0 0 0 0 0 0 0 0 0 0 0 0 0
 0 0 0 0 0 0 0 0 0 0 0 0 0 0 0
 0 0 0 0 0 0 0 0 0 0 0 0 0 0 0
 0 0 0 0 0 0 0 0 0 0 0 0 0 0 0
 0 0 0 0 0 0 0 0 0 0 0 0 0 0 0


# name: iter
# type: scalar
640


# name: c
# type: matrix
# rows: 1
# columns: 15
 -0.02494381545187958 0.2043143392851689 0.07037933623498002 0.1091924464909847 0.07982566774267538 0.06156382502102619 0.005894947871239139 0.5737036089907637 0.03756479371543132 0.4104520159392746 -0.06415177829666732 0.05450901996524854 0.1631320525654055 0.0493741399709732 0.1135350163909696


# name: mean_corr
# type: matrix
# rows: 17
# columns: 1
 -0.1202089090416863
 -0.09504090603253706
 -0.01807165781388244
 -0.007699926625453841
 -0.003905403722693533
 0.02312931245889557
 0.03607600769344318
 0.05545651529619629
 0.08337034047486545
 0.09428869597604141
 0.09991213859003439
 0.109379636795155
 0.1095760003803736
 0.1099765627101607
 0.1102060858988718
 0.1178885695043057
 0.1258284087171898


# name: mean_error
# type: matrix
# rows: 17
# columns: 1
 1.492517848285578
 1.475335440186472
 1.422586995795535
 1.417256373303047
 1.416015465996709
 1.399390959030424
 1.39873080649867
 1.396967210468818
 1.388761264362707
 1.383196841708138
 1.380988243467025
 1.37406778427777
 1.375759782039968
 1.377605966690056
 1.377198823157717
 1.373813405975587
 1.366549150872216


# name: iter_improve
# type: matrix
# rows: 17
# columns: 1
 1
 23
 31
 34
 41
 135
 145
 159
 173
 180
 227
 297
 305
 356
 360
 362
 365


# name: optim_start
# type: scalar
640


# name: optim_steps
# type: matrix
# rows: 0
# columns: 0


# name: VPVP_params
# type: scalar struct
# ndims: 2
 1 1
# length: 8
# name: lambda
# type: scalar
300000000


# name: downsample
# type: scalar
10


# name: MaxIter_X
# type: scalar
200


# name: MaxIter
# type: scalar
50


# name: optTol_X
# type: scalar
1e-06


# name: progTol_X
# type: scalar
1e-10


# name: optTol_aW
# type: scalar
0.0001


# name: progTol_aW
# type: scalar
1e-07




