# Created by Octave 4.0.0, Sat Jan 06 23:08:15 2018 ART <gabrevaya@ws9.labo5>
# name: y_start
# type: matrix
# rows: 10
# columns: 1
 -0.1289399093605797
 0.3027862750960666
 2.187838413157607
 1.548279770811068
 -0.2470503041417246
 1.752175660181854
 1.251802948807093
 0.4959376795442837
 1.427892348024962
 -0.6026617392194172


# name: alphas
# type: cell
# rows: 1
# columns: 3
# name: <cell-element>
# type: matrix
# rows: 10
# columns: 1
 0.5852997362473737
 0.4798301466568219
 0.5242131994666628
 0.4751266989055276
 0.4939721974999917
 0.4400279802910667
 0.2458307342733552
 0.2970848529875087
 0.396207262121304
 0.573872916204064



# name: <cell-element>
# type: matrix
# rows: 10
# columns: 1
 1.472565933820817
 1.353745091843862
 1.534268861656277
 1.605021683060264
 1.367833091841051
 1.118860559093349
 1.523230559982045
 0.4965283926242812
 1.627482920863088
 2.145971868213766



# name: <cell-element>
# type: matrix
# rows: 10
# columns: 1
 11.53195700180331
 11.39612816584316
 11.45123494517903
 11.37937405868148
 11.3616975798126
 11.41389558386013
 11.50114898974305
 11.31715568150192
 11.46419614483031
 11.47655565387242





# name: W
# type: matrix
# rows: 10
# columns: 10
 -0.4460912539905976 0.0129353172578372 0.01217894095728273 -0.2852473760751549 -0.07709668367065313 0.4103527063878233 -0.01356393293367713 -0.6098277700660363 -0.2486031547927021 -0.1981905126533527
 -0.004454518966098346 -0.08320898688274563 0.0191407957846876 -0.1361815695921145 -0.07595205735153465 -0.3304296057594905 0.04825246271294082 -0.04467834618939658 0.1089032069284197 0.2481436886680584
 0.05192128635305887 -0.3646532185186284 -0.4602370197754184 0.2341282471661743 0.04537474472221208 0.03249776157655887 -0.1914161153052442 0.1614828072247746 0.1490928213967896 -0.265192194148456
 0.1774115033787372 -0.2564017438138535 0.2817877801243974 -0.2133914095020713 0.1194522990827854 0.2732176933056659 -0.3115288674986587 0.05138045675410898 0.261181320577623 -0.07392835912790004
 -0.04790371760342163 -0.4478412168385382 -0.2939733536058675 0.07277660935611659 -0.2370288271185855 0.2544934777598931 -0.2971015451413502 0.09659234331046698 0.1054207962995283 0.02465919859161729
 -0.02051364132369301 -0.09456855503200361 0.02282456929157338 -0.1176546708970455 0.08779097151684875 -0.1986267633140119 -0.4981644112458316 -0.14429096391196 -0.209951922382289 -0.2386657486408768
 0.05679500910227258 0.02971391492486324 0.2660494248162836 -0.1560183320895 0.009159854626276444 0.0827933039757477 -0.2634882346641307 -0.19417389923925 -0.2131599489408556 0.2503393602097443
 -0.0894015272665996 0.006350267795609857 0.1992953318736247 -0.2393296375886522 -0.00485185742110018 -0.1768914986674531 -0.2574640204975036 -0.5278290543809911 -0.2330353201669095 0.2107626963203312
 -0.22859063906341 -0.003113666644313535 0.1734123141813591 -0.06596072091561019 0.09464447529155712 0.2566785077971125 -0.3098520331624245 -0.2663797150958533 -0.3105158229846146 0.2348231046576511
 0.08823083285717673 0.1107409350623143 -0.2326787127987083 -0.004372269271298644 -0.1308718711531818 -0.1581931567436024 0.2316629083032175 0.2214028020496488 -0.1583823525361569 -0.5901813205766526


# name: iter
# type: scalar
35


# name: c
# type: matrix
# rows: 1
# columns: 10
 0.5144976130649866 0.41133493497818 0.4626610990702162 0.5098107764646289 0.560716365080477 0.3533586741867966 -0.08086275784752385 0.5373485453222266 0.3780960753608734 0.4313211572381813


# name: mean_corr
# type: matrix
# rows: 4
# columns: 1
 -0.1054141742533302
 -0.09999518044648528
 -0.08961677977716184
 0.4078282482919042


# name: mean_error
# type: matrix
# rows: 4
# columns: 1
 1.500304915142615
 1.496796347788639
 1.488967638957541
 1.221891775150787


# name: iter_improve
# type: matrix
# rows: 4
# columns: 1
 1
 7
 15
 35


# name: optim_start
# type: scalar
35


# name: optim_steps
# type: scalar
4


# name: VPVP_params
# type: scalar struct
# ndims: 2
 1 1
# length: 8
# name: lambda
# type: scalar
300000000


# name: downsample
# type: scalar
10


# name: MaxIter_X
# type: scalar
200


# name: MaxIter
# type: scalar
50


# name: optTol_X
# type: scalar
1e-06


# name: progTol_X
# type: scalar
1e-10


# name: optTol_aW
# type: scalar
0.0001


# name: progTol_aW
# type: scalar
1e-07




