# Created by Octave 3.8.1, Tue Nov 28 20:13:54 2017 ART <gabrevaya@ws13.labo2>
# name: y_start
# type: matrix
# rows: 15
# columns: 1
 0.3132360943151332
 0.3594972059878724
 0.3781915939680041
 -0.476184033108401
 0.3675873161143484
 0.5838429742708392
 0.03404298856476939
 0.1112508766569999
 0.342937960265061
 0.3216028772897511
 0.6771042293388554
 -1.327676427373347
 1.263739293064396
 0.4421818683334075
 -0.3195856533589234


# name: alphas
# type: cell
# rows: 1
# columns: 3
# name: <cell-element>
# type: matrix
# rows: 15
# columns: 1
 0.4718547689073113
 0.4680366752494744
 0.6026862772035485
 0.5880325846365123
 0.5209089744896467
 0.657474769771374
 0.4118747512555738
 0.675225299242443
 0.6251485266655507
 0.2484425308479031
 0.6183997454689545
 0.7636842708969319
 0.5395151419679987
 0.5137113958629697
 0.6857534276953867



# name: <cell-element>
# type: matrix
# rows: 15
# columns: 1
 1.352954473218971
 0.7965756462183622
 1.119878930616543
 1.113884408497423
 0.8327075061631464
 0.8763692789725072
 1.070506873534903
 1.100825117578715
 1.105270622853753
 0.7456482697660138
 0.8682113024681901
 1.044757951617873
 1.125368670732187
 0.7131585110261581
 0.9318303192969315



# name: <cell-element>
# type: matrix
# rows: 15
# columns: 1
 11.58704518198224
 11.23667626612089
 11.20554376704447
 11.40279518042625
 11.25207878871569
 11.66974021125073
 11.52323327099995
 11.34905388142138
 11.42895518366956
 11.65551910809799
 11.36508964432755
 11.04296604500033
 11.35156680981148
 11.30213269507275
 11.37334835225506





# name: W
# type: matrix
# rows: 15
# columns: 15
 -0.06221389759218541 0.02516401424105988 0.09287729620702585 -0.03620418575242646 -0.1066076883682865 0.07515129244980769 0.01363930872386784 -0.102407417818684 0.002147975332556951 -0.08950829747704386 -0.1097318880356326 -0.02244848852814892 -0.03858100525528311 -0.02878083445611659 0.1724446838095657
 0.09967223963235425 -0.04142978698288626 -0.07083384411007793 -0.01164089657614634 0.1120777806608845 -0.03244317467810099 -0.04358652244870304 0.1091046824078598 -0.008935370086870927 0.03090624845681695 0.1244929005424255 -0.03356125763368909 0.06807353662693044 0.08826754701003166 -0.2120539255588238
 -0.02151883904955731 -0.06483112871099 -0.06900865434636604 -0.09516581755436546 -0.003639803122056872 -0.03516513444925825 -0.05709285135500596 -0.03438625360499393 0.01213906117877841 0.06496227212925022 0.03248240616198048 -0.05665735915676931 0.03289634598247564 -0.0175081567322307 -0.03468993880905582
 -0.05193165945197568 -0.006917601930552577 0.02683476605247757 -0.218800253663361 0.05030366112504514 -0.06895405738708642 -0.07895521658835046 -0.008237958272022212 0.03115458286747093 0.08319966559214154 0.1159494004650368 -0.1109829538816265 0.1614080671376368 0.0003347960712977648 -0.1472704446602445
 -0.05525608781354453 0.1561441717641271 -0.03359786101064085 0.111439884549654 0.06848634016579497 0.02745101499056904 0.0766779822951163 0.07032723064197952 0.01603818658223223 -0.08571861764430488 0.01328953735130507 0.07821674949422779 -0.0440959209881208 0.04607493972256822 -0.04219438525216715
 -0.02782746059456272 -0.1539649265223164 0.002502686763049062 -0.05438141059387406 0.01991181724806152 -0.1466458688693974 -0.0742657194948107 -0.02989654500109223 -0.04194298183443911 0.116929547493393 0.09140950953593217 -0.04341848819258785 -0.04490432550635791 0.02984311356148584 -0.1435473687957434
 0.07712268981131506 -0.0839690539950287 -0.02036628998339344 -0.1875430114343581 0.04801197616142597 -0.0694859275559261 -0.1260228989587472 0.007373454932721481 0.001658515371151678 0.105762670572347 0.1362599851919626 -0.1285390727375797 0.1374573212474461 0.02212789234622419 -0.1773527303336007
 0.07025695329624293 -0.0274681599671314 -0.04387833313053779 0.09257557807310128 0.03319485105890375 -0.03195569586253612 0.06451024993682504 0.1027110728837429 0.04595563781836152 0.08073941096904634 0.01028934628239846 0.06388566334152858 0.04832412888084431 -0.05417965646596976 -0.02968813082470906
 0.007580904174317065 -0.07678614199101974 0.03604181109513984 -0.05323290215493684 -0.008868610134308815 -0.03119651752643025 -0.03412409347586048 -0.01265628361272758 -0.05083493481775644 0.05577918853776111 0.01473021464452213 -0.02969072712109516 0.02425025027775199 -0.008845602280646726 -0.02218117401535289
 0.002009330695410001 0.00253260316501022 -0.0182802670397291 0.04854059038827895 0.00770361108919739 -0.003346977205719032 0.01927128609014967 0.01708224582292229 -0.0004709200875408709 0.007020132585221796 -0.004519222915349164 0.03205755916191681 -0.02712044588244705 -0.004744031125379382 0.009496234244376834
 0.02533646485553906 0.1990212417584571 -0.01284251257162239 0.1622596107861177 -0.02104371659393171 0.1071988164282732 0.1558943696344472 0.08001090212568586 0.0369535587351839 -0.1773692843521474 -0.1919693565467505 0.163197003492082 -0.008535224639406765 -0.0221045103501263 0.1962304748146118
 -0.02914582574003866 0.07118545820186288 0.07552099684811724 -0.1844736726091476 0.01455330228372624 0.04433747667437507 -0.1289862371947679 -0.09831486090119836 -0.03628766831928389 -0.04552022016200997 0.08555380960824306 -0.2321857506050992 0.03514708686080457 0.06881046886737469 -0.1351739047662853
 -0.09899440506138685 -0.08461816548963261 0.003190434364548484 0.1158837611812426 -0.05568457743460407 -0.03204735057302176 0.08448414951473356 -0.003333730895070877 0.01479026762357733 0.04404835721541365 -0.09320539112151265 0.1303541086934065 -0.1018004033125986 -0.08189007001427015 0.1289201334794532
 -0.07132341251047906 0.2027191327808932 -0.01390800344508643 0.1099338050950587 0.02988717417156371 0.0569917581789186 0.0994488333111925 0.04030358512782302 0.01903356680774436 -0.1789224472522755 -0.04786680953902835 0.1478468232667873 -0.05561616220034715 0.05351664531478897 0.07564707019800759
 -0.07565704104514044 -0.0741716289437357 0.01273859172829181 -0.1212762715189599 0.06208983531603932 -0.07054756084378559 -0.1248089427319906 -0.05419371499795211 -0.03710252426828644 0.1288768835009802 0.159023106337484 -0.1612453978240411 -0.01592704709249212 0.02640805159612907 -0.2610785522102149


# name: iter
# type: scalar
640


# name: c
# type: matrix
# rows: 1
# columns: 15
 0.4593558913099184 0.4264196752996494 0.4456571479117979 0.3184762618535777 0.4942203184538275 0.2646915784774206 0.1625413279234158 0.7038168090033688 0.2935875144139455 0.4769480900615951 0.09960645754591485 0.05607846339244108 0.3928312681746493 0.4968731558898421 0.1703183229679529


# name: mean_corr
# type: matrix
# rows: 18
# columns: 1
 -0.1202089090416863
 -0.09504090603253706
 -0.01807165781388244
 -0.007699926625453841
 -0.003905403722693533
 0.02312931245889557
 0.03607600769344318
 0.05545651529619629
 0.08337034047486545
 0.09428869597604141
 0.09991213859003439
 0.109379636795155
 0.1095760003803736
 0.1099765627101607
 0.1102060858988718
 0.1178885695043057
 0.1258284087171898
 0.3507614855119544


# name: mean_error
# type: matrix
# rows: 18
# columns: 1
 1.492517848285578
 1.475335440186472
 1.422586995795535
 1.417256373303047
 1.416015465996709
 1.399390959030424
 1.39873080649867
 1.396967210468818
 1.388761264362707
 1.383196841708138
 1.380988243467025
 1.37406778427777
 1.375759782039968
 1.377605966690056
 1.377198823157717
 1.373813405975587
 1.366549150872216
 1.303398580495676


# name: iter_improve
# type: matrix
# rows: 18
# columns: 1
 1
 23
 31
 34
 41
 135
 145
 159
 173
 180
 227
 297
 305
 356
 360
 362
 365
 640


# name: optim_start
# type: scalar
640


# name: optim_steps
# type: scalar
18


# name: VPVP_params
# type: scalar struct
# ndims: 2
 1 1
# length: 8
# name: lambda
# type: scalar
300000000


# name: downsample
# type: scalar
10


# name: MaxIter_X
# type: scalar
200


# name: MaxIter
# type: scalar
50


# name: optTol_X
# type: scalar
1e-06


# name: progTol_X
# type: scalar
1e-10


# name: optTol_aW
# type: scalar
0.0001


