# Created by Octave 3.8.1, Thu Nov 30 09:12:37 2017 ART <gabrevaya@ws15.labo7>
# name: y_start
# type: matrix
# rows: 15
# columns: 1
 0.4328092691456565
 -0.1402088636937383
 -0.4612755081542038
 -0.05013961656780062
 -0.003650737618530449
 0.3727076118669436
 -0.1446251853820042
 -0.207913436540058
 -0.08277605989242823
 0.3651809415049948
 0.4924776346347
 1.358163408494642
 0.01148844121722441
 -0.4033279237164001
 0.232084947145022


# name: alphas
# type: cell
# rows: 1
# columns: 3
# name: <cell-element>
# type: matrix
# rows: 15
# columns: 1
 0.5757477902258951
 0.01385559311092132
 0.5056139813901965
 1.863305858734281
 1.897271537337068
 -0.5790227707520508
 0.2943173818387673
 0.1598364608325935
 1.531178651134961
 0.9292166290273675
 2.145756972757535
 0.6033018861754185
 1.063247334765407
 1.29161446800355
 -0.6932063017874376



# name: <cell-element>
# type: matrix
# rows: 15
# columns: 1
 0.7402178978871906
 0.7986287248384893
 1.270907302165723
 1.047657521252161
 0.6807367936067169
 1.079477739880717
 1.382387515832356
 0.8169736418435039
 1.605100407103552
 0.6595977936253348
 0.5105352983734956
 2.987639632896065
 0.6029880691558143
 0.680270615371148
 0.4338498444279061



# name: <cell-element>
# type: matrix
# rows: 15
# columns: 1
 11.05743610063724
 11.27749072802414
 11.78394610576424
 12.65964784621849
 11.60098500624487
 13.42522457857223
 11.86614209197678
 11.11352334584265
 11.21826710062832
 11.41506024730882
 11.01260192368035
 9.584720730774217
 11.12609729851979
 10.16844654376107
 10.7599833919465





# name: W
# type: matrix
# rows: 15
# columns: 15
 0.1462407736475355 -0.210116735489842 -0.09886988911147285 0.9762871990575784 0.1719155062566583 0.3617291464802334 0.2425928914234549 -0.1926295452707914 -0.09093213372367205 0.1713132927036656 -0.4460691847188222 0.3161478072320824 -0.09341263122627418 0.01347988340471162 0.2266412408046438
 -0.5766082637560559 0.2930297403524301 -0.563121074266276 -0.8925986978770325 0.1582456999191316 -0.2372763477960271 -0.3852000274521977 0.5114530444904454 -0.1196512783131623 0.01676581654575117 0.357647149765849 -0.5056280351034673 -0.1391111448004511 -0.03256581001464059 -0.3764774162261594
 -0.0714227837529902 -0.04518264460763503 -0.1097363011752589 0.08671081568390301 -0.1346426187151867 0.09914569249978884 -0.0117891225600898 -0.1867345317094946 -0.0398998331617055 0.01472913437638947 -0.1635839715079886 0.09666538293190156 -0.049418566272043 -0.2247521690812447 -0.007209433049142054
 0.04307231083926698 0.1968186622830646 0.4452104790902207 -0.402009715527103 0.1461150391146668 -0.1371263535196456 0.3771111422340113 0.3492085369425014 0.387937108171196 0.154630051235386 0.11079002067221 -0.04065293231462699 0.3834667086727426 -0.2112311283413976 -0.03520324675870519
 -0.4270874742316835 0.6451059000205296 0.07254893948146249 0.1150862764818988 -0.1118802853181731 0.05161860824536486 0.4754854603706288 0.5841678649675116 0.3377207006845336 -0.3102148785285094 0.01345492113392184 0.05070607294954811 -0.0776930312924653 -0.1162724678637 0.1410375804623369
 -0.05156844261042924 0.1024918086467425 0.06173271328209077 -0.02892392055426557 0.2101604032425154 0.0225573646842697 0.07028563320555369 0.04278061242181684 -0.1750554700358159 0.1006248245748385 0.04082741892977299 -0.06589277662553425 -0.02072035316019213 0.1427300355540324 -0.198685575430758
 0.04217341987237212 -0.03832668777715901 0.06666437840400023 -0.3943127511103954 0.04209371213490491 -0.09351974107355793 -0.1650101195271494 0.04364185879895763 8.193767389360266e-05 0.2778691804885185 0.3627630937170346 -0.1815881959581036 0.1956810325909996 0.1648327866538539 -0.3614540822524376
 0.1320920947241369 -0.1167421012768947 -0.5186400419802626 0.344861402972423 0.2131596353519473 0.02490577100266867 -0.1660288760439168 0.1819310967626004 -0.2416707640113491 0.2097378489988719 -0.2161648424368371 -0.03758859731319737 0.05468472214183495 -0.429162886272021 -0.1323588287645771
 0.1005503025643854 -0.1083134831448807 -0.004035598135568198 -0.149248560208324 -0.06610395095919004 -0.0130003223902446 0.02902193480323966 -0.1558327707182771 -0.004134923776962503 0.0957519403094725 -0.2797249067241625 -0.09503096548064047 -0.02129500962355036 -0.143605672160989 0.2270676959048779
 -0.02128035687271911 0.03628993491951363 -0.03979614476914447 0.3998248728959357 0.06109466118503677 0.1089542059424551 0.0364692332926548 0.04291805204321489 0.02632598947983502 -0.2369742631530274 -0.1550120540224396 0.1298367718816906 -0.1011037119022256 0.001190245176284654 0.2644476892155631
 -0.03482816750563465 0.2138034996144323 -0.0291954403143833 0.04975358221864775 0.02641569325945804 0.198833031931922 0.353569725582659 -0.1882747263532605 0.02398636694449506 -0.2031580449793339 -0.4095928035103469 0.1873248701461717 -0.1246193694688295 0.02783108303450666 0.1397422058381833
 -0.008311074572890249 -0.09116677275792089 0.1031784758987381 -0.122050397671733 0.02990574072935671 -0.01953399113888873 -0.2473321233468672 0.0715461340780273 0.01825356467742906 0.009583543685640102 0.1327405683169941 -0.4410037565529225 -0.03037579151870255 0.03548788635211157 -0.2119404264887103
 0.0506675684446912 0.1675917153798057 -0.3412620425948237 0.3488948074104183 0.06546263041873568 0.1472836037443657 0.301667384385242 0.2460743944379192 0.181048222166789 -0.1305417896955112 -0.3003563863846331 0.2453527947757154 -0.2483026661889099 0.0199857559955627 0.3248024899098033
 -0.3915354452302711 0.572732462450204 0.4694267576257966 0.1274648133396236 0.3299080086698131 0.1553440334789744 0.4027299296147491 -0.2743640149756393 0.09757470003985488 -0.2294657090118816 0.1896302258066563 0.06822963079236991 -0.03372758841333393 0.1795869984337171 -0.2394949705017382
 0.1451337839772126 -0.2525115337286878 0.5029347182601658 -0.5496041030913601 0.1385844260107705 -0.1587926435306226 -0.1632504043587507 0.1058136065499691 0.03022781654951824 0.5784748959463223 0.4767111113292891 -0.3951272877651899 0.3721128739945496 -0.0175298688315318 -0.8448181854776229


# name: iter
# type: scalar
300000


# name: c
# type: matrix
# rows: 1
# columns: 15
 NaN NaN NaN NaN NaN NaN NaN NaN NaN NaN NaN NaN NaN NaN NaN


