# Created by Octave 3.8.1, Wed Nov 29 00:28:07 2017 ART <gabrevaya@ws15.labo7>
# name: y_start
# type: matrix
# rows: 15
# columns: 1
 -0.9263872962274251
 -0.9786140642521043
 -1.601671336202747
 1.667508838396272
 -1.001836253523035
 0.4594282370749569
 -0.4986241553047458
 1.156042914657293
 0.7510245207929606
 -0.2651216504646242
 0.1580837668950521
 -0.746226303534636
 -1.884189031169046
 -0.04692231799032617
 1.021893626050778


# name: alphas
# type: cell
# rows: 1
# columns: 3
# name: <cell-element>
# type: matrix
# rows: 15
# columns: 1
 0.318845552262407
 0.3287589140875816
 0.4531214704132213
 0.9040214831983406
 0.535163816784009
 0.453116244758723
 0.4831673763417033
 0.6167819370784209
 0.5392331040461111
 0.4347684438074156
 0.4599330497188136
 0.4588663143870425
 0.4127732881227192
 0.6108622815534682
 0.5497209867799122



# name: <cell-element>
# type: matrix
# rows: 15
# columns: 1
 0.7948214881214613
 0.7023460526545222
 1.269693699245118
 1.152172789133975
 0.8209173564809278
 0.9074014553774881
 0.9973764319893141
 0.7999323209598056
 1.013494893653134
 0.7946852147313024
 0.6048058501889879
 1.008244272927159
 0.8558535451464515
 0.6125739163057708
 0.931813911441871



# name: <cell-element>
# type: matrix
# rows: 15
# columns: 1
 11.45520061239333
 11.35088356057412
 11.46659687079293
 11.92307665499554
 11.43356096934965
 11.56297183888521
 11.37971576440391
 11.28325185856251
 11.38276759251334
 11.20946583332879
 11.40903798064588
 11.38171236308501
 11.56098865449906
 11.34822974868741
 11.36996828759011





# name: W
# type: matrix
# rows: 15
# columns: 15
 -0.02687358144914436 -0.03758254690964574 -0.05146294655627721 0.2362263470231221 -0.03001581246089949 0.05740778421206625 0.1088574009890025 -0.03106408230273598 -0.00976585283779049 -0.02350723673824401 -0.1126942288199026 0.1274670622962459 -0.06486029964700683 -0.06098151593803875 0.1524325490385894
 -0.05677444509480825 0.006105400648996049 -0.1374727042034871 -0.157058466762658 0.1836795451535526 0.001762789661658243 -0.1049895642147294 0.1043292449145243 -0.01652700392181979 -0.01684109149734015 0.2496435783971104 -0.1767093153687642 0.04266854691764436 0.1502846748572233 -0.3455487263444627
 -0.006418103215826631 -0.04939939490007902 -0.1242496885298813 -0.005828681925092797 -0.09709745990890056 0.004088110821529814 -0.06257765809715875 -0.02670279503584642 0.03780264243096289 -0.02178384095291356 -0.0238838703589483 -0.04073543810568403 -0.05816649830573623 -0.02587638599394692 0.04551598271910579
 0.0921093810210984 -0.05355527534615487 0.1758104059879614 -0.3309883316096898 0.09923043867396118 -0.05203953371787465 0.04287381297935981 0.08508339358507289 0.02655347722272305 0.1554329174790098 0.04876262786174649 -0.036079742683682 0.1954987882400266 -0.1045211471133387 -0.1161600432139067
 -0.1769142099304076 0.2057270614126297 -0.01759578371835786 0.01029327335660652 0.04138429499974546 0.07468778347692349 0.05100289047388886 0.1523787663042656 0.03919524484976775 -0.1163402893681083 0.008012290139036404 -0.03286650762404369 -0.08116699017713809 0.01038564093185845 -0.04270889851797965
 0.04990815384798745 -0.05936738978241763 0.1113308843376678 -0.1402243797470059 0.05636878420265372 -0.08465194535818332 -0.1229330302234907 0.01182142648166307 -0.06930222846487025 0.08985370370869164 0.1292182162642206 -0.1196928296664378 0.06043110344268075 0.08194739465184453 -0.2002095212111011
 0.05418219028917898 -0.1095500583451365 -0.007583260088591314 -0.2296024990072319 0.02353040267677897 -0.07247069571856032 -0.2254724133330205 0.07178982076043934 0.01419057629773097 0.09938122345643462 0.1708765044534272 -0.2373756033246624 0.07217340777635579 0.02594383502586796 -0.252033806740204
 -0.02783902834433348 0.02149376610105565 -0.1230665360580804 0.1686530899722201 0.1724546397971899 0.04645966949485845 0.0891646186353916 -0.0303312146290315 -0.06291281417124997 0.03008892689441306 0.06311422413170206 0.02355460449516049 0.03357078337002782 -0.01766717640449139 -0.144656561011479
 0.07883686638844599 -0.05357932291973014 0.03616816654663357 -0.06229811689707637 0.0467460180253698 -0.05113511273381673 0.01188369476226539 -0.02384631733420929 -0.05327032394365989 0.09620319205900441 0.0258697034212221 0.01070118290642732 0.08112042770009791 -0.002105809315171594 -0.03467560869044788
 -0.02663493087718881 0.01722403682142593 -0.02411943779139184 0.04767908933355867 -0.007466508592192563 0.01942583476187265 0.04085658126809078 -0.02494747352365602 0.003965079393846812 -0.0508089135604574 -0.03169526142533048 0.04854114208044629 -0.01803635899039 0.009709114506400367 0.05965588034304124
 -0.1701481945339773 0.2674219871355672 -0.07612293466585804 0.1734133367984715 -0.009772425192169164 0.1437391084802164 0.196714788443997 0.02091625736652736 0.04890736088405165 -0.2212600885916464 -0.204456202824243 0.1824038696066296 -0.1260575381634602 -0.03366465369974398 0.2047690670958937
 -0.04373920657865401 -0.04802673280224973 0.07459110774573932 -0.1463611269086222 0.0009664735745403654 -0.01029173076554257 -0.2129290620406895 0.07484015304549807 -0.02419557919511856 0.009851669136616753 0.1349397091805387 -0.2488860859619575 -0.04392693500164047 0.03736046175358877 -0.2101418032130433
 -0.05282841654215902 0.03143342056228574 -0.1495248750098045 0.09618751626397226 -0.08245149421134162 0.06073609774758617 0.05896998136395204 0.02633420079722794 0.07050743496726268 -0.07174113208700467 -0.1080058443204281 0.05910577615696457 -0.1048006672595753 -0.097268273504134 0.1669895396406144
 -0.03377655429112723 0.2538658864282501 0.1506035493620413 0.01651269822410462 0.107385593963114 0.05087446176734384 0.1205020721716407 -0.1623542358982661 -0.04839769306748647 -0.1263537412153096 -0.01246543242256776 0.13640331386449 0.03277080061009187 0.08556159186790917 0.02904702616071582
 0.08626201575870876 -0.1922673191161771 0.1955463677039039 -0.2831129671553402 0.07229892132981518 -0.08440929992428639 -0.2056042108818988 0.1058596736326946 -0.05025162371925555 0.213075149585867 0.1826844839485003 -0.2403239271428069 0.1146155148755899 -0.007332997924762203 -0.3461045631669035


# name: iter
# type: scalar
542


# name: c
# type: matrix
# rows: 1
# columns: 15
 0.4372525349899875 0.5413803927148029 0.4557255870329391 0.3127110795734773 0.5475614844341189 0.4153012095569678 0.2475104889712756 0.755235687590035 0.3062812898766997 0.5000273920225695 0.4806032870794999 0.07846774316251377 0.4072263918479143 0.6077211521994415 0.3249291538108042


# name: mean_corr
# type: matrix
# rows: 22
# columns: 1
 -0.1572821058626434
 -0.1566238906172417
 -0.1199762401207984
 -0.09823298840749493
 -0.0966504124494228
 -0.0945023139969865
 -0.08843618122011415
 -0.06067965406553815
 -0.05571953890545354
 -0.03492576554153963
 -0.0318502408369886
 -0.01904876649638907
 0.003098174223155948
 0.004644273274499146
 0.03943255763905222
 0.04267363067172773
 0.0549979566342581
 0.06861429140249166
 0.07485517340402074
 0.07956720703245072
 0.09914463336071822
 0.4278623249908698


# name: mean_error
# type: matrix
# rows: 22
# columns: 1
 1.472461043048892
 1.471642761994662
 1.449650684704799
 1.445288346063749
 1.445027996550662
 1.443702605521904
 1.441972399869041
 1.419560288700428
 1.421197176448629
 1.407346660476563
 1.404854946200594
 1.398612232417421
 1.382688804090227
 1.38159009388958
 1.368408016023664
 1.365560310393356
 1.359490821359536
 1.35414655916017
 1.349311445177173
 1.331129322307752
 1.32795116362571
 1.235603897332772


# name: iter_improve
# type: matrix
# rows: 22
# columns: 1
 1
 6
 13
 27
 30
 45
 53
 79
 97
 133
 149
 227
 237
 263
 264
 364
 366
 417
 462
 507
 540
 542


# name: optim_start
# type: scalar
542


# name: optim_steps
# type: scalar
22


# name: VPVP_params
# type: scalar struct
# ndims: 2
 1 1
# length: 8
# name: lambda
# type: scalar
300000000


# name: downsample
# type: scalar
10


# name: MaxIter_X
# type: scalar
200


# name: MaxIter
# type: scalar
50


