# Created by Octave 3.8.1, Wed Nov 29 00:22:49 2017 ART <gabrevaya@ws15.labo7>
# name: y_start
# type: matrix
# rows: 15
# columns: 1
 -0.9263873016455837
 -0.978614071598891
 -1.601671328366844
 1.667508841172223
 -1.001836258990651
 0.4594282397867885
 -0.498624154813732
 1.156042903736065
 0.7510245229631051
 -0.2651216473608985
 0.1580837770407023
 -0.746226308212477
 -1.884189035457094
 -0.04692231515372738
 1.021893625438047


# name: alphas
# type: cell
# rows: 1
# columns: 3
# name: <cell-element>
# type: matrix
# rows: 15
# columns: 1
 0.3402242067745043
 0.4196180284745468
 0.5483064676673608
 0.9827297007549646
 0.5615816416063016
 0.5135233781330157
 0.578
 0.6522665349113209
 0.578
 0.4582928336502368
 0.5305258572098944
 0.578
 0.4770954998002436
 0.578
 0.578



# name: <cell-element>
# type: matrix
# rows: 15
# columns: 1
 0.8272854934027745
 0.7679953354403296
 1.137078513074372
 0.7451722892483738
 0.9738661120675938
 0.8312691763887752
 1
 0.8740342374230482
 1
 0.8864407114442521
 0.9130586575313338
 1
 0.890059069791995
 1
 1



# name: <cell-element>
# type: matrix
# rows: 15
# columns: 1
 11.45630076954052
 11.35867592884933
 11.45161743531663
 11.88908364525541
 11.44741105799548
 11.55687085392346
 11.38
 11.29626781379716
 11.38
 11.21956707167421
 11.4298339875957
 11.38
 11.55900222272765
 11.38
 11.38





# name: W
# type: matrix
# rows: 15
# columns: 15
 0 0 0 0 0 0 0 0 0 0 0 0 0 0 0
 0 0 0 0 0 0 0 0 0 0 0 0 0 0 0
 0 0 0 0 0 0 0 0 0 0 0 0 0 0 0
 0 0 0 0 0 0 0 0 0 0 0 0 0 0 0
 0 0 0 0 0 0 0 0 0 0 0 0 0 0 0
 0 0 0 0 0 0 0 0 0 0 0 0 0 0 0
 0 0 0 0 0 0 0 0 0 0 0 0 0 0 0
 0 0 0 0 0 0 0 0 0 0 0 0 0 0 0
 0 0 0 0 0 0 0 0 0 0 0 0 0 0 0
 0 0 0 0 0 0 0 0 0 0 0 0 0 0 0
 0 0 0 0 0 0 0 0 0 0 0 0 0 0 0
 0 0 0 0 0 0 0 0 0 0 0 0 0 0 0
 0 0 0 0 0 0 0 0 0 0 0 0 0 0 0
 0 0 0 0 0 0 0 0 0 0 0 0 0 0 0
 0 0 0 0 0 0 0 0 0 0 0 0 0 0 0


# name: iter
# type: scalar
542


# name: c
# type: matrix
# rows: 1
# columns: 15
 0.1009016297683543 0.07389919219638691 -0.01689763152579712 0.2528105230833125 0.335345218596517 -0.02584910147312953 -0.02421734522278407 0.0615043275441027 0.1451236201809707 0.1305132126789594 -0.0444402513048866 0.09260276638005797 0.1297600130653106 0.1785317915467462 0.06348950960781514


# name: mean_corr
# type: matrix
# rows: 21
# columns: 1
 -0.1572821058626434
 -0.1566238906172417
 -0.1199762401207984
 -0.09823298840749493
 -0.0966504124494228
 -0.0945023139969865
 -0.08843618122011415
 -0.06067965406553815
 -0.05571953890545354
 -0.03492576554153963
 -0.0318502408369886
 -0.01904876649638907
 0.003098174223155948
 0.004644273274499146
 0.03943255763905222
 0.04267363067172773
 0.0549979566342581
 0.06861429140249166
 0.07485517340402074
 0.07956720703245072
 0.09914463336071822


# name: mean_error
# type: matrix
# rows: 21
# columns: 1
 1.472461043048892
 1.471642761994662
 1.449650684704799
 1.445288346063749
 1.445027996550662
 1.443702605521904
 1.441972399869041
 1.419560288700428
 1.421197176448629
 1.407346660476563
 1.404854946200594
 1.398612232417421
 1.382688804090227
 1.38159009388958
 1.368408016023664
 1.365560310393356
 1.359490821359536
 1.35414655916017
 1.349311445177173
 1.331129322307752
 1.32795116362571


# name: iter_improve
# type: matrix
# rows: 21
# columns: 1
 1
 6
 13
 27
 30
 45
 53
 79
 97
 133
 149
 227
 237
 263
 264
 364
 366
 417
 462
 507
 540


# name: optim_start
# type: scalar
542


# name: optim_steps
# type: matrix
# rows: 0
# columns: 0


# name: VPVP_params
# type: scalar struct
# ndims: 2
 1 1
# length: 8
# name: lambda
# type: scalar
300000000


# name: downsample
# type: scalar
10


# name: MaxIter_X
# type: scalar
200


# name: MaxIter
# type: scalar
50


# name: optTol_X
# type: scalar
1e-06


# name: progTol_X
# type: scalar
1e-10


# name: optTol_aW
# type: scalar
0.0001


# name: progTol_aW
# type: scalar
1e-07




