# Created by Octave 3.8.1, Sat Jan 06 20:48:04 2018 ART <gabrevaya@ws18.labo2>
# name: y_start
# type: matrix
# rows: 10
# columns: 1
 0.07258056246030223
 0.3494401382247769
 -0.6933464717476795
 -0.3123355695937802
 0.3285211986589799
 0.5369128052370835
 -0.6958286099340094
 0.95979504503497
 -0.797399513034268
 -0.964632381989589


# name: alphas
# type: cell
# rows: 1
# columns: 3
# name: <cell-element>
# type: matrix
# rows: 10
# columns: 1
 0.5913665475819313
 0.5888626139542188
 0.5767372426633137
 0.5523183276758867
 0.607902543849508
 0.5619279563399413
 0.4471505916445981
 0.5017473864162794
 0.6812886662332572
 0.6714677304554167



# name: <cell-element>
# type: matrix
# rows: 10
# columns: 1
 1.273597245040045
 1.007953063631899
 1.154131876090733
 0.9093231820640484
 0.8061021107781534
 1.014021070650817
 0.8801982187619486
 0.5655056492073148
 0.8045109353586247
 0.9294337717143808



# name: <cell-element>
# type: matrix
# rows: 10
# columns: 1
 11.7008111621734
 11.52886882703902
 11.07696357022752
 11.22264667841334
 11.20540987667379
 11.39538616276567
 11.51668844269722
 11.36799397930249
 11.31818878179293
 11.40371779541446





# name: W
# type: matrix
# rows: 10
# columns: 10
 0 0 0 0 0 0 0 0 0 0
 0 0 0 0 0 0 0 0 0 0
 0 0 0 0 0 0 0 0 0 0
 0 0 0 0 0 0 0 0 0 0
 0 0 0 0 0 0 0 0 0 0
 0 0 0 0 0 0 0 0 0 0
 0 0 0 0 0 0 0 0 0 0
 0 0 0 0 0 0 0 0 0 0
 0 0 0 0 0 0 0 0 0 0
 0 0 0 0 0 0 0 0 0 0


# name: iter
# type: scalar
637


# name: c
# type: matrix
# rows: 1
# columns: 10
 0.1803389643826741 0.1930437043165188 0.2207732986458583 0.3325790201531735 0.5420509424185562 0.1958635136170112 -0.08839395154819446 0.4129616758947975 0.2984960941156345 0.1065929909582302


# name: mean_corr
# type: matrix
# rows: 25
# columns: 1
 -0.1431017104917308
 -0.1304601313398954
 -0.09321504321759279
 -0.1343370415139799
 -0.09254406196391105
 -0.06841444057576476
 -0.05192960696759843
 -0.04841258738877675
 -0.04588310044342238
 -0.03445945677232431
 -0.02983243928943635
 0.02027112115893693
 0.09040161881356064
 0.09550979990077435
 0.1015277530244888
 0.1069778747006886
 0.1230421236573374
 0.1700314972049598
 0.1917455088600587
 0.2250985658908666
 0.2419712886760103
 0.2440444742952386
 0.258926053964762
 0.2599644192210304
 0.260642538984952


# name: mean_error
# type: matrix
# rows: 25
# columns: 1
 1.512738896061604
 1.509876263269254
 1.483980519778573
 1.502517503959842
 1.481454050533297
 1.464653350535314
 1.444737416020396
 1.439421646085326
 1.439137081642604
 1.437100110429587
 1.432828035426062
 1.404027036195301
 1.37482807202745
 1.370021896767673
 1.36272891751245
 1.364286963437885
 1.352482508235301
 1.337708013369044
 1.326939209931378
 1.307589131011182
 1.294951434627917
 1.290081693025808
 1.290551652788162
 1.28657848564941
 1.287450618208686


# name: iter_improve
# type: matrix
# rows: 25
# columns: 1
 1
 18
 28
 31
 46
 51
 52
 57
 80
 115
 223
 251
 252
 287
 289
 293
 316
 338
 340
 353
 384
 488
 505
 560
 610


# name: optim_start
# type: scalar
637


# name: optim_steps
# type: matrix
# rows: 0
# columns: 0


# name: VPVP_params
# type: scalar struct
# ndims: 2
 1 1
# length: 8
# name: lambda
# type: scalar
300000000


# name: downsample
# type: scalar
10


# name: MaxIter_X
# type: scalar
200


# name: MaxIter
# type: scalar
50


# name: optTol_X
# type: scalar
1e-06


# name: progTol_X
# type: scalar
1e-10


# name: optTol_aW
# type: scalar
0.0001


# name: progTol_aW
# type: scalar
1e-07




