# Created by Octave 3.8.1, Sat Jan 06 20:49:18 2018 ART <gabrevaya@ws18.labo2>
# name: y_start
# type: matrix
# rows: 10
# columns: 1
 0.07258057782933777
 0.3494401402946706
 -0.6933464832510778
 -0.3123355972025473
 0.3285211678100258
 0.5369128042861563
 -0.6958286091537257
 0.9597950325975478
 -0.7973995094884733
 -0.9646323693037956


# name: alphas
# type: cell
# rows: 1
# columns: 3
# name: <cell-element>
# type: matrix
# rows: 10
# columns: 1
 0.5344597119333392
 0.5912609341030042
 0.4521662890148808
 0.5399207293399829
 0.6601545223973609
 0.5413841049857397
 0.417990281025214
 0.4718642111092918
 0.6304154162081671
 0.7019323415951748



# name: <cell-element>
# type: matrix
# rows: 10
# columns: 1
 1.358146213832176
 1.042751951198483
 1.134973686805343
 0.8532789916188285
 0.8634949829733168
 1.015517064829555
 0.7856803676611815
 0.5202475056368311
 0.8425818524516671
 0.8644053883303605



# name: <cell-element>
# type: matrix
# rows: 10
# columns: 1
 11.71116561699811
 11.53078945180675
 11.07501707809038
 11.21940336591326
 11.20531723773046
 11.39729567780495
 11.50259427863578
 11.36898904529017
 11.32154715256022
 11.40198772780868





# name: W
# type: matrix
# rows: 10
# columns: 10
 -0.08677804320199504 0.1090524829527373 -0.09107317326394022 -0.1888735080465697 -0.1937313471127756 0.01660667086215717 -0.1665712748014397 -0.1837918834439644 -0.1851271674872279 0.2563423934521915
 -0.03289505045999781 0.02064712145658028 -0.1636989031229439 -0.02032005177451429 -0.02559483384629525 0.006502501724257277 0.1233766072456615 -0.04991390298687907 0.09677377823567021 -0.06144968567013086
 -0.1183164357375786 0.01930757010881889 -0.3833279294206368 0.06304626573394218 0.1584584607739333 0.06661742857336826 0.1121306547150693 0.03707154340604923 0.1655287763962679 -0.1998594468861858
 -0.1056114899249392 -0.04661471784882275 0.1103870300033005 0.09722983723840481 0.2136187537119551 0.03550432952912648 -0.2189566282332677 -0.02394382705606768 -0.1268651424004263 0.04089844126306898
 0.120681410786518 -0.1194830084699127 0.2421291591957152 0.1473131763399866 0.145824347932939 -0.03458245397953778 0.01922312795991279 -0.1336171950923508 0.01800393226754675 -0.1631220651200623
 -0.01168969468049461 -0.02197300848505759 -0.04464231102770286 0.005923521901030463 -0.05034049595729766 -0.0220794254452148 0.1308276183260239 0.0001327766943467303 0.09293507216612398 -0.05022076987075572
 0.01498866515327676 0.009280849311056907 0.07889666678763603 -0.02407430022126738 -0.01170699408262327 0.01278150495477646 -0.0586166953222763 -0.05086856035168606 -0.05238899471587546 0.08363519411323068
 -0.06304453977510961 -0.01849062816127685 0.1337646320521901 -0.02800303387277954 -0.1066464872044893 -0.03571205943417494 0.01677583742530208 -0.1807533018908961 -0.01677962595245662 0.1390268844488822
 0.09461491397371934 -0.02242377031603275 0.1622962918064748 -0.009955610892092563 0.07575151506489206 0.05740885833859474 -0.09361349701412497 -0.2259857729895139 -0.09328167406764168 0.2012495166397178
 -0.1060543918273269 -0.01798501789943214 -0.2026662965239184 0.08917958479059919 0.07300277963354555 -0.04774749973347545 0.2063214496765428 -0.08937363338099318 0.1667473539857257 -0.4333966351613563


# name: iter
# type: scalar
637


# name: c
# type: matrix
# rows: 1
# columns: 10
 0.5388946599436587 0.4614718144147325 0.3673037799456541 0.5179232316225616 0.7495775219907093 0.3027943567256099 0.5134157786609517 0.5074985849912714 0.4298049659158137 0.159770199044096


# name: mean_corr
# type: matrix
# rows: 26
# columns: 1
 -0.1431017104917308
 -0.1304601313398954
 -0.09321504321759279
 -0.1343370415139799
 -0.09254406196391105
 -0.06841444057576476
 -0.05192960696759843
 -0.04841258738877675
 -0.04588310044342238
 -0.03445945677232431
 -0.02983243928943635
 0.02027112115893693
 0.09040161881356064
 0.09550979990077435
 0.1015277530244888
 0.1069778747006886
 0.1230421236573374
 0.1700314972049598
 0.1917455088600587
 0.2250985658908666
 0.2419712886760103
 0.2440444742952386
 0.258926053964762
 0.2599644192210304
 0.260642538984952
 0.4548454893255059


# name: mean_error
# type: matrix
# rows: 26
# columns: 1
 1.512738896061604
 1.509876263269254
 1.483980519778573
 1.502517503959842
 1.481454050533297
 1.464653350535314
 1.444737416020396
 1.439421646085326
 1.439137081642604
 1.437100110429587
 1.432828035426062
 1.404027036195301
 1.37482807202745
 1.370021896767673
 1.36272891751245
 1.364286963437885
 1.352482508235301
 1.337708013369044
 1.326939209931378
 1.307589131011182
 1.294951434627917
 1.290081693025808
 1.290551652788162
 1.28657848564941
 1.287450618208686
 1.246135511915213


# name: iter_improve
# type: matrix
# rows: 26
# columns: 1
 1
 18
 28
 31
 46
 51
 52
 57
 80
 115
 223
 251
 252
 287
 289
 293
 316
 338
 340
 353
 384
 488
 505
 560
 610
 637


# name: optim_start
# type: scalar
637


# name: optim_steps
# type: scalar
26


# name: VPVP_params
# type: scalar struct
# ndims: 2
 1 1
# length: 8
# name: lambda
# type: scalar
300000000


# name: downsample
# type: scalar
10


# name: MaxIter_X
# type: scalar
200


# name: MaxIter
# type: scalar
50


# name: optTol_X
# type: scalar
1e-06


# name: progTol_X
# type: scalar
1e-10


# name: optTol_aW
# type: scalar
0.0001


# name: progTol_aW
# type: scalar
1e-07




