# Created by Octave 3.8.1, Tue Nov 28 20:12:31 2017 ART <gabrevaya@ws9.labo2>
# name: y_start
# type: matrix
# rows: 15
# columns: 1
 -0.6524974258942712
 -0.4274898532686464
 -0.2027885902506517
 0.06279419302948197
 -0.6887601784204347
 -0.6957687433019891
 -0.3680522581104609
 1.418154453681949
 1.376254991710835
 -0.3956819651853339
 -0.02295259983113757
 -0.3796493016290586
 0.4559227758777028
 -0.5087389983625706
 -0.4037374290542832


# name: alphas
# type: cell
# rows: 1
# columns: 3
# name: <cell-element>
# type: matrix
# rows: 15
# columns: 1
 0.4968792778077825
 0.3915718298900187
 0.2458668410545802
 0.5129203017102397
 0.2940628224780112
 0.3907927297654155
 0.6489182541346632
 0.4625233703424932
 0.4347624133571171
 0.6115924434736232
 0.6106193872135021
 0.6913353063040446
 0.4201217065435061
 0.2961120980791117
 0.4921592766346077



# name: <cell-element>
# type: matrix
# rows: 15
# columns: 1
 0.9721305487412681
 1.437393224529199
 0.8893718222037815
 0.3584024169857004
 0.8298866857500474
 1.196023257118689
 1.498263631016997
 2.102408089648681
 1.062288587951901
 1.424995239977969
 1.402290332242385
 0.9147797148750473
 0.7925025158862027
 0.5324690775587106
 0.2804796674627569



# name: <cell-element>
# type: matrix
# rows: 15
# columns: 1
 11.19251821753054
 11.50873099125824
 11.54725610893181
 11.27232402951497
 11.3135928038237
 11.49869707887575
 11.58121296392946
 11.2005538570711
 11.31381231995914
 11.47155266384002
 11.37987761589375
 11.38366489395089
 11.23936205257381
 11.35227076754394
 11.32470535207712





# name: W
# type: matrix
# rows: 15
# columns: 15
 -0.184478031965072 0.03663829899200814 0.05825299397430325 0.07400210698347276 -0.1191962022991887 0.1438455657631115 0.1185559124999755 0.1024365869230375 0.1032756182043738 -0.1281576128666424 -0.2308985533138614 0.3638893168316764 -0.1068703242387174 -0.09009186717546688 0.2483867098662585
 0.04255634557910028 -0.2007762294219905 -0.09019948343514519 -0.08202841503623082 -0.03561763210424345 -0.05552880864466447 -0.004720779827186995 -0.09273512515029605 -0.06942413813647433 0.1458191096509102 0.2437643377928868 -0.2865550951617252 0.1596756963090427 -0.02762591124942241 -0.08872252792283995
 -0.02425251620986692 -0.01007508712590612 0.02052226944227988 0.08904120676078167 -0.02155468283510028 -0.07554974513156007 0.05060796729093385 0.02858791937917705 0.06697695589960477 0.07889358216543918 0.09954298884934307 0.06157330455084172 0.05273687421243128 0.00389713211474866 -0.07678818305210136
 -0.06920910845144569 0.003648924414242955 -0.04449450749908257 -0.3021242299479621 0.07577747422727013 -0.01676643383119978 -0.08261953097105096 -0.03780718209840145 -0.1036992931323014 0.02350452163533618 0.03274645317681576 -0.1820357920323405 -0.07038088162720198 0.1496109395513964 -0.2721687651247991
 -0.05562433327438143 -0.04747826522586092 -0.06049598832806635 0.1313924077848358 -0.1383553999272157 0.09412407674391138 0.09803947241596576 0.05901064066979086 -0.01126953042615355 -0.04757860321631798 -0.009931762636081002 -0.225909153207418 -0.1807419312236599 -0.1909618062712246 0.5821712337285646
 0.02292942679453217 0.0205418465599051 -0.033711063079075 -0.01911126933821594 0.01803442362369249 -0.1542393543517488 -0.08483537659004685 -0.06798774872478865 -0.01898154627675498 0.07943021695183766 0.1467943168657435 -0.03080658582116642 0.00667384386701351 0.06362220047239135 -0.1144857160341181
 0.1243000742128027 -0.03515166254166604 -0.004955281138016893 -0.1295513107072903 0.0497909172357119 0.02555402156539965 -0.2908070851775168 -0.0714295872688086 -0.01846840759956978 0.06165185934718988 0.01213851825422303 -0.07955703438186491 0.09190873741892062 0.03620575438447159 -0.03194042813509268
 0.1358876730898695 0.2818385351332233 0.03721573574724729 -0.03807123191884834 0.0439324253199014 0.1441269264729521 0.0212155555847492 -0.2530015827627488 -0.01899531271802141 -0.153265256871559 -0.09106328030965413 0.04033511172511711 0.1131870697982855 -0.04979086382732331 0.2388871313804591
 0.07477250378572632 0.03635085846969281 0.0232441716719046 -0.03669146606840163 -0.006386963504547785 0.06586493410784168 0.05854051225946177 0.02723913477819542 -0.1040776748872304 -0.04577635271198303 -0.06581279403712133 -0.0743133552650085 0.07058447042225911 0.04715534868471883 -0.01864637468433789
 -0.009508566850554338 0.06104776972331741 0.0682987063285163 0.0542767036098302 -0.05518423908997194 0.07296697349786238 0.1506471358716792 0.08002478751299566 0.01907420280053341 -0.1742415603339312 -0.2205490769116701 0.1871050410871637 -0.0717891159306681 -0.0106610669379551 0.1187148171236238
 -0.005531781756226801 0.1418823662863656 -0.01522917729029377 0.002213859881707401 0.04126984569599541 0.1974812363086248 0.1516314669820827 0.2508580593682056 -0.02204184709204993 -0.1440709178539734 -0.3307609979408748 0.07404492164243782 -0.0274551517218982 -0.03583594688739985 0.09499244288289257
 0.001028139399931487 -0.01910060285112492 -0.06765322641175847 -0.03869627085315918 0.1215663860768917 0.0563482157500589 -0.01911326268909736 -0.03978005592212838 -0.1197313055305112 -0.03435383032459406 -0.06630307688813407 -0.2978674675726402 0.05168211032587518 0.0386270461822689 0.004367846263267042
 0.02367823387531563 0.05448597615793055 0.004780169051631304 0.1486479532719551 -0.00683586858532648 0.03478251216970727 0.04039957460130239 0.04428451342814133 0.0706152360512118 -0.02315139281316043 -0.04194191611901395 0.1555969826815243 -0.008471042989971121 -0.04373691729744977 0.1377684501403256
 0.07626090792923992 0.08912644694447923 0.0672929130688454 -0.136246652832403 -0.2048455362223699 0.1101884143827579 0.07794872238802963 0.007937321378439827 -0.07859718753921481 -0.0706867930510751 -0.0423163515072499 -0.1342910660806618 -0.331210010080203 -0.0257162692603972 0.5601318776519721
 -0.01863542155584671 -0.08571670035491873 0.003693433415968708 0.1661576405597587 -0.04988203333749082 -0.1142105488530867 0.009398141777591717 0.01245285613267771 0.06888788675438597 0.1530229844294322 0.1458533243030133 0.05075524854308142 0.08333731773869565 0.008724354667543045 -0.3033099106175396


# name: iter
# type: scalar
215


# name: c
# type: matrix
# rows: 1
# columns: 15
 0.4264174211439468 0.3213628239021136 0.3944617688005253 0.4299120446903649 0.3917997353235266 0.4158736173635009 0.3846361066901942 0.2109679643992372 0.2474193632132195 0.1166387056489167 0.04485115581266105 0.05174388823783937 0.3413547854745823 0.624766733007478 0.5648274768314303


# name: mean_corr
# type: matrix
# rows: 10
# columns: 1
 -0.1103113337308006
 -0.1057306054130785
 -0.1053735902161016
 -0.1052634759245013
 -0.02532903626916077
 0.01387844068703598
 0.01740769109973737
 0.02035073755337757
 0.03477480971228471
 0.3311355727026358


# name: mean_error
# type: matrix
# rows: 10
# columns: 1
 1.467090531140512
 1.46358805206185
 1.463538974686963
 1.463456449153675
 1.438793940185457
 1.426554829187233
 1.423623848727867
 1.421418707400361
 1.414559129221692
 1.328305759098568


# name: iter_improve
# type: matrix
# rows: 10
# columns: 1
 1
 19
 82
 92
 93
 96
 125
 144
 168
 215


# name: optim_start
# type: scalar
215


# name: optim_steps
# type: scalar
10


# name: VPVP_params
# type: scalar struct
# ndims: 2
 1 1
# length: 8
# name: lambda
# type: scalar
300000000


# name: downsample
# type: scalar
10


# name: MaxIter_X
# type: scalar
200


# name: MaxIter
# type: scalar
50


# name: optTol_X
# type: scalar
1e-06


# name: progTol_X
# type: scalar
1e-10


# name: optTol_aW
# type: scalar
0.0001


# name: progTol_aW
# type: scalar
1e-07




