# Created by Octave 3.8.1, Tue Nov 28 20:06:48 2017 ART <gabrevaya@ws9.labo2>
# name: y_start
# type: matrix
# rows: 15
# columns: 1
 -0.6524974301151051
 -0.4274898460968505
 -0.2027885866367811
 0.06279419154309494
 -0.6887601702461645
 -0.6957687428692514
 -0.368052256703664
 1.4181544571791
 1.376254995505983
 -0.3956819605633271
 -0.02295259948908369
 -0.3796493095945742
 0.455922772732585
 -0.5087389908971085
 -0.4037374317468054


# name: alphas
# type: cell
# rows: 1
# columns: 3
# name: <cell-element>
# type: matrix
# rows: 15
# columns: 1
 0.5826581184454681
 0.4896035214276145
 0.2377929284872845
 0.5828553595973393
 0.4560367856980089
 0.4895318796133844
 0.7507814140092569
 0.5862298023030597
 0.4981310959942812
 0.7232873333872014
 0.7390076779715454
 0.7900509840658175
 0.4223274474087411
 0.4041471934791234
 0.499773573885987



# name: <cell-element>
# type: matrix
# rows: 15
# columns: 1
 0.9063333857187726
 1.124461761732964
 0.929740679383363
 0.8791025254289172
 0.9644584773007081
 1.056573650274344
 0.9273647091447176
 1.143495404171403
 1.056240462223433
 1.213020023927584
 1.253534400071275
 0.9131605313247341
 0.7841750764275969
 1.03281824223416
 1.068416055841989



# name: <cell-element>
# type: matrix
# rows: 15
# columns: 1
 11.22267492975155
 11.48344256622156
 11.5524865799852
 11.32539257885672
 11.32446851225916
 11.48549271001517
 11.53192923058689
 11.07251405178547
 11.3105351931956
 11.44669030684477
 11.35824887819865
 11.38315836453008
 11.23881353189624
 11.39547389003686
 11.38818468247696





# name: W
# type: matrix
# rows: 15
# columns: 15
 0 0 0 0 0 0 0 0 0 0 0 0 0 0 0
 0 0 0 0 0 0 0 0 0 0 0 0 0 0 0
 0 0 0 0 0 0 0 0 0 0 0 0 0 0 0
 0 0 0 0 0 0 0 0 0 0 0 0 0 0 0
 0 0 0 0 0 0 0 0 0 0 0 0 0 0 0
 0 0 0 0 0 0 0 0 0 0 0 0 0 0 0
 0 0 0 0 0 0 0 0 0 0 0 0 0 0 0
 0 0 0 0 0 0 0 0 0 0 0 0 0 0 0
 0 0 0 0 0 0 0 0 0 0 0 0 0 0 0
 0 0 0 0 0 0 0 0 0 0 0 0 0 0 0
 0 0 0 0 0 0 0 0 0 0 0 0 0 0 0
 0 0 0 0 0 0 0 0 0 0 0 0 0 0 0
 0 0 0 0 0 0 0 0 0 0 0 0 0 0 0
 0 0 0 0 0 0 0 0 0 0 0 0 0 0 0
 0 0 0 0 0 0 0 0 0 0 0 0 0 0 0


# name: iter
# type: scalar
215


# name: c
# type: matrix
# rows: 1
# columns: 15
 -0.1893045377900879 -0.04556943521059443 0.2760994961163529 -0.2222444271344373 0.3546823401963852 0.05869166893357917 -0.1932103949751849 0.2286441611513694 0.1807909120790567 -0.0291121257093038 -0.162027826762731 0.09018815438337127 0.2936229384850416 0.1607745985297445 -0.2163732444262592


# name: mean_corr
# type: matrix
# rows: 9
# columns: 1
 -0.1103113337308006
 -0.1057306054130785
 -0.1053735902161016
 -0.1052634759245013
 -0.02532903626916077
 0.01387844068703598
 0.01740769109973737
 0.02035073755337757
 0.03477480971228471


# name: mean_error
# type: matrix
# rows: 9
# columns: 1
 1.467090531140512
 1.46358805206185
 1.463538974686963
 1.463456449153675
 1.438793940185457
 1.426554829187233
 1.423623848727867
 1.421418707400361
 1.414559129221692


# name: iter_improve
# type: matrix
# rows: 9
# columns: 1
 1
 19
 82
 92
 93
 96
 125
 144
 168


# name: optim_start
# type: scalar
215


# name: optim_steps
# type: matrix
# rows: 0
# columns: 0


# name: VPVP_params
# type: scalar struct
# ndims: 2
 1 1
# length: 8
# name: lambda
# type: scalar
300000000


# name: downsample
# type: scalar
10


# name: MaxIter_X
# type: scalar
200


# name: MaxIter
# type: scalar
50


# name: optTol_X
# type: scalar
1e-06


# name: progTol_X
# type: scalar
1e-10


# name: optTol_aW
# type: scalar
0.0001


# name: progTol_aW
# type: scalar
1e-07




