# Created by Octave 3.8.1, Sun Jan 07 21:13:36 2018 ART <gabrevaya@ws18.labo2>
# name: y_start
# type: matrix
# rows: 10
# columns: 1
 1.658447927635788
 -0.5625798963780667
 -1.121852468968848
 0.8496054274800457
 0.5100539014289347
 0.4785095194797568
 -0.6372534360861446
 1.727708867419862
 -0.2004602570469871
 0.2734462850967536


# name: alphas
# type: cell
# rows: 1
# columns: 3
# name: <cell-element>
# type: matrix
# rows: 10
# columns: 1
 2.193175896444016
 0.3914095245731797
 2.645665467379768
 1.683552541536183
 0.1522202387305937
 1.067026799109577
 0.1419829773260308
 1.7534345310098
 0.704047582655018
 -0.3072855451146119



# name: <cell-element>
# type: matrix
# rows: 10
# columns: 1
 1.88061591847882
 0.9126027410390583
 1.15635691652353
 0.3347792118779157
 1.015972166584453
 0.656041850534291
 0.6289211314277692
 0.0995937113592235
 0.4267336540381598
 0.2911831312704835



# name: <cell-element>
# type: matrix
# rows: 10
# columns: 1
 9.345259272260705
 11.30778938910608
 11.53897024835345
 10.30512219499463
 10.19517684544488
 10.99379519190294
 11.42030467928228
 10.29568740330566
 12.69986862128676
 11.10859756847123





# name: W
# type: matrix
# rows: 10
# columns: 10
 0.05792325261887168 0.023688754231985 -0.3445698248957869 -0.4931211297196148 -0.6411964671859921 0.07890993955568069 -0.6072902319862965 -0.260143642354129 -0.9971048463568699 1.239333386916138
 -0.3107389566084234 0.4830229285575027 -0.4278460544998672 0.6654860698938594 0.04578366155243859 0.5824541903760079 0.4098243769021804 -0.142779778498054 0.2053397220478645 0.1595188006946255
 -0.6486508198348921 0.3882071454906897 -0.9136229645112605 -0.2219576208811536 0.7057202685763498 0.08828572163517871 0.1258178076623016 0.09751607721850136 0.8893852347055925 -0.1978780424080845
 -0.9692810214357982 -0.9246280191914283 -0.1465071610754341 0.5720616637042782 -0.3992224388096933 0.6106747260561387 -0.9125330216064942 0.06288017688982613 -0.9884548136004842 -0.06198797945951257
 0.2553800848113454 -0.6810047677931867 0.3847508094550579 0.1928771614349704 0.3094828243064764 0.7059396721879851 0.3626645139822759 -0.6630241466637958 -0.03755519839061917 -0.482431475348072
 0.08966982373051374 -0.5081243553973821 0.36994085958279 -0.589304753982318 -0.09300111037920046 -0.07784739526959335 -0.13674255896111 0.8293296157802017 -0.2503058238411118 0.5097951015695711
 0.3359182129118925 -0.1411847598653067 0.8047959492265867 -0.424652619737719 0.0290094721773306 0.3228783932075043 -0.3075426920946416 0.001370953783809977 0.002166297224338998 0.1577636227993846
 -0.2938268249793418 -0.3597687740997789 0.2042139157158465 -0.01554675447566037 -1.188366649619347 -0.7910290163544624 0.3339829163475187 -0.6371628701966751 -0.2089424789940867 -0.7406972688136991
 0.4073620162178294 -0.6996296963873508 0.4585075509102003 0.2399749573312282 0.4120209351155299 0.2979110992758892 0.2199271310117095 0.6779238723391361 -0.304236513042556 0.4097301377999182
 -0.03217426898973369 0.2998749017575674 -0.2652884863510048 0.05046589523598853 0.5910018506966249 -0.1789434738928139 0.7288651280009487 -0.5110469201968761 0.4003295429764465 -0.8307950601838718


# name: iter
# type: scalar
100000


# name: c
# type: matrix
# rows: 1
# columns: 10
 0.6353465170094361 0.5890470772050928 0.6339779822699139 0.8337015417087847 0.7791287089586963 0.6540527168021301 0.5976518720185248 0.6655207941632971 0.6477322358781232 0.7629449812598095


# name: mean_corr
# type: matrix
# rows: 1026
# columns: 1
 -0.1431017104917308
 -0.1304601313398954
 -0.09321504321759279
 -0.1343370415139799
 -0.09254406196391105
 -0.06841444057576476
 -0.05192960696759843
 -0.04841258738877675
 -0.04588310044342238
 -0.03445945677232431
 -0.02983243928943635
 0.02027112115893693
 0.09040161881356064
 0.09550979990077435
 0.1015277530244888
 0.1069778747006886
 0.1230421236573374
 0.1700314972049598
 0.1917455088600587
 0.2250985658908666
 0.2419712886760103
 0.2440444742952386
 0.258926053964762
 0.2599644192210304
 0.260642538984952
 0.4548454893255059
 0.4513106896043013
 0.4452383234474091
 0.4441849006314863
 0.4481635874596946
 0.4480088964124634
 0.4492182493211965
 0.4253182611162246
 0.4258536582999331
 0.4275746514112581
 0.4235916069310567
 0.4225988454878969
 0.427122439350678
 0.4250012078885651
 0.4200501602596686
 0.3952328597123468
 0.4003771654972657
 0.3954294861654265
 0.4126352805269569
 0.4077301806060749
 0.3594389448014697
 0.3581385583662075
 0.3519554450887705
 0.3428040623221392
 0.3281902141081355
 0.3289091643757387
 0.3289064190555085
 0.3152273989110408
 0.3148932128435124
 0.3139225216580865
 0.3083563735023768
 0.3138650218392171
 0.3106190134843567
 0.3070706308519721
 0.4554997834059435
 0.4549070476218249
 0.4465496636444053
 0.4458929996653239
 0.4304325140064705
 0.4324468631565573
 0.4237035219013882
 0.4240642333454879
 0.4253372630349724
 0.4245565015552219
 0.4316503696156992
 0.4278425824240756
 0.4307126436132692
 0.4301936494916755
 0.4245723514074417
 0.4280600006565859
 0.4049241494885022
 0.4034651537914155
 0.4019238493236781
 0.4127209074882413
 0.40448119510458
 0.3953163846011502
 0.3957347840388409
 0.3975147012217713
 0.4059733331289805
 0.3955050979280641
 0.3869848805510135
 0.38991258732164
 0.3885427704627546
 0.3904718550424575
 0.3901814861187647
 0.3865878411961573
 0.3998749401009665
 0.4068783324628614
 0.3974403993953363
 0.3923105617847773
 0.3819240002039168
 0.3802875222434581
 0.3794948931397256
 0.4679046686088985
 0.468276227000782
 0.4655048876688653
 0.4425470148386142
 0.4433920137663289
 0.4393484154642907
 0.4337894985128516
 0.4349238927744484
 0.439451119299833
 0.4385013957335364
 0.4427404410621881
 0.4453810246896064
 0.4383212351724076
 0.4333893044064802
 0.424816773713509
 0.444056468763307
 0.4354546819452323
 0.4415439816142475
 0.4412966830108903
 0.4451068084281532
 0.441480042043693
 0.4411505699035922
 0.4378514123741433
 0.4294140612002542
 0.4375624579506076
 0.4290810408993738
 0.4270459715223457
 0.4303826200356786
 0.4283913356429604
 0.4339177052973275
 0.4239560409165306
 0.4281558399564773
 0.4263157172872803
 0.4271612180406847
 0.4255071196977754
 0.4862868934396517
 0.4790567741442661
 0.4802185615733486
 0.4733571890490063
 0.4733185217807582
 0.4762619859814802
 0.4778457662379412
 0.4783709592615549
 0.4742674060098476
 0.4557670097064877
 0.4592533597091895
 0.4533110104346876
 0.4550371527432877
 0.4525707105960357
 0.435682312230376
 0.4360007025669549
 0.4348586668985798
 0.4349955407515047
 0.4322806824067195
 0.4341332012186219
 0.4350223149811921
 0.4350105717856049
 0.4361869081803549
 0.4230609090712866
 0.4200901537119231
 0.4210922383356567
 0.4118717745846922
 0.419964686037483
 0.4226421692283567
 0.4238225059582726
 0.426484950448523
 0.4277780774111249
 0.4340241244792741
 0.4297176264418815
 0.4313817628159301
 0.4333898389173078
 0.4325146850961396
 0.4318844730112515
 0.4314340848731056
 0.4315584475510071
 0.4297014602767852
 0.4295440555901967
 0.4289486173243207
 0.4340332317000627
 0.429473580829962
 0.4888650183369784
 0.4873035199859192
 0.4804183844385712
 0.4803816244527657
 0.4723639519654741
 0.4708754525960794
 0.4592248262988138
 0.466714647226639
 0.4672910591748889
 0.4673514556251138
 0.4614574587534787
 0.4600145732219902
 0.4572587796915357
 0.4537214190980342
 0.4522772797262283
 0.4496885141740121
 0.4484424320353251
 0.443810288291801
 0.4421945385748391
 0.4391673695572733
 0.4436164100395987
 0.4519523775291601
 0.4512871968431386
 0.4466936719496908
 0.4365367210362745
 0.4364287222679408
 0.4365142481002801
 0.4359703288985403
 0.443764649159784
 0.4434142017431162
 0.4815290146757653
 0.4863846166411439
 0.4715792014183447
 0.4687645667776764
 0.4606477797783225
 0.4736263944521535
 0.476803095442078
 0.4762462799165357
 0.4732897709194045
 0.4693977075754184
 0.4690354090729393
 0.4623166878970478
 0.4595336210396185
 0.4595480772787848
 0.4508290747160474
 0.4500898426509761
