# Created by Octave 3.8.1, Sat Jan 06 20:46:59 2018 ART <gabrevaya@ws7.labo2>
# name: y_start
# type: matrix
# rows: 10
# columns: 1
 -1.025330041239107
 -0.08758387017688767
 0.7197511945329724
 1.625500595828879
 0.3802071992709793
 -0.5334528436472821
 2.143800182661853
 -1.190978611413749
 0.9112905033352596
 -0.4248932638000102


# name: alphas
# type: cell
# rows: 1
# columns: 3
# name: <cell-element>
# type: matrix
# rows: 10
# columns: 1
 1.163169776777389
 0.578
 0.5540694143393696
 0.6313947197338512
 0.5545788739564629
 0.578
 0.6718538339665817
 0.5684974453566846
 0.5214436847050252
 0.712337284024337



# name: <cell-element>
# type: matrix
# rows: 10
# columns: 1
 1.456953189902173
 1
 0.8062063015781209
 0.8991129736714282
 0.8425267439489315
 1
 0.8093477149887471
 0.9099725797892445
 1.134697747906254
 0.9785296899753337



# name: <cell-element>
# type: matrix
# rows: 10
# columns: 1
 11.36764880810702
 11.38
 11.46359449231437
 11.40352228543364
 11.43781661489236
 11.38
 11.39328850741374
 11.70094539230737
 11.49864673646914
 11.3829553323188





# name: W
# type: matrix
# rows: 10
# columns: 10
 0 0 0 0 0 0 0 0 0 0
 0 0 0 0 0 0 0 0 0 0
 0 0 0 0 0 0 0 0 0 0
 0 0 0 0 0 0 0 0 0 0
 0 0 0 0 0 0 0 0 0 0
 0 0 0 0 0 0 0 0 0 0
 0 0 0 0 0 0 0 0 0 0
 0 0 0 0 0 0 0 0 0 0
 0 0 0 0 0 0 0 0 0 0
 0 0 0 0 0 0 0 0 0 0


# name: iter
# type: scalar
842


# name: c
# type: matrix
# rows: 1
# columns: 10
 0.2130131212400711 0.1038112944750829 0.05808890743385514 0.1370251650110974 0.1714053200701716 0.1721536485250495 0.05169655941549738 0.01001047063948628 -0.3894254353056396 0.06200172961932878


# name: mean_corr
# type: matrix
# rows: 20
# columns: 1
 -0.1382487479065967
 -0.1362491574179802
 -0.1351084730936179
 -0.1208825271031551
 -0.1141073551690388
 -0.1000912164013404
 -0.09875357404650636
 -0.09243900605260366
 -0.04491275965424431
 -0.005900249673368487
 -0.005627494861454904
 0.04277525089511726
 0.07497377532454688
 0.09555370173150583
 0.09564116044648334
 0.09881821955374251
 0.1058738453107977
 0.1068427226483372
 0.1077833896808151
 0.1081987459917657


# name: mean_error
# type: matrix
# rows: 20
# columns: 1
 1.501132141904975
 1.498819250550812
 1.498907376980174
 1.491628296487455
 1.487120268959137
 1.481468892496067
 1.47972025687008
 1.47229199288827
 1.464086616693541
 1.44184499719718
 1.441119629925626
 1.420204121494382
 1.39512141086078
 1.385039846910833
 1.384127703554646
 1.373611296245584
 1.367598959957595
 1.364065186471773
 1.358291095101465
 1.357622300528143


# name: iter_improve
# type: matrix
# rows: 20
# columns: 1
 1
 9
 23
 26
 27
 44
 53
 97
 99
 118
 128
 148
 166
 169
 216
 226
 231
 249
 379
 630


# name: optim_start
# type: scalar
842


# name: optim_steps
# type: matrix
# rows: 0
# columns: 0


# name: VPVP_params
# type: scalar struct
# ndims: 2
 1 1
# length: 8
# name: lambda
# type: scalar
300000000


# name: downsample
# type: scalar
10


# name: MaxIter_X
# type: scalar
200


# name: MaxIter
# type: scalar
50


# name: optTol_X
# type: scalar
1e-06


# name: progTol_X
# type: scalar
1e-10


# name: optTol_aW
# type: scalar
0.0001


# name: progTol_aW
# type: scalar
1e-07




