# Created by Octave 3.8.1, Sat Jan 06 20:48:25 2018 ART <gabrevaya@ws7.labo2>
# name: y_start
# type: matrix
# rows: 10
# columns: 1
 -1.02533001609514
 -0.08758386566303324
 0.7197511827638722
 1.625500587501735
 0.3802071858680569
 -0.5334528404204937
 2.143800178113014
 -1.190978621945872
 0.9112905027578598
 -0.4248932526407301


# name: alphas
# type: cell
# rows: 1
# columns: 3
# name: <cell-element>
# type: matrix
# rows: 10
# columns: 1
 1.063880110646511
 0.5913659533181242
 0.5105914338527626
 0.5389856363643786
 0.5940678706351162
 0.5237662241366711
 0.6108720121339901
 0.4668176011683816
 0.4298437930341299
 0.7039434185464163



# name: <cell-element>
# type: matrix
# rows: 10
# columns: 1
 1.523569516254056
 0.9441405171378051
 0.7633080510512281
 1.204425561387624
 0.829754822350884
 0.8730891008138097
 0.6925099752082916
 0.6206206292567344
 1.229590026767526
 0.8275190951018949



# name: <cell-element>
# type: matrix
# rows: 10
# columns: 1
 11.38906091819345
 11.37325169610526
 11.45600221718808
 11.43088565312274
 11.43308929599369
 11.37095633643037
 11.3904173657567
 11.67549110253495
 11.51004461480217
 11.37003477911448





# name: W
# type: matrix
# rows: 10
# columns: 10
 -0.2220900209519092 0.09755554558504972 0.07474814014352371 -0.04260022372237539 -0.1689604938283109 -0.0343077608074407 -0.06484497189871977 -0.1925401526392338 0.0318983067762122 0.2287783552479387
 0.02350677831777374 0.02696344116891437 -0.01984096371574193 0.009098877371200942 -0.001223115327792668 -0.008206475722824666 0.1163056181482103 -0.04285687339223369 0.2052285364799766 -0.03051238335464685
 -0.06904301623466648 -0.07632833779678951 -0.1867343531369846 -0.1003246014898325 0.1765428966673336 0.04041069237536107 0.09064032307503231 0.253068654827228 -0.04348290768729825 -0.3144052253690232
 -0.3307692020931032 -0.03684242796043807 0.1924016563715222 -0.1825404218049946 0.1892230251162432 0.1596271129137768 -0.1895835197514564 -0.03004632712741849 -0.06546744478652623 0.1657403441683314
 0.09105322017154363 -0.1148094657950716 0.06120873883084137 0.1334000840633874 0.1532029779516752 0.001404722612218508 0.08245295717415864 0.05396248212434218 -0.1472263939394264 -0.1335527075209562
 0.07569585569296845 0.0005066091771530115 0.001653496404400578 -0.00246435794108609 -0.01580461524127793 -0.06246834938742779 0.1199733300621113 -0.01821267052410519 0.1088564266199083 -0.09653432465354056
 -0.02197816070004471 -0.02843846055892617 0.08472895532259984 0.01348906390198972 0.03553077058948675 0.01872260695228357 -0.1643985754598978 0.01145596376229477 -0.08932028934437077 0.06954811652977423
 -0.0185656686358018 -0.01943825891202862 0.3939730464317327 -0.06327264136605446 0.1494318673952664 0.02551130048233678 -0.3057735687467144 -0.273452599967482 -0.05915615646386666 0.1219036377502621
 -0.1962940712132046 0.04227113662195452 -0.06376194277503232 -0.1024547455923214 -0.06274187409611089 0.06356731119264741 0.004074823081222981 -0.08020739917214147 -0.1439828539615721 0.2244832459222209
 -0.03934005329766954 -0.0337450133207108 -0.1626366994961141 -0.05585030091267207 0.1323352296620566 -0.007217730474411416 0.389752869272757 0.1132358398131137 0.05996360121407639 -0.3934000609527402


# name: iter
# type: scalar
842


# name: c
# type: matrix
# rows: 1
# columns: 10
 0.3261005405601115 0.452941659087505 0.4595688601549827 0.3234502162182495 0.7040257602778075 0.3017911762305382 0.366529065492081 0.5505276927320706 0.3732351516051552 0.2133638491778857


# name: mean_corr
# type: matrix
# rows: 21
# columns: 1
 -0.1382487479065967
 -0.1362491574179802
 -0.1351084730936179
 -0.1208825271031551
 -0.1141073551690388
 -0.1000912164013404
 -0.09875357404650636
 -0.09243900605260366
 -0.04491275965424431
 -0.005900249673368487
 -0.005627494861454904
 0.04277525089511726
 0.07497377532454688
 0.09555370173150583
 0.09564116044648334
 0.09881821955374251
 0.1058738453107977
 0.1068427226483372
 0.1077833896808151
 0.1081987459917657
 0.4071533971536387


# name: mean_error
# type: matrix
# rows: 21
# columns: 1
 1.501132141904975
 1.498819250550812
 1.498907376980174
 1.491628296487455
 1.487120268959137
 1.481468892496067
 1.47972025687008
 1.47229199288827
 1.464086616693541
 1.44184499719718
 1.441119629925626
 1.420204121494382
 1.39512141086078
 1.385039846910833
 1.384127703554646
 1.373611296245584
 1.367598959957595
 1.364065186471773
 1.358291095101465
 1.357622300528143
 1.213521025466475


# name: iter_improve
# type: matrix
# rows: 21
# columns: 1
 1
 9
 23
 26
 27
 44
 53
 97
 99
 118
 128
 148
 166
 169
 216
 226
 231
 249
 379
 630
 842


# name: optim_start
# type: scalar
842


# name: optim_steps
# type: scalar
21


# name: VPVP_params
# type: scalar struct
# ndims: 2
 1 1
# length: 8
# name: lambda
# type: scalar
300000000


# name: downsample
# type: scalar
10


# name: MaxIter_X
# type: scalar
200


# name: MaxIter
# type: scalar
50


# name: optTol_X
# type: scalar
1e-06


# name: progTol_X
# type: scalar
1e-10


# name: optTol_aW
# type: scalar
0.0001


# name: progTol_aW
# type: scalar
1e-07




