# Created by Octave 3.8.1, Wed Nov 29 15:59:41 2017 ART <gabrevaya@ws14.labo1>
# name: y_start
# type: matrix
# rows: 15
# columns: 1
 0.133437218056828
 2.430080531775497
 0.07645058801018803
 0.1859488406658172
 1.959056505989327
 0.2442516791295475
 0.7695894966791127
 1.689312749455966
 0.09123246966174957
 -0.2539002435124241
 -0.8119739745343529
 1.437684926109348
 -0.9695697381476455
 -0.9594197050576012
 0.5439377976209202


# name: alphas
# type: cell
# rows: 1
# columns: 3
# name: <cell-element>
# type: matrix
# rows: 15
# columns: 1
 0.5710764177291698
 0.9231166510481476
 0.3266718382505113
 2.133525870184174
 1.204911984300365
 -0.01933369072532434
 1.035762479616099
 0.03564075306526503
 -0.7538389247439846
 1.790582861587958
 0.2448675281508997
 0.4763555260628443
 1.666427100824506
 1.263408429468629
 -0.2127111930826581



# name: <cell-element>
# type: matrix
# rows: 15
# columns: 1
 1.90807956852801
 0.4555175579293788
 1.200906687292707
 1.433009684099
 0.9531057310993968
 1.159447456470248
 1.195641199330159
 0.9324193409435995
 1.15900602613081
 0.7691405249589864
 1.985571855332614
 2.548510388007649
 0.797807873469543
 0.2055691488228529
 0.5867781357705323



# name: <cell-element>
# type: matrix
# rows: 15
# columns: 1
 9.77299224415146
 11.52219260823816
 11.20050899693014
 10.24303291742049
 10.80300131331473
 11.81733930438575
 11.89157109447421
 11.18900771846095
 11.83474819878859
 10.5474271261116
 11.63508213714873
 11.27700451941973
 10.73417661754188
 13.37251921986627
 12.16841060735404





# name: W
# type: matrix
# rows: 15
# columns: 15
 0.02515192885623451 0.02752192014468207 0.1616677431721521 -0.3709073694776586 -0.4186693294094881 -0.2301840295413388 -0.04348153508421559 -0.1888278543416332 -0.1777638408031967 -0.4014464691137666 -0.03051101845004821 -0.2349151179386278 -0.4837642921061653 -0.2189070548518499 0.6594352192361737
 0.2322390574451619 -0.0965826620598314 -0.1860077961340522 -0.1858825471914352 -0.05623287350557449 -0.246050251221845 -0.003206030509838328 0.1422344719027484 0.154787569727234 -0.08127755530284597 0.2129293446672091 -0.2315298849409446 0.09931520849371138 0.6460712465851987 -0.6239674756687293
 -0.004578279831710825 0.01857181998435174 0.004717810726186875 -0.0445379396346627 -0.05406215259849061 -0.1196701917127771 -0.2166450589617714 -0.1928417978183445 0.1590761065263078 0.2142679878039245 0.11863672125768 -0.0969082129577154 -0.0570426187722887 0.09340886555327417 0.1421684023389119
 -0.2579058597335515 0.2011008018199387 0.03238950757606273 -0.4784251955006067 0.259203580031811 -0.3802193289328554 0.4702626132654278 0.347952468346205 0.4969918642099519 0.1338393936351429 0.3717576059702226 -0.314191375073229 0.6521447741317702 -0.001978108172633371 -0.0323542064763909
 -0.5804152023390973 0.1243353697487158 -0.1500886977567463 0.3254004183950204 -0.2157685395384339 0.1736263961987471 0.5550399649796557 0.1177323458047417 0.3752093375064344 -0.04716649706025169 -0.01220345076107776 0.4965522708740531 0.3595064163200538 0.41173425612734 0.07487630286266093
 0.0434774067041863 0.09156878079951543 0.0249039176988119 -0.189854269869104 -0.08001011123914849 -0.1735134560201196 -0.07130013313712619 -0.01804248718450017 -0.05923326693516837 0.1862970809709542 -0.008269683406318779 -0.1119658807175717 -0.04080164324585377 0.2396820255416995 -0.1847342613399305
 0.2240308285723222 -0.005653407710286077 -0.1109703641743528 -0.4160054705294226 -0.2532934724757265 -0.3206423541295476 -0.2967210735991815 -0.05548165312516106 0.05542394092935229 0.4325578346958263 0.08430053122723313 -0.2316564151112108 0.2995927718325186 0.2450250730065291 -0.7228848028512165
 0.1022788972570071 -0.05563171525687513 -0.1616382798861839 0.328472528076227 0.2290038245788194 0.1778279692640509 -0.08022720135799104 0.2099005208259224 0.1078112106136033 0.5707822184561993 -0.2199244513263387 0.1962003876697146 -0.04576126070553719 -0.101759939539942 -0.1126624174742783
 0.02103556682384623 0.05544979734640177 0.03467187088416584 -0.0297322562776569 -0.150433518369431 0.006157620703899318 0.2515279959232907 -0.07944860986348627 -0.0599321944118203 0.06193797179911538 0.2917329352144681 -0.09866373254792911 -0.08935584299471815 -0.2687369251022969 0.3985618168849491
 0.07783363171572841 -0.07041413767290228 -0.06138869298183563 0.09829723347685407 0.1516462372353914 0.08091304622781852 -0.0113696567949217 0.1399276682266855 -0.2143728111806519 -0.2502908033523437 0.1105091506481531 -0.1749964799590473 -0.2795005857683829 -0.0296477951767076 0.3572790718721229
 -0.1729096341339337 0.1379579900543159 0.08067418913623199 0.4008245516700687 0.1343502559751725 -0.01479791776616572 0.1215866951402964 0.0509201464454554 0.1346344816013354 -0.0531644224718334 -0.2613850237011068 0.05165672842217566 0.02680627815967846 -0.1201872805994006 0.4184730413258227
 -0.3112305208193741 -0.06187075592491491 -0.005205822025842565 0.128023630688676 0.09307814128261682 -0.1859903540616373 -0.2970515037700523 -0.008255307808319571 -0.07897600699390205 -0.06410753775474362 -0.004330602755963403 -0.3616775294180423 0.03812769274047365 -0.3418762805198288 -0.2117590769149401
 0.3239728698425036 0.2073842685158523 -0.1074018111128531 0.2016235989367144 -0.0112817285063181 0.06467780008286347 0.4449862491919936 0.1233975720338289 -0.1088837240305699 0.05813407571491645 -0.04718634283110999 0.3479156430849287 -0.2021050236813131 -0.001957204927776775 0.5891187213454829
 -0.1834078002132589 -0.1216766281598698 -0.005293897377800551 -0.1179836866661639 -0.1843407435075202 -0.07694452388203679 -0.06838283632196293 -0.973697673570179 -0.2203695031513738 -0.1643725212458816 0.06016101226903701 0.04224704846222774 -0.5537886045815724 0.08524628217386661 -0.1759205171836622
 0.02979415698337155 -0.001359140255807074 -0.0749292558181677 -0.5013936382567912 -0.06302366656474076 -0.2123689027200139 -0.02663138872013597 0.1885328321889608 0.1444452667286077 0.3369197013473494 0.1587533179864374 -0.2642588917456797 0.2948787671605685 -0.4392318026068183 -0.6400510637650877


# name: iter
# type: scalar
100000


# name: c
# type: matrix
# rows: 1
# columns: 15
 NaN NaN NaN NaN NaN NaN NaN NaN NaN NaN NaN NaN NaN NaN NaN


