# Created by Octave 3.8.1, Tue Nov 28 19:56:52 2017 ART <gabrevaya@ws14.labo1>
# name: y_start
# type: matrix
# rows: 15
# columns: 1
 -0.05932261688118206
 2.488110410289252
 -0.3696471864516092
 0.001879520657629421
 1.387052844385778
 0.2860354711874428
 1.084038591082659
 2.589467800548855
 -0.167775242897434
 0.04229755865783778
 0.8415046396287974
 0.1258237305213788
 -0.2187494713230232
 -0.7872761225883073
 1.090768934522882


# name: alphas
# type: cell
# rows: 1
# columns: 3
# name: <cell-element>
# type: matrix
# rows: 15
# columns: 1
 0.4192474772995291
 0.5397685312138055
 0.6484598762734466
 0.5530812823426514
 0.5428018846342769
 0.6836104921201914
 0.5072903835460369
 0.5087104292641391
 0.5756964308481739
 0.520197246706973
 0.5008398144305475
 0.6153629007239479
 0.6889242202857417
 0.5644798630249527
 0.5133298670351226



# name: <cell-element>
# type: matrix
# rows: 15
# columns: 1
 1.53476512361998
 0.8123635789491984
 1.003442758605744
 1.09931478443645
 1.074903832239979
 1.12953892294399
 1.129795704021638
 1.212356208571877
 0.8495569810853878
 0.7680182578228897
 1.330632796384295
 1.064094989916522
 0.860964645849051
 0.6163098986267378
 0.9662658282201934



# name: <cell-element>
# type: matrix
# rows: 15
# columns: 1
 10.98034113301488
 11.09667431781165
 11.21324523773971
 11.49306312517976
 11.43283289014311
 11.55549505263642
 11.46778744220969
 11.40088033630275
 11.42090044125245
 11.37460484113011
 11.30978166104174
 11.4901308215021
 11.0149515536025
 11.36098847216535
 11.42429822910965





# name: W
# type: matrix
# rows: 15
# columns: 15
 -0.01812931455516136 0.07015015004897539 0.05310964356558429 -0.1091879317162107 -0.04926018783757944 -0.027215303217413 -0.004408662955927617 -0.02775026345361555 -0.02052499217734727 -0.104808006021416 0.003061564299900437 -0.008519705400388518 -0.1043323929424431 -0.05292240312553025 0.1520682179917589
 0.0982244306736513 -0.1299489813794494 -0.06315447229211446 -0.01387143321896458 0.07240182168433022 -0.07382066503109079 -0.06036738806957365 0.09478640056487418 -0.01654596283057985 0.04452915691832202 0.1296361366083601 -0.07648785388358159 0.08334381733432145 0.1487028714146925 -0.213579093766807
 0.008701069999069276 0.03922318438740247 0.006065485273678648 -0.1291096869189453 0.0196695552408314 -0.07453581336979682 -0.003866797757932736 0.02912173787461789 0.03806555787035116 0.04128079072227129 0.0701852563522847 -0.02567129780464703 0.04495096152044304 -0.07985962379622429 0.0234229655316996
 -0.1055973570288501 0.01051262160870311 -0.0004878160307466609 -0.2055227435053089 -0.04062474455575592 -0.1775139369464599 -0.0432656667071472 -0.04655927351984992 0.0509025382332375 0.118576122656555 0.03076267365414069 -0.1044432285011561 0.1658730460721852 -0.02763065172019893 -0.1532895764574292
 -0.2400450049098332 -0.03383281993316269 -0.02170896485083786 0.1893174377487997 -0.08803876747048058 0.003430980217518773 0.1288208669114181 -0.0428287026342991 0.06402904889490595 0.06795022353994479 -0.231105587421115 0.1176933986302842 0.1075556886477013 0.02884906834191693 0.009093913826400166
 0.0104217050062677 -0.02295190763275413 -0.0152372496460189 -0.1227153486253051 -0.0387843705314426 -0.1178607224643256 -0.1011672821279499 -0.06604477089750019 -0.01758417796397205 0.03704064957889391 0.03141178368845911 -0.1040459700746848 0.03779791929428058 0.03752613142456967 -0.1204731648808435
 0.06716886276939954 -0.09814716351628999 -0.0286954815343211 -0.1883778295772004 -0.02652332865881404 -0.1495822126022707 -0.1615052043560585 -0.054376995309573 0.0004287000416580715 0.1407784639684487 0.0971122781054867 -0.1561489279858877 0.1483734023764498 0.05010770830897888 -0.2520655990165973
 -0.02750095917056248 -0.1062968765536334 -0.02271065918875875 0.06087225658402173 0.007262378620445104 -0.0004303190821452097 0.006609950380451868 -0.006672467372812935 0.03187762494598191 0.1650954748661822 -0.02095000882985148 0.01050181784096612 0.142156010329215 -0.02051974908006427 -0.09536870905494312
 0.02299810485211359 -0.03354881457299735 -0.009658869188531231 -0.04075085942571103 0.000866212741507641 -0.03038045266510401 -0.03708142009173961 0.01533231187036291 -0.04808351199075148 0.08072187510027087 0.03656554067885699 -0.02912920266321321 0.06065621048006205 0.005730108081652204 -0.0580591239117725
 0.0104839694363668 0.0306718867477341 0.004925534290497319 0.07085029278176097 0.01817898294278054 0.05540980432692986 0.04590980687833651 0.03735595043237552 0.001825803696202961 -0.04392703705609495 -0.01899546591436873 0.05660840786329335 -0.045091592816326 -0.01180442612802846 0.05875764284663082
 -0.2112039050438103 0.09089936691292697 -0.01569049270835574 0.1756143424959938 -0.08917194699033398 0.05428527820171758 0.1027478166620318 -0.05055178518788061 0.03424135693619655 -0.0551577078702926 -0.2697333503787004 0.09322258079371455 -0.01848148860903292 0.02332583004020981 0.06532075099994725
 -0.001474546872949021 0.05963166284190097 -0.02384678025213797 -0.169257763113167 -0.04921271026948205 -0.08669580240413856 -0.1344112738984013 -0.1017139770221641 -0.02096756125959403 0.01076291768969933 0.02345162087054383 -0.2065028587931964 0.008905748242852592 0.03607048802810625 -0.1813537811069882
 0.01742978503102109 0.03584226730870175 0.007044009402004613 0.1289981195467298 0.05735579204946832 0.06685928169110324 0.1321960955715366 0.1420877288894246 0.02552330812031024 -0.04789517857845925 -0.008328136671199981 0.1270715462834338 -0.04831143703931889 -0.06572409823441856 0.1517467552377561
 -0.08440595375664713 0.1138636816438269 -0.01292904043296157 0.03111111359808615 -0.03479902732153652 -0.009395747962483922 0.04379546396840644 -0.04181789483917864 0.008198060028836555 -0.1720203568108345 -0.05680620748606623 0.0283221934580402 -0.08748224064214442 0.1296675800812953 -0.008353158497268897
 -0.07358820966124473 -0.0240021817789543 -0.02192948900188903 -0.212555628034034 -0.09234863858889236 -0.1035245759683134 -0.172652436202918 -0.2047142839246978 0.008558208562775321 0.1521215879583698 -0.01869560196539947 -0.2097579221414484 0.1153846249609338 0.01555030067628466 -0.2795690175995391


# name: iter
# type: scalar
240


# name: c
# type: matrix
# rows: 1
# columns: 15
 0.3821501514860913 0.4518191992497854 0.4850994518230292 0.3530892997773423 0.4040683836506216 0.3627332163865533 0.2155114887483498 0.6971730535921521 0.3103924592058848 0.4959329801164568 -0.1372269901433224 0.08188454076635386 0.4285348207614656 0.5920130027922429 0.2644527305922731


# name: mean_corr
# type: matrix
# rows: 11
# columns: 1
 -0.1413662941834251
 -0.1401906473619715
 -0.1385768892900047
 -0.001107992233395225
 0.01277483566165943
 0.0206659483813212
 0.056551494898454
 0.0744592682378226
 0.0807484264251668
 0.08226129743282312
 0.359175185920352


# name: mean_error
# type: matrix
# rows: 11
# columns: 1
 1.473467179530427
 1.473707415927372
 1.468745869149224
 1.393970238695162
 1.386265569033458
 1.378399308021522
 1.362680754590986
 1.350221039106229
 1.347715970557036
 1.350779986477924
 1.286799940111099


# name: iter_improve
# type: matrix
# rows: 11
# columns: 1
 1
 3
 7
 31
 44
 51
 74
 103
 111
 126
 240


# name: optim_start
# type: scalar
240


# name: optim_steps
# type: scalar
11


# name: VPVP_params
# type: scalar struct
# ndims: 2
 1 1
# length: 8
# name: lambda
# type: scalar
300000000


# name: downsample
# type: scalar
10


# name: MaxIter_X
# type: scalar
200


# name: MaxIter
# type: scalar
50


# name: optTol_X
# type: scalar
1e-06


# name: progTol_X
# type: scalar
1e-10


# name: optTol_aW
# type: scalar
0.0001


# name: progTol_aW
# type: scalar
1e-07




