# Created by Octave 3.8.1, Sun Jan 07 16:42:17 2018 ART <gabrevaya@ws7.labo2>
# name: y_start
# type: matrix
# rows: 10
# columns: 1
 -0.0001221544325385914
 -0.0002173220287723496
 -6.687972843125394e-05
 -0.0002133282182698833
 -9.215864870340884e-05
 1.087139214702996e-05
 -9.487324816295081e-05
 6.026432978283687e-05
 -7.213588648720039e-05
 -2.405632118468656e-06


# name: alphas
# type: cell
# rows: 1
# columns: 3
# name: <cell-element>
# type: matrix
# rows: 10
# columns: 1
 1.98378322471822
 0.2363702748987438
 0.6361057582517471
 2.565671260851523
 -0.03528062379604868
 0.9014803226533931
 1.840503339731225
 0.3672375276064739
 -0.02486064513790419
 0.70913192705564



# name: <cell-element>
# type: matrix
# rows: 10
# columns: 1
 0.8536104685477677
 1.278706587610702
 0.7276998954808543
 1.297732113396469
 0.9146778888683191
 0.5024362504723643
 0.9000359196557801
 0.3078903052969603
 1.722126204072685
 0.1826686303380667



# name: <cell-element>
# type: matrix
# rows: 10
# columns: 1
 10.02564432287959
 11.14414315075292
 11.07828325479234
 10.63044345037557
 13.40949135894585
 13.5079716756182
 11.60975992835827
 12.4191789391626
 11.62251328575718
 12.12446981774251





# name: W
# type: matrix
# rows: 10
# columns: 10
 0.1412497345287213 -0.5621786089642777 0.2266653658023834 1.196362372910126 -0.1831389266959869 -0.5796192958270662 -0.1621764501151375 -1.721347787834809 -0.1659695331168214 0.5485456651616523
 -0.4166273391759034 0.3678839940043967 -0.1718683041389694 0.07610406662795335 -0.3376256696343182 0.165285950364322 0.6187053577775172 -0.7731633044504147 -0.04439747129414872 -0.3393581813733432
 -1.375984524850695 -0.2573656743056156 -0.1127785737965642 -0.8212264963970428 1.093308905331025 -0.06399155571467649 0.2527197668262906 0.8596622711015208 -0.140411980224894 -0.53473820838193
 -0.4223972459100799 0.04003665461844783 1.753264385093163 -0.6623077075579991 1.104162862064879 1.044984695485069 -0.3881480838671111 0.01095081827651909 0.2605733209011289 0.2879613420319313
 0.1341389027892092 -0.5446612488882405 -0.2997557546197238 0.5037977788685237 0.3198832674456044 0.2857261235013647 0.841039566453789 -0.5260849702791088 -0.06872705976350528 -0.09920739139951149
 0.01873617315345078 -0.3669852113572076 1.21281169605724 -0.8584563948548413 0.1755644222086729 -0.6864445423773775 -0.0660077171249545 -0.2765395614792167 0.7937573463169291 0.07943342767052972
 0.9132062026321008 -0.2405648752214118 0.7021487970047818 0.02215856062877378 -0.3819264061263599 -0.3804779495212848 -0.7564048263000143 -0.1913623357960533 -0.1473892820871709 0.8906119893533101
 0.02309392064088196 -1.178617276551259 0.6760606257905473 -0.7849077877787419 -0.4256055780169231 -0.5530698117621545 0.048745258920626 -0.6902451213543509 -0.2808397259808059 -0.6395608544556673
 -0.06067331099367144 0.4449647317991671 0.4870818473732547 -0.7194338538870128 -0.4693147953750612 0.01537158849980626 -0.0162511185915621 -0.8122309613921045 0.300961149295523 1.006759131677425
 -0.4189079099650987 0.4288219647068811 0.04188749087913939 -0.1634188620241971 0.05156322356544229 0.824589887724602 0.9153556176134793 0.6699087817906965 0.8177673527879764 -0.5702890712014026


# name: iter
# type: scalar
200000


# name: c
# type: matrix
# rows: 1
# columns: 10
 NaN NaN NaN NaN NaN NaN NaN NaN NaN NaN


# name: mean_corr
# type: matrix
# rows: 1541
# columns: 1
 -0.1382487479065967
 -0.1362491574179802
 -0.1351084730936179
 -0.1208825271031551
 -0.1141073551690388
 -0.1000912164013404
 -0.09875357404650636
 -0.09243900605260366
 -0.04491275965424431
 -0.005900249673368487
 -0.005627494861454904
 0.04277525089511726
 0.07497377532454688
 0.09555370173150583
 0.09564116044648334
 0.09881821955374251
 0.1058738453107977
 0.1068427226483372
 0.1077833896808151
 0.1081987459917657
 0.4071533971536387
 0.4037353865049186
 0.4028401917796041
 0.3982019637065563
 0.3984069332873346
 0.3982395324662442
 0.395665284889774
 0.3951542184593831
 0.3937452057303547
 0.3912172561760269
 0.390786380319684
 0.3797830238932159
 0.3785932914836357
 0.3782260279211614
 0.3799348149877544
 0.3103509869229186
 0.3048373733643283
 0.3349653654060364
 0.3425153993045587
 0.3318174642865315
 0.323635563055919
 0.4455863338435289
 0.4418284715433189
 0.4383541606549594
 0.4271259003200707
 0.4232421400758808
 0.4247867884933901
 0.4234628549293012
 0.4269715964334561
 0.4094396317725899
 0.4092395881622767
 0.4045532951931132
 0.4048613610023535
 0.403313251233483
 0.3890526379367075
 0.3900082490997733
 0.3817444549122679
 0.384878189617693
 0.384916003915765
 0.3853911179640944
 0.3830867151184026
 0.3688882474268482
 0.365409914765663
 0.3736609731597814
 0.3743486217315103
 0.3759114388292311
 0.3734896121841
 0.3843849616152267
 0.3727496984015577
 0.3716234759914406
 0.3662979465377071
 0.3649872182042389
 0.3608366486945226
 0.360835668330039
 0.3619925468631547
 0.3625243112756092
 0.3677966538483936
 0.4640779043746875
 0.4557527057924144
 0.4486192343479987
 0.4326277245049428
 0.4522697433695931
 0.4480667340245089
 0.4394204037894835
 0.430822675194917
 0.4349709084570329
 0.4369581311159688
 0.441071840354008
 0.4457455154611808
 0.4484653168314968
 0.4349165149672236
 0.435858926166928
 0.4361553865880695
 0.4308147035688399
 0.426966779529415
 0.4247342358072722
 0.4260313435898546
 0.4226958904486094
 0.4185437391432717
 0.4219743597928819
 0.4120584344840833
 0.4113667961384443
 0.4038743155913925
 0.401590652250358
 0.4032789436828184
 0.4043525587745454
 0.4047743377843333
 0.4014644986735709
 0.3978744571632412
 0.393719437520749
 0.3922312429614286
 0.3938361229784053
 0.3970374734813521
 0.3968721562871305
 0.3942074024351819
 0.3900559407061695
 0.3893505475435801
 0.3900581175174607
 0.3864273908148394
 0.3867592581461742
 0.5062083979267691
 0.5067832352347106
 0.4675420407095069
 0.4540180764552805
 0.4368375154418508
 0.4206555412978309
 0.4200925934002654
 0.4275704926098094
 0.4202437590772977
 0.4287018831872316
 0.4394082345579224
 0.4455791246365952
 0.4389221646414908
 0.4401664281905703
 0.4408821526356751
 0.4387578642224731
 0.4423183299198811
 0.4428082439334382
 0.4419279897215461
 0.4531108402068422
 0.4552926061477131
 0.4561123530013809
 0.442264165577409
 0.4439199744789882
 0.4433467783861385
 0.4446485036200434
 0.4396001808441217
 0.4321746401639863
 0.432311033775196
 0.4322798474256045
 0.4339310865645437
 0.4333189237057885
 0.4330254109365985
 0.4324164702976488
 0.431903367049271
 0.4325080240654523
 0.4324278636874698
 0.5227304278807641
 0.5210160067968139
 0.5174841488796632
 0.5058785111105907
 0.5048804854467972
 0.5124105179849255
 0.5128301319104687
 0.5133152571452128
 0.5057121003161169
 0.5061894662127799
 0.4971539298408257
 0.4959665661395044
 0.5014222452569491
 0.4995400724182506
 0.498735137119294
 0.4964484050924566
 0.4970492005829447
 0.4957438880930235
 0.495329099045643
 0.4792668123469873
 0.4787508341190067
 0.4865610951922513
 0.4851286379245012
 0.4885792687673442
 0.4816727387235076
 0.4804922939517609
 0.474152904242682
 0.4818235252007182
 0.4660792396936094
 0.4665181653982056
 0.4644972159478122
 0.4667135671968501
 0.4669520564070171
 0.464526316839912
 0.4659991348502336
 0.4684091457716965
 0.4677881612363298
 0.4820193737964423
 0.4835274087251948
 0.4814351445053567
 0.475971034102589
 0.475758890790992
 0.4708671291736838
 0.5203533965118858
 0.5180639235946483
 0.5096258640396032
 0.5110583672136851
 0.5117917460501392
 0.5128954980843498
 0.5002350732246852
 0.5001274470624006
 0.495159994659051
 0.4963361981496074
 0.4937863345763039
 0.4950181651243203
 0.4969201860998932
 0.4806701671847429
 0.4911518831879798
 0.4913372342089687
 0.4937740716100983
 0.493781732937084
 0.4919524421504921
 0.4934013852771844
 0.4903688215699645
 0.4669931895281009
 0.4672940214755938
 0.4654191905539838
 0.4670568684945654
 0.4700397562121592
 0.4732135712663837
 0.4702734457877087
 0.470993257617755
 0.4661423765988674
