# Created by Octave 3.8.1, Tue Nov 28 19:53:59 2017 ART <gabrevaya@ws14.labo1>
# name: y_start
# type: matrix
# rows: 15
# columns: 1
 -0.05932263857420449
 2.488110412671265
 -0.3696471874986645
 0.001879531029113535
 1.387052859387564
 0.2860354543398358
 1.084038609182968
 2.589467801341273
 -0.1677752569277049
 0.04229754565072498
 0.8415046423161199
 0.125823724700293
 -0.2187494952625258
 -0.7872761211240427
 1.090768920237804


# name: alphas
# type: cell
# rows: 1
# columns: 3
# name: <cell-element>
# type: matrix
# rows: 15
# columns: 1
 0.4315144563340666
 0.5748150413776695
 0.6490219166950986
 0.627642463288997
 0.6219494183536088
 0.760016175877437
 0.5621118192179282
 0.5298689037154611
 0.6134090809740331
 0.5378094366434113
 0.5755930111168164
 0.7082785108607879
 0.7188714401357004
 0.4978636463315754
 0.4963514493118288



# name: <cell-element>
# type: matrix
# rows: 15
# columns: 1
 1.465662475529242
 0.8949133101435539
 0.9804299879546579
 1.14000263027139
 1.19569147073472
 1.047294919982107
 1.038463200148072
 1.179870147939202
 0.8475128866846848
 0.8554721314593352
 1.390908858296338
 1.065459266084817
 0.9096735545399982
 0.9926736899915135
 1.015801400611674



# name: <cell-element>
# type: matrix
# rows: 15
# columns: 1
 10.97025104397223
 11.10983290936959
 11.21264844341207
 11.497079850467
 11.43845131627605
 11.54693629147812
 11.45592645770714
 11.39487424459685
 11.41995142057881
 11.38413178208095
 11.316610245618
 11.49114272592081
 11.02245275992618
 11.39264863728315
 11.43365898544176





# name: W
# type: matrix
# rows: 15
# columns: 15
 0 0 0 0 0 0 0 0 0 0 0 0 0 0 0
 0 0 0 0 0 0 0 0 0 0 0 0 0 0 0
 0 0 0 0 0 0 0 0 0 0 0 0 0 0 0
 0 0 0 0 0 0 0 0 0 0 0 0 0 0 0
 0 0 0 0 0 0 0 0 0 0 0 0 0 0 0
 0 0 0 0 0 0 0 0 0 0 0 0 0 0 0
 0 0 0 0 0 0 0 0 0 0 0 0 0 0 0
 0 0 0 0 0 0 0 0 0 0 0 0 0 0 0
 0 0 0 0 0 0 0 0 0 0 0 0 0 0 0
 0 0 0 0 0 0 0 0 0 0 0 0 0 0 0
 0 0 0 0 0 0 0 0 0 0 0 0 0 0 0
 0 0 0 0 0 0 0 0 0 0 0 0 0 0 0
 0 0 0 0 0 0 0 0 0 0 0 0 0 0 0
 0 0 0 0 0 0 0 0 0 0 0 0 0 0 0
 0 0 0 0 0 0 0 0 0 0 0 0 0 0 0


# name: iter
# type: scalar
240


# name: c
# type: matrix
# rows: 1
# columns: 15
 0.3110865863534354 -0.08033580911120572 0.1225467423673911 0.2034197211395566 -0.02538505514367453 -0.2480655886994737 -0.02894286855185546 0.5584194576723421 -0.08298621038787626 0.1716009832985121 -0.1352401260190441 0.08446716874440163 0.04826890438811168 0.2222571943547966 0.001931518393270471


# name: mean_corr
# type: matrix
# rows: 10
# columns: 1
 -0.1413662941834251
 -0.1401906473619715
 -0.1385768892900047
 -0.001107992233395225
 0.01277483566165943
 0.0206659483813212
 0.056551494898454
 0.0744592682378226
 0.0807484264251668
 0.08226129743282312


# name: mean_error
# type: matrix
# rows: 10
# columns: 1
 1.473467179530427
 1.473707415927372
 1.468745869149224
 1.393970238695162
 1.386265569033458
 1.378399308021522
 1.362680754590986
 1.350221039106229
 1.347715970557036
 1.350779986477924


# name: iter_improve
# type: matrix
# rows: 10
# columns: 1
 1
 3
 7
 31
 44
 51
 74
 103
 111
 126


# name: optim_start
# type: scalar
240


# name: optim_steps
# type: matrix
# rows: 0
# columns: 0


# name: VPVP_params
# type: scalar struct
# ndims: 2
 1 1
# length: 8
# name: lambda
# type: scalar
300000000


# name: downsample
# type: scalar
10


# name: MaxIter_X
# type: scalar
200


# name: MaxIter
# type: scalar
50


# name: optTol_X
# type: scalar
1e-06


# name: progTol_X
# type: scalar
1e-10


# name: optTol_aW
# type: scalar
0.0001


# name: progTol_aW
# type: scalar
1e-07




