# Created by Octave 3.8.1, Tue Nov 28 20:17:07 2017 ART <gabrevaya@ws17.labo1>
# name: y_start
# type: matrix
# rows: 15
# columns: 1
 0.8790420116578391
 -0.5605756338529404
 0.8607719373676755
 -0.6612617475883983
 1.86208760407911
 -1.428984659407132
 -2.557047305901967
 -1.721278753808699
 2.290873224618639
 0.7714846898270519
 0.2645037328400889
 0.2917423197181242
 0.6158048960521187
 -0.3709934934306758
 0.02011896880407276


# name: alphas
# type: cell
# rows: 1
# columns: 3
# name: <cell-element>
# type: matrix
# rows: 15
# columns: 1
 0.165606593646897
 0.48386234896868
 0.5737602758706182
 0.6309390303912902
 0.6329227180316623
 0.4710489769516233
 0.4534635425660302
 0.4824862300861295
 0.4997292973507125
 0.4792937188747049
 0.4648295278488849
 0.3899983627349477
 0.5851530865461213
 0.170348600752659
 0.7370576508670431



# name: <cell-element>
# type: matrix
# rows: 15
# columns: 1
 1.30556327482463
 0.8260129816321904
 1.092367429580552
 1.424558881877734
 0.884962303639874
 1.208201170171375
 1.055361427699635
 1.382077897548693
 1.106681472629421
 1.13180169805597
 1.000867848702931
 0.9650148781474972
 0.267611922072916
 1.071646035424819
 0.9301895389631102



# name: <cell-element>
# type: matrix
# rows: 15
# columns: 1
 11.25914415142537
 11.36063464669219
 11.36906816904035
 11.41584909414246
 11.25287718027015
 11.37097756632751
 11.40338183801726
 11.63608319028548
 11.40099986261332
 11.57653459150831
 11.13655802733885
 11.27767868025941
 11.46110745616031
 11.36684496236546
 11.47562874779822





# name: W
# type: matrix
# rows: 15
# columns: 15
 -0.03932330132818197 0.04029953942156261 0.1010751737911766 0.02806588014266445 -0.1111710869314868 0.01291048933621397 -0.06237327670630107 0.03262582722403793 0.1015264861891067 -0.0786558274772369 -0.2003527264924201 0.08397766571202692 -0.07625100522040715 0.01132269978752393 0.277215663461399
 0.07172920013481628 -0.03851859030687025 -0.09292292762657471 -0.2563487788592022 0.219987874197038 -0.05426080548488445 -0.2260435278001954 0.05482894917305196 -0.06796716752058718 0.07328480114161544 0.1497672093997851 -0.212220459440994 0.3048219808423863 0.09770360895370503 -0.1830787135007012
 -0.06780829597284828 -0.09621212634482747 -0.002310716288202313 0.02603061277734423 -0.02804205336396147 -0.01793209811716755 -0.05802619036745082 0.03675180906821179 -0.08276754107689049 0.003191248000954099 0.04726324196012033 -0.1406419883758759 0.07601151020682363 0.04278329389778839 -0.05057529323526259
 0.1632123252410451 -0.01911720244166945 -0.09812134469367137 -0.2320895725697471 0.1138506843096231 -0.06173197983879144 0.07787473978274728 0.05283461267314729 0.03165149284745211 0.1333154584947035 0.01139022789305645 0.04218914492027227 0.06252902512484224 -0.01882859277950635 0.01571361250661395
 -0.05821077321900175 0.1075039487889106 -0.1077517480304459 0.1508166087912628 -0.07551818971760195 0.1336700988609376 0.2850255082395334 0.05654297554450882 -0.0693986627724074 -0.08766768092463696 -0.03422175350707136 0.09817395312657069 0.0103377627278685 -0.05731405377544834 0.006714148269395778
 0.06185546220375746 0.02726909957428146 0.02704295746943317 -0.1412436819526683 0.01270085313782146 -0.09359968088247833 -0.07374082698190436 0.07837913385066707 0.04538142440433519 0.08656615866746234 0.03883769634199223 0.006605859610308313 0.02942241507116725 0.03279405366297514 -0.04629850984710301
 0.02451351018703374 -0.04176175392982013 0.0436188724223098 -0.1866338243518783 0.0422891996342143 -0.1486754525195997 -0.2905441786166901 0.2102071416195933 -9.223222358499712e-06 0.09530843866956358 0.09711552014141109 -0.1890402178611963 0.05916980174830655 0.07435672766189777 -0.1123596704058252
 0.0886203790973609 -0.2088558382289629 -0.09776700881685281 -0.1761291027282456 0.1999358653947686 -0.09196261005815935 -0.1605036400064829 -0.175651172975216 -0.02841507259975913 0.1462005098812381 0.06984507079425625 -0.1916406298126306 0.2243464179033092 0.05441847678841596 -0.02409520782181866
 -0.09042471436080049 -0.05172278597900332 -0.05074551479405058 0.1031490459329035 -0.03230437819099442 0.09948348860586065 0.04719429634616445 0.05469106005204927 -0.1407930027016009 -0.05980531533462588 0.05514718996391921 -0.09774932990634159 0.002573121717529579 -0.05033918292008479 -0.05502817608346813
 -0.06925285753168124 -0.02873130873111284 0.04598981817117356 0.2304928182114742 -0.1695023400023672 0.08697544834221421 0.1158170804244025 0.003493071817020139 0.0339014041194869 -0.1403423669919989 -0.1927262017652926 0.08174736022227305 -0.07014862744158483 -0.05753719472500556 0.2628061422070325
 0.008290018289224885 0.06178790956870806 -0.06394040850319765 0.05875347431188281 0.02922391353794693 0.1005483753430487 0.2431862912402513 0.1124159551778836 0.06187707128176955 -0.1105002326993424 -0.2603215002991471 0.1721846872365193 0.08992610680567777 -0.002980033602377348 0.2778629910722867
 -0.08453607898843771 -0.08444443946212456 -0.04483795755100116 0.01628648082698788 0.08228569197699996 0.03079759617024575 -0.1394539341275821 0.1127978723437164 -0.1194252246983122 -0.04968048923761595 0.1084580122095248 -0.2483931463724765 0.05827045257588435 0.07133892717576454 -0.1502416087620535
 0.01002420845219012 -0.02979865794431052 -0.06878002136721981 0.08533747379970036 -0.006973427266364169 0.07582975438056219 0.2485876917801184 0.1623714032909193 0.01053412384653897 -0.05981730142415444 -0.07051593278451669 0.06429922271175026 -0.3090526283733088 0.01712151218399855 0.03807452210910551
 0.005095398925717833 0.2575998688877548 -0.04793175053110407 0.09087765257041111 0.1887819159488972 0.006052249682941136 0.1195538567162278 -0.2022667092665021 0.002714443186584096 0.03810123808883941 0.1145095722678265 0.2038816402174329 0.03415357422487238 -0.2780003960017755 -0.101395151006278
 -0.02068722280390529 -0.00151058859049271 0.03091907944463196 0.0006420644537724087 0.04294740978732271 -0.07117601871868565 -0.09619265362349078 -0.06354832520520921 -0.03563984715658752 0.07751083474961817 0.2152129894577733 -0.06971027008975358 -0.1042018402608183 -0.02198277731138268 -0.3406907384658809


# name: iter
# type: scalar
257


# name: c
# type: matrix
# rows: 1
# columns: 15
 0.4902481884839519 0.4462868546134633 0.3817032085725092 0.4016158303509568 0.4344778646364986 0.4452987972147769 0.2415832439840031 0.5002422233934686 0.2286018104573384 0.3272767316611867 0.0537467451821086 0.0561028698436182 0.3890463588998221 0.3213586768065534 0.1435697980780618


# name: mean_corr
# type: matrix
# rows: 12
# columns: 1
 -0.06756424385516233
 -0.06344843572837754
 -0.05655080688626079
 -0.05536142750605414
 -0.05506620257553781
 -0.05271528798162381
 -0.05126181286849969
 -0.04654686196042981
 -0.04634287824947177
 -0.006631148085114472
 -0.05738214150702427
 0.3240772801452211


# name: mean_error
# type: matrix
# rows: 12
# columns: 1
 1.446954861530808
 1.44424299803203
 1.440044040421275
 1.440721086542815
 1.43960317695347
 1.43923841530935
 1.437990231271591
 1.432793044199272
 1.432722570757219
 1.419378719524599
 1.436488873906831
 1.277149298597382


# name: iter_improve
# type: matrix
# rows: 12
# columns: 1
 1
 21
 27
 55
 63
 88
 104
 110
 152
 199
 217
 257


# name: optim_start
# type: scalar
257


# name: optim_steps
# type: scalar
12


# name: VPVP_params
# type: scalar struct
# ndims: 2
 1 1
# length: 8
# name: lambda
# type: scalar
300000000


# name: downsample
# type: scalar
10


# name: MaxIter_X
# type: scalar
200


# name: MaxIter
# type: scalar
50


# name: optTol_X
# type: scalar
1e-06


# name: progTol_X
# type: scalar
1e-10


# name: optTol_aW
# type: scalar
0.0001


# name: progTol_aW
# type: scalar
1e-07




