# Created by Octave 3.8.1, Sat Jan 06 20:57:55 2018 ART <gabrevaya@ws11.labo2>
# name: y_start
# type: matrix
# rows: 10
# columns: 1
 0.6984904110923829
 -0.4688162487638334
 -0.04917516971793735
 0.8857097287545519
 -0.9764845558337976
 1.065205714081128
 -0.3803514446941229
 0.5651915262960922
 0.5655030596062779
 -0.976872471167739


# name: alphas
# type: cell
# rows: 1
# columns: 3
# name: <cell-element>
# type: matrix
# rows: 10
# columns: 1
 0.5824159058318247
 0.7408213797979125
 0.3276884649513708
 0.675273213654813
 0.6167410870224815
 0.6117625953240797
 0.7646273893063681
 0.9204792290179289
 0.4540525618454109
 0.6195957524937962



# name: <cell-element>
# type: matrix
# rows: 10
# columns: 1
 0.654839434842418
 0.9921261051132421
 1.251052213906209
 0.8695591968171567
 0.9426130878371929
 1.043990534689798
 1.247974384766442
 0.5401947549313981
 1.16810368282612
 0.911404023141361



# name: <cell-element>
# type: matrix
# rows: 10
# columns: 1
 11.15456505360191
 11.24330793457329
 11.19666303681348
 11.36160667279819
 11.54758627044403
 11.62885181726696
 11.34269378468422
 11.26685318133969
 11.34547633353004
 11.51730525500562





# name: W
# type: matrix
# rows: 10
# columns: 10
 -0.02729633227488368 -0.01138258271646208 0.228421032717268 -0.01025728337276562 0.03585362213427104 -0.01102900627149841 -0.1482745591763548 -0.3177715496710052 -0.1600863392383352 0.1442861616713906
 0.05649812111964985 -0.02362737993619676 -0.1131457555204953 0.01484826081180907 -0.03404838307316938 0.03679567085449929 0.07843377516710728 -0.1204992952484971 0.1034130687975616 -0.04499267832702421
 0.03796587047284299 -0.008578106760488015 -0.2096260856632741 0.06668216147019566 0.06041825566273611 0.04389124327561455 0.2115123213081326 0.05244094400386758 0.2345354922660042 -0.1377306500844422
 -0.1744816103559728 -0.02644533271787866 0.1529071060041126 0.01410151381640982 0.123155659544631 0.0129882414283022 -0.01243395775304385 0.07550739586393709 -0.03534529113748251 0.08742961668795074
 0.02828867004964539 -0.0873155609758554 0.08864646572654433 0.1126945207692957 0.08286378546622136 0.05230071888566757 0.04865002277017169 -0.2275739225978877 0.0264534751662542 -0.06276786538846336
 0.1245962395585236 -0.003374425722124075 0.00669038081904794 0.00296183721001804 0.04496104464616976 -0.1112905958535557 -0.01563932942282451 0.04392252254538529 -0.05902298149645996 -0.1205892076998192
 0.01308672926072518 0.09755886685051816 0.1494576374629701 -0.1656449496090618 -0.08645348764744062 -0.006109993770235589 -0.2893623181828818 -0.0476724063566853 -0.1721922999329962 0.2957311802431254
 -0.005107496935590304 0.0269113079012015 0.08271123121180216 -0.08794402643659636 0.001018229969777379 -0.03052019895396954 -0.03142576620612767 -0.07483235804603801 -0.06890967583360665 0.1451900584593241
 0.04835314991324005 0.05434982845353342 0.1255394631646941 -0.09664234244921041 0.02475476152891484 0.009783813242501391 -0.0797130117298214 -0.0808614679081112 -0.05817789679460499 0.2128075600619441
 0.09419619532955857 -0.02189519201335585 -0.1564643075691957 0.08422733032386834 -0.0358961207977186 -0.08803104662903496 0.0007915191949550955 -0.06579094547448051 0.0070036022194054 -0.3399991443240888


# name: iter
# type: scalar
625


# name: c
# type: matrix
# rows: 1
# columns: 10
 0.5373876371570097 0.491210396390105 0.3607035737528182 0.4239320603319932 0.6419822415573525 0.2148451084568894 0.2946530017172028 0.5229229726526005 0.3678121639584923 0.1116037316028096


# name: mean_corr
# type: matrix
# rows: 18
# columns: 1
 -0.1003537131832613
 -0.05047050106823757
 -0.02840422216467703
 -0.009227389780255116
 0.07035806141110409
 0.09158407077049741
 0.1053749693373678
 0.1196101832181735
 0.1199027234580131
 0.1199366955483235
 0.1438014176002879
 0.1661808404910387
 0.1767411005172451
 0.17677311888644
 0.1771811152419042
 0.1774675232140853
 0.1776296677243457
 0.3967052887577273


# name: mean_error
# type: matrix
# rows: 18
# columns: 1
 1.488765046098561
 1.457839694143522
 1.437588581087526
 1.42857013830543
 1.379702068266704
 1.375129500543895
 1.377183750254659
 1.362444652849485
 1.360919283214059
 1.361061300533656
 1.354978007200587
 1.343859241095779
 1.337744828348175
 1.3362476908308
 1.336262060797517
 1.323527275626383
 1.324024590277826
 1.262912458799708


# name: iter_improve
# type: matrix
# rows: 18
# columns: 1
 1
 12
 18
 50
 93
 110
 116
 170
 274
 386
 387
 395
 421
 448
 452
 498
 557
 625


# name: optim_start
# type: scalar
625


# name: optim_steps
# type: scalar
18


# name: VPVP_params
# type: scalar struct
# ndims: 2
 1 1
# length: 8
# name: lambda
# type: scalar
300000000


# name: downsample
# type: scalar
10


# name: MaxIter_X
# type: scalar
200


# name: MaxIter
# type: scalar
50


# name: optTol_X
# type: scalar
1e-06


# name: progTol_X
# type: scalar
1e-10


# name: optTol_aW
# type: scalar
0.0001


# name: progTol_aW
# type: scalar
1e-07




