# Created by Octave 3.8.1, Tue Nov 28 19:56:00 2017 ART <gabrevaya@ws17.labo1>
# name: y_start
# type: matrix
# rows: 15
# columns: 1
 0.8790420010816273
 -0.5605756376212054
 0.860771938989509
 -0.6612617502941286
 1.862087626931003
 -1.428984660770727
 -2.557047307037241
 -1.721278768752835
 2.290873230193315
 0.7714846984596377
 0.2645037449966521
 0.2917423234732368
 0.6158048936770963
 -0.3709934865813524
 0.02011896289263057


# name: alphas
# type: cell
# rows: 1
# columns: 3
# name: <cell-element>
# type: matrix
# rows: 15
# columns: 1
 0.2140467673599737
 0.5329351388309271
 0.5979145065599004
 0.7270377305228315
 0.7495939011409612
 0.5666324045111598
 0.5708495787844934
 0.5737944635337009
 0.6198013697116387
 0.6096607543946991
 0.5693643746432796
 0.5364485013911928
 0.7031326990726601
 0.4299282563045437
 0.7422128277116518



# name: <cell-element>
# type: matrix
# rows: 15
# columns: 1
 1.162372427580814
 0.8364409887620218
 1.017938623731774
 1.031065854196122
 0.8763900510865331
 1.107372970349505
 0.9688302206363267
 0.838669961916082
 1.093613979863608
 1.07251213038041
 1.132214173936563
 0.884108201049521
 0.9180177357526687
 0.8353837818436152
 1.120939705322354



# name: <cell-element>
# type: matrix
# rows: 15
# columns: 1
 11.24550381278494
 11.42625903903028
 11.35531457807055
 11.36829481698832
 11.2711913697896
 11.35617114383485
 11.39322320578718
 11.5876218610942
 11.39303962426844
 11.56610064880391
 11.15877928050975
 11.26972721632974
 11.5382915483886
 11.35867744599604
 11.49490071447384





# name: W
# type: matrix
# rows: 15
# columns: 15
 0 0 0 0 0 0 0 0 0 0 0 0 0 0 0
 0 0 0 0 0 0 0 0 0 0 0 0 0 0 0
 0 0 0 0 0 0 0 0 0 0 0 0 0 0 0
 0 0 0 0 0 0 0 0 0 0 0 0 0 0 0
 0 0 0 0 0 0 0 0 0 0 0 0 0 0 0
 0 0 0 0 0 0 0 0 0 0 0 0 0 0 0
 0 0 0 0 0 0 0 0 0 0 0 0 0 0 0
 0 0 0 0 0 0 0 0 0 0 0 0 0 0 0
 0 0 0 0 0 0 0 0 0 0 0 0 0 0 0
 0 0 0 0 0 0 0 0 0 0 0 0 0 0 0
 0 0 0 0 0 0 0 0 0 0 0 0 0 0 0
 0 0 0 0 0 0 0 0 0 0 0 0 0 0 0
 0 0 0 0 0 0 0 0 0 0 0 0 0 0 0
 0 0 0 0 0 0 0 0 0 0 0 0 0 0 0
 0 0 0 0 0 0 0 0 0 0 0 0 0 0 0


# name: iter
# type: scalar
257


# name: c
# type: matrix
# rows: 1
# columns: 15
 0.01516359480186658 -0.2798835409641169 0.2672196077568945 0.0397263521749209 0.2124573448597325 0.2807631454547362 0.01985971395264407 -0.564650427528183 0.1776426509539477 -0.234330406670422 -0.279296096945131 -0.01674670548034691 -0.3115733177933294 -0.2113256360443229 -0.3037621644262938


# name: mean_corr
# type: matrix
# rows: 11
# columns: 1
 -0.06756424385516233
 -0.06344843572837754
 -0.05655080688626079
 -0.05536142750605414
 -0.05506620257553781
 -0.05271528798162381
 -0.05126181286849969
 -0.04654686196042981
 -0.04634287824947177
 -0.006631148085114472
 -0.05738214150702427


# name: mean_error
# type: matrix
# rows: 11
# columns: 1
 1.446954861530808
 1.44424299803203
 1.440044040421275
 1.440721086542815
 1.43960317695347
 1.43923841530935
 1.437990231271591
 1.432793044199272
 1.432722570757219
 1.419378719524599
 1.436488873906831


# name: iter_improve
# type: matrix
# rows: 11
# columns: 1
 1
 21
 27
 55
 63
 88
 104
 110
 152
 199
 217


# name: optim_start
# type: scalar
257


# name: optim_steps
# type: matrix
# rows: 0
# columns: 0


# name: VPVP_params
# type: scalar struct
# ndims: 2
 1 1
# length: 8
# name: lambda
# type: scalar
300000000


# name: downsample
# type: scalar
10


# name: MaxIter_X
# type: scalar
200


# name: MaxIter
# type: scalar
50


# name: optTol_X
# type: scalar
1e-06


# name: progTol_X
# type: scalar
1e-10


# name: optTol_aW
# type: scalar
0.0001


# name: progTol_aW
# type: scalar
1e-07




