# Created by Octave 3.8.1, Sat Jan 06 20:50:59 2018 ART <gabrevaya@ws11.labo2>
# name: y_start
# type: matrix
# rows: 10
# columns: 1
 0.6984904099302238
 -0.4688162435766915
 -0.04917516736453331
 0.8857097311679463
 -0.9764845758370101
 1.065205722424169
 -0.3803514429114236
 0.5651915407295497
 0.5655030670492556
 -0.9768724756460876


# name: alphas
# type: cell
# rows: 1
# columns: 3
# name: <cell-element>
# type: matrix
# rows: 10
# columns: 1
 0.6038186775809787
 0.7685298485002546
 0.4249207995247929
 0.7166087214883495
 0.6124087653702129
 0.7023457050451953
 0.9154292401297999
 0.9241351035660559
 0.5056531721127363
 0.5814998275686467



# name: <cell-element>
# type: matrix
# rows: 10
# columns: 1
 0.7640990602939981
 0.9295117133228623
 1.149408993948638
 0.9370256634844777
 1.023645779369425
 0.9913551409197513
 1.368233224329534
 0.6353989948812961
 1.208348076226646
 0.95952997224436



# name: <cell-element>
# type: matrix
# rows: 10
# columns: 1
 11.1643275474244
 11.239293724736
 11.18518245703604
 11.37032119984676
 11.5518572711143
 11.61822380786582
 11.35689215167922
 11.27483086045696
 11.34760096363732
 11.5218180036407





# name: W
# type: matrix
# rows: 10
# columns: 10
 0 0 0 0 0 0 0 0 0 0
 0 0 0 0 0 0 0 0 0 0
 0 0 0 0 0 0 0 0 0 0
 0 0 0 0 0 0 0 0 0 0
 0 0 0 0 0 0 0 0 0 0
 0 0 0 0 0 0 0 0 0 0
 0 0 0 0 0 0 0 0 0 0
 0 0 0 0 0 0 0 0 0 0
 0 0 0 0 0 0 0 0 0 0
 0 0 0 0 0 0 0 0 0 0


# name: iter
# type: scalar
625


# name: c
# type: matrix
# rows: 1
# columns: 10
 0.2270771546097341 0.2463725850372233 0.2000072282578597 0.1085998198196748 0.3743880498803381 0.1308847522647902 0.03592401521554702 0.3740429722124232 0.2215857272343217 0.04907456025288179


# name: mean_corr
# type: matrix
# rows: 17
# columns: 1
 -0.1003537131832613
 -0.05047050106823757
 -0.02840422216467703
 -0.009227389780255116
 0.07035806141110409
 0.09158407077049741
 0.1053749693373678
 0.1196101832181735
 0.1199027234580131
 0.1199366955483235
 0.1438014176002879
 0.1661808404910387
 0.1767411005172451
 0.17677311888644
 0.1771811152419042
 0.1774675232140853
 0.1776296677243457


# name: mean_error
# type: matrix
# rows: 17
# columns: 1
 1.488765046098561
 1.457839694143522
 1.437588581087526
 1.42857013830543
 1.379702068266704
 1.375129500543895
 1.377183750254659
 1.362444652849485
 1.360919283214059
 1.361061300533656
 1.354978007200587
 1.343859241095779
 1.337744828348175
 1.3362476908308
 1.336262060797517
 1.323527275626383
 1.324024590277826


# name: iter_improve
# type: matrix
# rows: 17
# columns: 1
 1
 12
 18
 50
 93
 110
 116
 170
 274
 386
 387
 395
 421
 448
 452
 498
 557


# name: optim_start
# type: scalar
625


# name: optim_steps
# type: matrix
# rows: 0
# columns: 0


# name: VPVP_params
# type: scalar struct
# ndims: 2
 1 1
# length: 8
# name: lambda
# type: scalar
300000000


# name: downsample
# type: scalar
10


# name: MaxIter_X
# type: scalar
200


# name: MaxIter
# type: scalar
50


# name: optTol_X
# type: scalar
1e-06


# name: progTol_X
# type: scalar
1e-10


# name: optTol_aW
# type: scalar
0.0001


# name: progTol_aW
# type: scalar
1e-07




