# Created by Octave 3.8.1, Tue Nov 28 19:59:36 2017 ART <gabrevaya@ws6.labo1>
# name: y_start
# type: matrix
# rows: 15
# columns: 1
 -1.221473435660767
 -2.318731895478025
 0.6584027718978314
 -0.9941322948354118
 1.509914945823901
 1.532699655629439
 -0.4308155788475415
 -1.95322896587645
 1.978753712942759
 0.0007157589395546083
 -0.2758210289385618
 0.909198664008622
 -0.05820177235489226
 0.3378832383940012
 2.46380000463346


# name: alphas
# type: cell
# rows: 1
# columns: 3
# name: <cell-element>
# type: matrix
# rows: 15
# columns: 1
 0.3367678544129794
 0.5026302435675875
 0.5987892627959434
 0.5740005893045196
 0.5029202751760412
 0.5714201210175431
 0.4544609403714094
 0.5668031440335556
 0.3311258833688618
 0.2016187024734409
 0.4986380396165706
 0.5061377950650657
 0.4589367998330496
 0.5880973032588098
 0.7487183614212485



# name: <cell-element>
# type: matrix
# rows: 15
# columns: 1
 0.8269643126160082
 1.061845966720128
 1.068297185533735
 1.164882439330854
 0.9870391171202016
 1.290128168282928
 1.131080855230146
 0.5594314512467903
 1.138146324670592
 1.155910540329809
 0.854094232917372
 1.034671964511408
 0.8346378578743382
 0.6526331606832338
 0.9359257582109346



# name: <cell-element>
# type: matrix
# rows: 15
# columns: 1
 11.61962250518268
 11.24485650691807
 11.45030019067141
 11.4068010467874
 11.38678717553894
 11.64997369316137
 11.18423000853247
 11.41310406793126
 11.39329673771774
 11.50828727899912
 11.28645696434575
 11.20303088970029
 11.35054202563094
 11.45324810222452
 11.40297795935622





# name: W
# type: matrix
# rows: 15
# columns: 15
 -0.04458524803198081 0.02514538079103365 -0.002031728063136602 0.1510787124131659 0.02486566372247736 0.2429771357267124 0.08354685649314317 -0.1890109314027789 0.03584754376400126 -0.09797584211912336 -0.1182721660345072 0.124094260273797 -0.04711856477467378 -0.06434503425588184 0.1557905831900188
 -0.02582992047046077 -0.2117561840532863 -0.06761993005253726 -0.259547115422488 0.2578171167197307 -0.3351344647198833 -0.09733473852780208 0.1912968725020891 0.1079773825552414 0.2660816040999196 0.1798093950709946 -0.09731144637531743 0.1348757884336028 0.06182830646593884 -0.21855117739797
 0.06918088703712395 0.008576146370963772 -0.01300614975960731 -0.04815563826595044 -0.07732974817964142 -0.0826267392039764 -0.0307543875628975 -0.04129591924001533 -0.05472336355473516 0.01827495676023889 0.02947603751548203 -0.05806164520269826 0.06559325038992164 -0.03380458500360123 -0.06525951968644096
 0.01356178525401892 -0.04808037576806076 0.01427981299380314 -0.179171486602638 0.02151398087370589 -0.3681925977562892 -0.02462229777719905 0.1075646987041087 0.04270266102695185 0.138241198416322 0.07330420234529027 -0.05710639752177235 0.1163077510973222 -0.0130863531862923 -0.08114010774717785
 0.02793857522524977 0.266228150705932 -0.06547481176020574 0.2465195232990721 -0.06585799421932638 -0.08272483046193985 0.2180078978551631 0.1582178649229859 -0.028527331784695 -0.0559426797987471 -0.03008927938109596 0.08222820903751957 0.07111660040336287 -0.02253809471332329 -0.01414917211517925
 0.0100664683325535 0.04148943650616233 -0.02944447981563955 -0.03015655316558673 0.007222430477510372 -0.173550447827725 -0.006867973388801405 -0.004582655147711195 -0.02727281194449538 0.03787696778874847 0.0507872452491916 -0.03154822471813621 0.02295197688969929 0.03673140477072663 -0.0740103283668485
 0.04977994529139604 -0.1181151307439967 -0.01397469468675101 -0.2257566413003705 0.03327807540306341 -0.2440019968617791 -0.153232764962519 0.01151698854629794 -0.006623335294004182 0.1465760399066131 0.1382589257072308 -0.1388456577104968 0.09143848351306591 0.03841640541712175 -0.1576095891995328
 -0.2094741344552011 0.0208711449058667 -0.07964053763298738 0.08855667737675858 0.1409148364046943 0.1726246364515595 -0.02905868725066605 -0.10449023727818 0.02332736162878553 -0.05735294878210734 0.04764470396866653 0.002191913988221179 -0.1351502615650957 0.1079701580091973 -0.05230325102011592
 0.07533187847508534 0.07028958394126122 -0.01570543304780652 0.02993216716322234 -0.1060736066136504 -0.08390446559309973 -0.00515326815236792 -0.1164741792283749 -0.0907155028490554 -0.02659622184109374 0.04239859055805353 -0.06383705465412715 0.06477389595956078 -0.02112925977387472 -0.08853721665872812
 0.1115976665139843 0.01517098378106208 0.04695199871177046 0.07728022045816491 -0.08217747591306039 0.12199813094259 0.0921855149860365 -0.07765515546935002 0.02018229968009399 -0.06190529267242683 -0.1476625601152724 0.1212839336389273 -0.01436524243706784 -0.09186701293756856 0.22875351534158
 -0.1746451024312831 0.06872864075747298 0.006206433355739133 0.1241408370797731 0.09739834919979787 0.05701994583923297 0.1570536665742203 0.3023100403424259 0.1042426771010088 -0.03348815138629209 -0.2168079501394439 0.1952019644356404 -0.1706286182672789 -0.0247781974902071 0.2376000588815224
 -0.03915359951730513 -0.02354142628420006 -0.00885956612318608 -0.09332602420230725 -0.08328933016318013 -0.09660746790546185 -0.1428186768858877 -0.008465832222944811 -0.09992725040520366 0.006763062969978134 0.1613654305379038 -0.2141438824559906 0.03213728575575081 0.07263189625682168 -0.2537109856517809
 0.001985098337136076 0.03765599702881911 -0.03637995931346497 0.101402973963878 0.08016194517015816 0.04586119804295979 0.1124981182105619 -0.002162839265160445 0.06788074140350439 0.005011277878818995 -0.0771835111987729 0.1208426916944161 -0.01642134824813483 -0.05796371102116474 0.1204760995964695
 -0.1497931509234719 0.1740457388418136 -0.02465497202278583 0.1191091336508568 -0.05876201358262005 -0.1248782557745254 0.08674309284665102 0.3561226839142205 -0.06708996901015102 -0.04782161510686127 -7.230088109101045e-05 0.03057564214949312 -0.1961665462334009 0.08747503937443321 0.0120264159111289
 0.04703406510728102 0.05853130829708991 -0.02469503008963938 -0.01287310502659425 -0.07687047230475662 -0.06060209363237629 -0.07614418407539177 -0.08425902246715394 -0.1112145461954246 -0.009543075960623662 0.1488727717507481 -0.1772571793474796 0.1443605511936282 -0.001109649453002647 -0.3013056514100074


# name: iter
# type: scalar
572


# name: c
# type: matrix
# rows: 1
# columns: 15
 0.4628088719220024 0.4480515514110178 0.4314872270637124 0.4549567288683273 0.4693598601368997 0.2590848989464516 0.3000264504514684 0.5062282693485762 0.2751635370492524 0.2921542672677237 0.2883126260534982 0.1460841471520207 0.3867791149311972 0.63004072637397 0.2301248930822707


# name: mean_corr
# type: matrix
# rows: 22
# columns: 1
 -0.07088907415891116
 -0.04096671053094644
 0.00637768499836961
 0.009053068989050355
 -0.07987724817833813
 -0.0774178065457377
 -0.05581665689135228
 -0.02658738159658858
 -0.01647288532873337
 -0.0139532768868137
 -0.01372433503433792
 0.001886699488111876
 0.03133186431784622
 0.04490074513345212
 0.05575772877812304
 0.05955656250248209
 0.06414750469126812
 0.06794401655470424
 0.06834600328546256
 0.07451037360880947
 0.07772765344007829
 0.3720442113372258


# name: mean_error
# type: matrix
# rows: 22
# columns: 1
 1.468518824391721
 1.453475707416245
 1.426650156982019
 1.426548995867721
 1.451974013091616
 1.458474107334148
 1.44639362993316
 1.423754438702674
 1.420409229177838
 1.418860784803305
 1.418750127849085
 1.41231744435727
 1.39917028145759
 1.394301946685259
 1.387230057050838
 1.385408239998122
 1.374355669727677
 1.36266939095322
 1.361935759654582
 1.358456703213633
 1.357999756938393
 1.281092469794935


# name: iter_improve
# type: matrix
# rows: 22
# columns: 1
 1
 19
 30
 39
 62
 91
 95
 126
 160
 163
 168
 240
 272
 308
 316
 330
 349
 386
 422
 437
 517
 572


# name: optim_start
# type: scalar
572


# name: optim_steps
# type: scalar
22


# name: VPVP_params
# type: scalar struct
# ndims: 2
 1 1
# length: 8
# name: lambda
# type: scalar
300000000


# name: downsample
# type: scalar
10


# name: MaxIter_X
# type: scalar
200


# name: MaxIter
# type: scalar
50


