# Created by Octave 3.8.1, Tue Nov 28 19:52:40 2017 ART <gabrevaya@ws6.labo1>
# name: y_start
# type: matrix
# rows: 15
# columns: 1
 -1.221473432816078
 -2.318731897586158
 0.6584027903083279
 -0.9941322992475664
 1.509914960936
 1.532699663163783
 -0.4308155796023053
 -1.9532289826998
 1.978753713305856
 0.0007157639699312268
 -0.2758210205700272
 0.9091986701262796
 -0.0582017465477937
 0.3378832421051245
 2.463800002135299


# name: alphas
# type: cell
# rows: 1
# columns: 3
# name: <cell-element>
# type: matrix
# rows: 15
# columns: 1
 0.3779616040857266
 0.5875520447134841
 0.617926942927849
 0.6511218889625791
 0.5920328373992697
 0.6660721424856655
 0.5193092433052309
 0.6482365758788952
 0.3990158509653545
 0.2478061406921158
 0.584125477799428
 0.6133839040101408
 0.47279477972502
 0.5688589480668137
 0.782368726843085



# name: <cell-element>
# type: matrix
# rows: 15
# columns: 1
 0.8455487430370132
 1.147109406921412
 1.070027261253425
 1.105478111480868
 1.228473003605931
 1.238909350729133
 1.063169522970458
 0.4991147546007958
 1.168688486190194
 1.196878341956663
 0.9483418113391473
 1.019230686992247
 0.7187807268881263
 0.856796358129733
 0.975811584937529



# name: <cell-element>
# type: matrix
# rows: 15
# columns: 1
 11.62034751254562
 11.25225585453864
 11.44979669223544
 11.40079938755513
 11.4050227792033
 11.64158357736771
 11.17809979798391
 11.40421850174501
 11.39181784624312
 11.51209001609238
 11.2954206454185
 11.20162985855776
 11.34214444606837
 11.46569222110601
 11.41082682005356





# name: W
# type: matrix
# rows: 15
# columns: 15
 0 0 0 0 0 0 0 0 0 0 0 0 0 0 0
 0 0 0 0 0 0 0 0 0 0 0 0 0 0 0
 0 0 0 0 0 0 0 0 0 0 0 0 0 0 0
 0 0 0 0 0 0 0 0 0 0 0 0 0 0 0
 0 0 0 0 0 0 0 0 0 0 0 0 0 0 0
 0 0 0 0 0 0 0 0 0 0 0 0 0 0 0
 0 0 0 0 0 0 0 0 0 0 0 0 0 0 0
 0 0 0 0 0 0 0 0 0 0 0 0 0 0 0
 0 0 0 0 0 0 0 0 0 0 0 0 0 0 0
 0 0 0 0 0 0 0 0 0 0 0 0 0 0 0
 0 0 0 0 0 0 0 0 0 0 0 0 0 0 0
 0 0 0 0 0 0 0 0 0 0 0 0 0 0 0
 0 0 0 0 0 0 0 0 0 0 0 0 0 0 0
 0 0 0 0 0 0 0 0 0 0 0 0 0 0 0
 0 0 0 0 0 0 0 0 0 0 0 0 0 0 0


# name: iter
# type: scalar
572


# name: c
# type: matrix
# rows: 1
# columns: 15
 0.004073853735379754 -0.02343951214368565 0.01065249340991749 0.2209001292827342 0.04635184662366255 0.2220111773689898 0.02508053830962544 0.1730081240231051 -0.09218373597197597 -0.01023233973152101 -0.02815560792639647 0.09956470179694205 0.1341467770512673 0.02431475492153636 0.1749573193034148


# name: mean_corr
# type: matrix
# rows: 21
# columns: 1
 -0.07088907415891116
 -0.04096671053094644
 0.00637768499836961
 0.009053068989050355
 -0.07987724817833813
 -0.0774178065457377
 -0.05581665689135228
 -0.02658738159658858
 -0.01647288532873337
 -0.0139532768868137
 -0.01372433503433792
 0.001886699488111876
 0.03133186431784622
 0.04490074513345212
 0.05575772877812304
 0.05955656250248209
 0.06414750469126812
 0.06794401655470424
 0.06834600328546256
 0.07451037360880947
 0.07772765344007829


# name: mean_error
# type: matrix
# rows: 21
# columns: 1
 1.468518824391721
 1.453475707416245
 1.426650156982019
 1.426548995867721
 1.451974013091616
 1.458474107334148
 1.44639362993316
 1.423754438702674
 1.420409229177838
 1.418860784803305
 1.418750127849085
 1.41231744435727
 1.39917028145759
 1.394301946685259
 1.387230057050838
 1.385408239998122
 1.374355669727677
 1.36266939095322
 1.361935759654582
 1.358456703213633
 1.357999756938393


# name: iter_improve
# type: matrix
# rows: 21
# columns: 1
 1
 19
 30
 39
 62
 91
 95
 126
 160
 163
 168
 240
 272
 308
 316
 330
 349
 386
 422
 437
 517


# name: optim_start
# type: scalar
572


# name: optim_steps
# type: matrix
# rows: 0
# columns: 0


# name: VPVP_params
# type: scalar struct
# ndims: 2
 1 1
# length: 8
# name: lambda
# type: scalar
300000000


# name: downsample
# type: scalar
10


# name: MaxIter_X
# type: scalar
200


# name: MaxIter
# type: scalar
50


# name: optTol_X
# type: scalar
1e-06


# name: progTol_X
# type: scalar
1e-10


# name: optTol_aW
# type: scalar
0.0001


# name: progTol_aW
# type: scalar
1e-07




