# Created by Octave 3.8.1, Sat Jan 06 20:50:14 2018 ART <gabrevaya@ws6.labo2>
# name: y_start
# type: matrix
# rows: 10
# columns: 1
 -0.989674834146595
 -1.257534806909562
 -1.329787830589999
 0.5612973969435997
 0.3454862568409496
 -0.1212606288971766
 0.6855154884417273
 -0.2318134544334002
 0.1390027395466219
 -0.5131833923657507


# name: alphas
# type: cell
# rows: 1
# columns: 3
# name: <cell-element>
# type: matrix
# rows: 10
# columns: 1
 0.2044279316141933
 0.5832071745617514
 0.3557780865363784
 0.8377497753870295
 0.6095392847900659
 0.464183405054304
 0.2689601595925796
 1.24861995231323
 0.506514764516089
 0.8763572276334903



# name: <cell-element>
# type: matrix
# rows: 10
# columns: 1
 0.6750580869892331
 0.8623785773127466
 0.6842025898865316
 0.6246071366632696
 0.7979106513893105
 0.9101646658905728
 1.181593220409633
 0.5353212544451478
 1.198864330523644
 0.914104382638945



# name: <cell-element>
# type: matrix
# rows: 10
# columns: 1
 11.20726555934481
 11.44090230571739
 11.28910411873539
 11.26711343776155
 11.16396482168961
 11.24661512186396
 11.58071105236445
 11.51889545834435
 11.35696895332132
 11.23169006647092





# name: W
# type: matrix
# rows: 10
# columns: 10
 0.03423246489810582 -0.02122580632268526 -0.06997345733016608 -0.06521939957606931 0.002317417238970104 0.01593381516656099 -0.1244491958286217 -0.3430970453510971 -0.2171555811729574 0.09109676124907311
 -0.03752848086746371 -0.08080420600027621 -0.03079510998052259 0.01118517265548128 0.01149436819561346 0.01481592389092163 0.1224286352646983 -0.2465417008317778 0.1710664351221128 -0.02652524473023198
 0.0599751396762886 -0.04504757440242043 -0.148609554128199 0.121758278963539 0.09670309284672467 -0.01771252680483406 0.009153947010240646 0.2770108159390769 0.05097708259212928 -0.3196076346279535
 -0.1595289250747018 -0.01298091325556774 0.2782415767908245 -0.05628485822933638 0.09624026170602827 0.004048413326733709 -0.07180428100224739 0.02905327627661431 -0.0596185074756834 0.06339127717482627
 -0.01462890793125518 -0.09071889906816742 0.02702501764695548 0.04915224149920693 0.09072341768858146 -0.0163749094439848 -0.05621440048050019 -0.05725315454767894 -0.1383790285111287 -0.09915442004222257
 0.06530934375531378 -0.009448840126898206 -0.134686145800936 0.0003922212038194813 -0.03050793580276247 -0.01102783429012411 0.02076000711789098 -0.04467433563695425 0.03140906444255859 -0.04558497896319355
 0.08020113160160401 0.1047789781826594 -0.03078143085437318 -0.09310950125374959 -0.1476869101931303 0.01916796050681907 -0.2257520407409998 0.0245061503317031 -0.2096737867358215 0.2473059118150691
 0.03732490848447405 0.06765985136962493 0.01256041755785241 -0.04180950691937067 -0.111051028831228 -0.008482220183478138 -0.08122130584058171 -0.04662234385376519 -0.06922771853111662 0.1477127008256847
 0.04846243208215757 0.07855687516257974 0.008727493643224973 -0.0946873855012603 -0.0500014002655789 0.04284724654520232 -0.1366647212899006 -0.1004058098043076 -0.1448084114366014 0.2324771262130778
 0.04167134304116299 -0.08215760862699509 -0.1709817943135863 0.05109527817198718 0.08847835574359658 -0.02012875949466508 -0.006703316501886831 -0.09641592717062818 0.01351142107354542 -0.3175181404568079


# name: iter
# type: scalar
945


# name: c
# type: matrix
# rows: 1
# columns: 10
 0.4919683474624232 0.5142154984840165 0.4900480367650588 0.5533333133531768 0.6829047496875555 0.3270402619094158 0.2339962187998815 0.5541920513154687 0.3613562738203036 0.1451590489964764


# name: mean_corr
# type: matrix
# rows: 21
# columns: 1
 -0.2142946641322092
 -0.2012634822135525
 -0.1570756088570593
 -0.1374927624799217
 -0.1337928610861698
 -0.09004790794852718
 -0.07325235573460956
 0.05514538371719668
 0.08939269949218297
 0.1141016362882018
 0.129766847325729
 0.1316278017088217
 0.1363182071216799
 0.136369051828882
 0.1429023555027523
 0.1482387508924233
 0.1487730418366384
 0.1539712726334397
 0.2042749343977407
 0.206362668070438
 0.4354213800593777


# name: mean_error
# type: matrix
# rows: 21
# columns: 1
 1.506003925480684
 1.510605749186638
 1.488172921137081
 1.479131592803359
 1.475169850420664
 1.465347161611267
 1.452154150281494
 1.390174359386368
 1.383468847521844
 1.377831879832673
 1.367191629045334
 1.368101256244847
 1.343730997811082
 1.343383161913325
 1.343631308663703
 1.327503108408043
 1.327709441508985
 1.333877572543071
 1.31720700527079
 1.31678874237019
 1.240371493129881


# name: iter_improve
# type: matrix
# rows: 21
# columns: 1
 1
 31
 44
 67
 84
 101
 111
 124
 145
 172
 182
 183
 194
 200
 203
 212
 772
 857
 859
 882
 945


# name: optim_start
# type: scalar
945


# name: optim_steps
# type: scalar
21


# name: VPVP_params
# type: scalar struct
# ndims: 2
 1 1
# length: 8
# name: lambda
# type: scalar
300000000


# name: downsample
# type: scalar
10


# name: MaxIter_X
# type: scalar
200


# name: MaxIter
# type: scalar
50


# name: optTol_X
# type: scalar
1e-06


# name: progTol_X
# type: scalar
1e-10


# name: optTol_aW
# type: scalar
0.0001


# name: progTol_aW
# type: scalar
1e-07




