# Created by Octave 3.8.1, Tue Nov 28 19:56:13 2017 ART <gabrevaya@ws13.labo1>
# name: y_start
# type: matrix
# rows: 15
# columns: 1
 -1.16759031720964
 1.1650221292159
 0.6746667044048108
 1.503334774047195
 -1.400841254269724
 -0.2050369333543999
 -0.6483620809795048
 -1.658961387351342
 -0.05059105201061817
 0.264175501262681
 -1.305366858687331
 -0.8290080594783673
 0.01662946848205309
 0.1302206529577372
 0.9934493268278862


# name: alphas
# type: cell
# rows: 1
# columns: 3
# name: <cell-element>
# type: matrix
# rows: 15
# columns: 1
 0.4872419203863838
 0.5559448242964692
 0.5616743228713187
 0.3764377878122634
 0.5254552507041375
 0.5234533813812713
 0.4863150310524478
 0.5121036361157659
 0.5484399054042289
 0.5797678608047404
 0.4940611120949858
 0.4784365585155983
 0.5716815285377628
 0.5723699106877562
 0.5561097709500284



# name: <cell-element>
# type: matrix
# rows: 15
# columns: 1
 0.8513652939152587
 0.8366504181995305
 1.015396547671533
 1.292093278197391
 0.9193006257608031
 1.143078032458862
 1.053508631063552
 0.9528694347122032
 0.9649923438857801
 0.8804893974707103
 0.9309540043042499
 1.012455117180841
 1.139554513849866
 0.76150180020952
 0.9505750815059452



# name: <cell-element>
# type: matrix
# rows: 15
# columns: 1
 11.45676603676552
 11.36299889278313
 11.38376088898959
 11.33810016239314
 11.37259541333724
 11.3934093183957
 11.38526490011908
 11.38863702336088
 11.37703094080719
 11.33032833939049
 11.37106801781773
 11.38271109606593
 11.42751233750083
 11.35898738656199
 11.37132019472695





# name: W
# type: matrix
# rows: 15
# columns: 15
 -0.05052818083570815 0.05845792723305274 0.01783332256267884 0.223808892821545 -0.05659993136326909 0.1447317655211179 0.1107195992170573 -0.01748672771479609 0.00103068508340325 -0.102864364198537 -0.1259508880351376 0.1339973789498722 -0.1506862787446886 -0.04532000337515433 0.158253872820672
 0.01788102189019684 -0.02328436856046474 -0.101976104380048 -0.1177955061284064 0.1634902733216605 -0.1216926899961571 -0.08679112361000539 0.1357212708886609 -0.004578473710783555 0.09074696832219178 0.1990216317652132 -0.1199513708689741 0.1436699509533871 0.1285547623354229 -0.236529874925505
 0.07987650417156891 -0.09961821784473801 -0.01163773881828471 -0.1340875179946003 0.03079087231447322 -0.04487776239498407 -0.04336788700551122 0.01979305899579644 -0.009209933551911388 0.06249539010298783 0.0348782279443436 -0.02867467344292083 0.05295789978585002 -0.01939518071488703 -0.05020247724960415
 0.02674289744996787 -0.08307008443952803 0.002413471660640396 -0.2773699512456492 0.07382432136227998 -0.1497712396333824 -0.02435105143410488 0.05690490432370745 0.04898212583595308 0.1633788267019278 0.1309586606908028 -0.07550610637385452 0.2101837794902918 -0.00473134681291115 -0.1486877524120662
 -0.1875483705651933 0.2074709601173945 0.01426064198786651 0.05756513831848498 -0.02951726428415419 -0.01383298289519982 0.08441586795479368 -0.002675997508178804 0.0607805979465454 -0.0220297042950347 -0.03771652193733233 0.02194711206229439 0.06630027302847687 0.02937108158736458 0.04963216783411351
 -0.001620797977706735 -0.07143966164211024 -0.005050735146149937 -0.1280168440739885 0.004070889003094455 -0.08173609772491666 -0.09637147182904131 -0.04268525912958074 -0.0172026649402477 0.03099859090595339 0.08277520446456049 -0.09990126826010771 0.02710715774807728 0.04273807939608456 -0.09880921148062395
 0.0239085245313539 -0.1189282460613578 -0.008537118478666105 -0.2623543492266877 0.002940014495761872 -0.1531607340812982 -0.1975587646785355 -0.04734140629521802 -0.0184164134329827 0.1561345700150577 0.1153184756500434 -0.1812521556160371 0.1755679058320807 0.05567380720314521 -0.1754441893240097
 -0.1115676983841058 0.1631366883753238 -0.007668127951882332 0.1386968423321891 -0.02232885618016565 -0.02428090739792208 0.01304174677959558 -0.02404247653074805 0.04040456622152629 0.06405702099610136 0.005753242958309128 -0.03549279523340215 0.06714711515669852 0.007846774708332036 -0.04000837626992042
 0.03473972312462816 -0.03495946994492856 -0.01476942713474313 -0.04816453094738458 0.02377481729180363 -0.01860899576713127 -0.04004459390250811 0.0005333736542367929 -0.0370395763253988 0.05609028608417434 0.007713588230666716 -0.02130507648761334 0.06114020002034661 0.005532289469807201 -0.03431425245978684
 0.1152518035950805 -0.008889288664492484 0.02172098460514915 0.1141952205209609 -0.02459514397486382 0.1065600184239425 0.1293382044290714 0.04682094508006534 0.03098852256211265 -0.1212076039375063 -0.1024977116786845 0.1594357225694692 -0.1245361039456406 -0.1029194673236308 0.1751025315163959
 -0.1605588028470138 0.261142616467304 0.008700973468309062 0.2085228890734638 -0.07197507590083289 0.04434233179142073 0.1484090106620261 0.01329372542731314 0.0471686714690478 -0.06378092914396524 -0.2502276711101739 0.159660741469356 -0.0005933854054117064 -0.04104047014898814 0.3087787722213797
 -0.09869924878375604 -0.07662582799315311 0.008810577990617146 -0.1702521385495344 -0.01131573428419581 -0.0706161306870898 -0.1704537877069742 -0.08291154986509809 -0.04600512975141079 0.04923695415095096 0.1124956518335077 -0.2011754239465345 0.03841218521133758 0.1046790787949923 -0.1866326112158978
 0.07228357338205534 0.005345053105535446 0.03203152602996678 0.07975557713435684 -0.04995911789107185 0.05319066165357127 0.1173886490929128 0.03763949877212328 0.05976588729510492 -0.03029427554980543 -0.1363589006868602 0.1394570598733305 -0.03858697593495725 -0.1363579394085085 0.2055947979518663
 -0.1898887653791591 0.1962737180261713 -0.02341773919761066 0.08478026799316353 0.01298377469436993 0.007654851641429034 0.1284286816624794 0.0607267894777628 0.04282406572675536 -0.1053149088335622 -0.08271160945544101 0.1017085475563234 -0.0140429945763742 0.02564464678463935 0.1845167440571905
 -0.001616582911551875 -0.13474053035668 0.004644046559050494 -0.2176617389756811 0.07523803533060244 -0.05206893806721701 -0.1273816182800776 -0.02146024744013773 -0.04231495657183174 0.0864137347382444 0.1947607733587375 -0.1637958071852776 0.04039333753880158 0.06789479744594568 -0.3517453634327794


# name: iter
# type: scalar
61


# name: c
# type: matrix
# rows: 1
# columns: 15
 0.4080895961490693 0.4684152703903572 0.4240358226337873 0.3315117820357002 0.5029954382465637 0.3978876216965084 0.2649379062948099 0.5097488198899507 0.2904271093814147 0.4874280532807558 0.2167649121539308 0.08316735150526271 0.4195418157792287 0.465544713859242 0.2007711686246209


# name: mean_corr
# type: matrix
# rows: 5
# columns: 1
 -0.01613386581232298
 0.007252961542364936
 0.03132805137891751
 0.04101424018382929
 0.3647511587947468


# name: mean_error
# type: matrix
# rows: 5
# columns: 1
 1.42053824855429
 1.409446757947741
 1.397662423996441
 1.388489195693814
 1.270672764761909


# name: iter_improve
# type: matrix
# rows: 5
# columns: 1
 1
 26
 48
 49
 61


# name: optim_start
# type: scalar
61


# name: optim_steps
# type: scalar
5


# name: VPVP_params
# type: scalar struct
# ndims: 2
 1 1
# length: 8
# name: lambda
# type: scalar
300000000


# name: downsample
# type: scalar
10


# name: MaxIter_X
# type: scalar
200


# name: MaxIter
# type: scalar
50


# name: optTol_X
# type: scalar
1e-06


# name: progTol_X
# type: scalar
1e-10


# name: optTol_aW
# type: scalar
0.0001


# name: progTol_aW
# type: scalar
1e-07




