# Created by Octave 3.8.1, Sat Jan 06 20:46:46 2018 ART <gabrevaya@ws6.labo2>
# name: y_start
# type: matrix
# rows: 10
# columns: 1
 -0.9896748380962638
 -1.257534808550608
 -1.32978782598914
 0.5612973959279678
 0.3454862592318244
 -0.1212606291766587
 0.6855154959199905
 -0.2318134495234656
 0.1390027416858964
 -0.513183400807513


# name: alphas
# type: cell
# rows: 1
# columns: 3
# name: <cell-element>
# type: matrix
# rows: 10
# columns: 1
 0.1701268715536772
 0.6535058711604391
 0.3880176791267178
 0.9234173107056562
 0.5859590438226139
 0.476561721271552
 0.4199051238745826
 1.248563774181354
 0.612635980771403
 0.8813841788521276



# name: <cell-element>
# type: matrix
# rows: 10
# columns: 1
 0.8027598512825633
 0.927685085997444
 0.7319650693449103
 0.9632278165616299
 0.8066046505707301
 0.9106656782109266
 1.25967181309799
 0.5573038494928768
 1.172675609466538
 0.9342043295856329



# name: <cell-element>
# type: matrix
# rows: 10
# columns: 1
 11.2159201981787
 11.44702797865193
 11.29544467712373
 11.29734452591972
 11.16776070951778
 11.24545170308103
 11.58654802456885
 11.52380048779764
 11.35286304457218
 11.23188814480049





# name: W
# type: matrix
# rows: 10
# columns: 10
 0 0 0 0 0 0 0 0 0 0
 0 0 0 0 0 0 0 0 0 0
 0 0 0 0 0 0 0 0 0 0
 0 0 0 0 0 0 0 0 0 0
 0 0 0 0 0 0 0 0 0 0
 0 0 0 0 0 0 0 0 0 0
 0 0 0 0 0 0 0 0 0 0
 0 0 0 0 0 0 0 0 0 0
 0 0 0 0 0 0 0 0 0 0
 0 0 0 0 0 0 0 0 0 0


# name: iter
# type: scalar
945


# name: c
# type: matrix
# rows: 1
# columns: 10
 -0.2008845320183092 0.07044070937656034 0.2906564359978079 0.1069464946805693 0.5556326911296109 0.08586828813597946 0.03309606568880653 0.5219325359010644 0.0652500722532708 0.1204448629004188


# name: mean_corr
# type: matrix
# rows: 20
# columns: 1
 -0.2142946641322092
 -0.2012634822135525
 -0.1570756088570593
 -0.1374927624799217
 -0.1337928610861698
 -0.09004790794852718
 -0.07325235573460956
 0.05514538371719668
 0.08939269949218297
 0.1141016362882018
 0.129766847325729
 0.1316278017088217
 0.1363182071216799
 0.136369051828882
 0.1429023555027523
 0.1482387508924233
 0.1487730418366384
 0.1539712726334397
 0.2042749343977407
 0.206362668070438


# name: mean_error
# type: matrix
# rows: 20
# columns: 1
 1.506003925480684
 1.510605749186638
 1.488172921137081
 1.479131592803359
 1.475169850420664
 1.465347161611267
 1.452154150281494
 1.390174359386368
 1.383468847521844
 1.377831879832673
 1.367191629045334
 1.368101256244847
 1.343730997811082
 1.343383161913325
 1.343631308663703
 1.327503108408043
 1.327709441508985
 1.333877572543071
 1.31720700527079
 1.31678874237019


# name: iter_improve
# type: matrix
# rows: 20
# columns: 1
 1
 31
 44
 67
 84
 101
 111
 124
 145
 172
 182
 183
 194
 200
 203
 212
 772
 857
 859
 882


# name: optim_start
# type: scalar
945


# name: optim_steps
# type: matrix
# rows: 0
# columns: 0


# name: VPVP_params
# type: scalar struct
# ndims: 2
 1 1
# length: 8
# name: lambda
# type: scalar
300000000


# name: downsample
# type: scalar
10


# name: MaxIter_X
# type: scalar
200


# name: MaxIter
# type: scalar
50


# name: optTol_X
# type: scalar
1e-06


# name: progTol_X
# type: scalar
1e-10


# name: optTol_aW
# type: scalar
0.0001


# name: progTol_aW
# type: scalar
1e-07




