# Created by Octave 3.8.1, Sun Jan 07 17:28:24 2018 ART <gabrevaya@ws6.labo2>
# name: y_start
# type: matrix
# rows: 10
# columns: 1
 0.5991006448245296
 -2.272913484068489
 -2.036451796467966
 0.3835727746670287
 1.618565189851817
 0.3709270497088534
 -0.5595994236134492
 -0.7815475763057922
 -0.6126345326882511
 0.8425128183277782


# name: alphas
# type: cell
# rows: 1
# columns: 3
# name: <cell-element>
# type: matrix
# rows: 10
# columns: 1
 -0.2844652373524202
 0.7718408239190289
 -0.06186091455353403
 -0.01789092627983187
 1.26692315258834
 0.554787755683783
 0.2715460797165385
 1.112846508783373
 0.2768253933703448
 0.1575480107652904



# name: <cell-element>
# type: matrix
# rows: 10
# columns: 1
 0.6252001654500255
 1.00551990952547
 0.5854965971641605
 0.8066951659206255
 0.6865439056369065
 0.6703127136285422
 0.7328645690054539
 0.5188879208143581
 1.113139050456049
 0.8626798829199065



# name: <cell-element>
# type: matrix
# rows: 10
# columns: 1
 11.13873838175996
 11.99666827647145
 11.30619385187831
 10.85857679574261
 12.27432766158418
 10.8818375508741
 10.88314751451144
 11.64974008305161
 11.93381653505719
 10.93698533814063





# name: W
# type: matrix
# rows: 10
# columns: 10
 0.07005553137839998 -0.05384497569694698 0.1511575258326743 -0.09229399830176389 -0.007931594966901748 -0.008306159692307594 -0.1872953345277779 -0.445185736324737 -0.7997396002498167 0.382140584190696
 -0.07908788335156129 -0.2219374327896833 -0.0440160589791057 -0.006066969221236194 0.02059612686386285 0.05372004884632645 0.1045322810146028 -0.5138150000256708 0.4894759709905056 0.02220019730636132
 -0.0316681896610529 -0.08134870386508052 -0.2725725686963804 0.2683757152152082 0.1917810812865772 -0.002415847230546865 0.006072339560256749 0.4315083514492956 0.1935683959819771 -0.7531606239370967
 -0.3496478305383756 -0.03666347241756143 0.5377975614180013 0.008445009487697653 0.3066746806109223 0.005757041814157609 -0.07421953526064881 0.0369716659760125 -0.1197941255921793 -0.1491706089552492
 -0.00669618191335954 -0.1962756489575198 0.1856090862208417 0.1045550858525008 0.0213511929575425 -0.09611846749973148 0.03154606362166525 0.06208047066957703 -0.4722131133216665 -0.0446492632776515
 -0.04024092300834434 -0.2050856448275398 -0.0133724307429448 0.1228981579992712 -0.1259063579052949 -0.09821157137558524 -0.06535788962049194 -0.1059103875234104 -0.1140758160346307 -0.01582317122446219
 0.2223284053594674 0.01837906559688397 -0.007961787614801947 -0.009777504302945732 -0.03156777883942049 0.1055678105937867 -0.3032523103419216 -0.1001407492849839 -0.3485346168372952 0.333133961670269
 0.1359451940570567 0.08800853743320726 0.01774881675915794 -0.01981388095611408 -0.3310237227773897 -0.0882895669460433 -0.1774606412144429 -0.1989221033597625 -0.2277097321739288 0.2296354066543333
 0.1842863789461868 -0.03911100085385204 -0.05367425914195121 -0.117014161790293 -0.03340791537529654 0.09757202825334547 -0.09885389566893983 -0.3604052376445062 0.02520077234272567 0.3249649988916775
 0.1582365422103001 -0.1185452114740944 -0.6330469296870493 -0.01629578129685638 -0.09822739593201597 -0.05679406255967134 0.162832198913695 0.01673401252998894 0.05817111990889347 -0.8759881058962889


# name: iter
# type: scalar
200000


# name: c
# type: matrix
# rows: 1
# columns: 10
 NaN NaN NaN NaN NaN NaN NaN NaN NaN NaN


# name: mean_corr
# type: matrix
# rows: 622
# columns: 1
 -0.2142946641322092
 -0.2012634822135525
 -0.1570756088570593
 -0.1374927624799217
 -0.1337928610861698
 -0.09004790794852718
 -0.07325235573460956
 0.05514538371719668
 0.08939269949218297
 0.1141016362882018
 0.129766847325729
 0.1316278017088217
 0.1363182071216799
 0.136369051828882
 0.1429023555027523
 0.1482387508924233
 0.1487730418366384
 0.1539712726334397
 0.2042749343977407
 0.206362668070438
 0.4354213800593777
 0.4042421501101299
 0.3992271054306782
 0.3726561813286202
 0.3700549484658094
 0.362916380808045
 0.362835911057232
 0.3489622514770314
 0.3484091308725564
 0.3471589998106479
 0.4715040644180246
 0.4275412679558192
 0.4173763113010129
 0.4168712066213615
 0.4165702446617504
 0.4067109284080542
 0.3959522430699671
 0.397642944726931
 0.400516601242331
 0.3986392657299307
 0.3971901010435973
 0.3920366344831662
 0.3910831547267016
 0.4020636405182875
 0.4017106264142696
 0.39217474993523
 0.3916026891876497
 0.3910363753127019
 0.3872058774480066
 0.3866891174852809
 0.3862657470909087
 0.3841739399545239
 0.3845295333663753
 0.3831597062787611
 0.383283307899739
 0.3779613062379882
 0.3780847564664828
 0.3749053448618241
 0.3759479884118056
 0.3762938050156138
 0.3749505917044437
 0.3772077019875414
 0.3746168387399414
 0.3739939752479134
 0.3742771096813975
 0.3631673274090791
 0.3605174777834028
 0.3562505031420786
 0.3568754593030606
 0.3576301476805128
 0.3611114446299554
 0.3627616512576296
 0.3552094244497683
 0.5006209235128154
 0.4992529392600417
 0.4975795752787525
 0.4777513723923661
 0.4807710900590706
 0.4808078112653537
 0.4683607361348209
 0.4683306379610239
 0.4649728295596085
 0.4592803820085436
 0.463485856534296
 0.4605113440404777
 0.4593499255864311
 0.4571802122593153
 0.4670962689865388
 0.4662057881957765
 0.4630979594708148
 0.4435878710929452
 0.4435703455783263
 0.4438734902520407
 0.4386762501764439
 0.4362541479274194
 0.4362972008147847
 0.4318519438328983
 0.4297024426587183
 0.4313799304307297
 0.4350746054227468
 0.4316719339565308
 0.43327056726074
 0.4316246943947276
 0.4342219120997858
 0.413592577142615
 0.4099904524326791
 0.4038853403639466
 0.4036324328196378
 0.390036851439013
 0.4899779646597421
 0.4913082348279306
 0.4761832205576811
 0.4773717479848771
 0.4784430265573893
 0.4791415256577704
 0.4657815994883516
 0.4722117015284086
 0.4695641460457754
 0.4511129140761985
 0.4508087467444771
 0.4444688313884832
 0.4456342054291516
 0.4428061396898351
 0.4414724007305399
 0.4380939570695485
 0.4350941672734511
 0.4366536916928571
 0.4350207989306694
 0.4363203270406576
 0.4345271690625439
 0.4334537773502771
 0.4388261677945312
 0.435620551469545
 0.4381779425214941
 0.4386327042804457
 0.4440706295299094
 0.4374714388692019
 0.430803156750859
 0.424350693797574
 0.4224247156043285
 0.4209141913108739
 0.4199379244676932
 0.4906637874752303
 0.4909521963031235
 0.4641141489323998
 0.4641986610322892
 0.4613883890211439
 0.4596951464547799
 0.4653317720352024
 0.4662733058361995
 0.4642207047983195
 0.4646956853842258
 0.4580602581719546
 0.4502803105977348
 0.4496054717083294
 0.4446983105913699
 0.4284721745017171
 0.4299295240999695
 0.4296821177854097
 0.4503291171875931
 0.4446510891841732
 0.4480700965296252
 0.4495589433888909
 0.4368623564190706
 0.4370903277763115
 0.4367635605320367
 0.4376420994273236
 0.4350757378067194
 0.4306314341771403
 0.447777477576469
 0.4466688900439335
 0.4506528932621706
 0.4484513575853506
 0.4422853699172368
 0.4298308150439654
 0.4161790705370955
 0.4092961713168347
 0.4372502329748239
 0.4289273346994419
 0.4286287499371258
 0.43205841437162
 0.4183150938428931
 0.4122170489749918
 0.4106588201001468
 0.4087596636938438
 0.4127125291385371
 0.4068513797007419
 0.4141363996991765
 0.4135737518026996
 0.4069533960086059
 0.5066549967917825
 0.5054115485626476
 0.5068110836109809
 0.5014073949676899
 0.4992188737078648
 0.4892756688922298
 0.4856043421481318
 0.4874837996585483
 0.4636527767939304
 0.4614444160464414
 0.4591886414339942
 0.4595069538103164
 0.4500957361404307
 0.4529755611016661
 0.4505466199337918
 0.4646739035817443
 0.4608865431257838
 0.4588941266300147
 0.4527559929988011
 0.4542694618164834
 0.4498699885976674
 0.4454574938945951
 0.4543543994341741
 0.4528476778403648
 0.4494654949967716
 0.4366694949986799
 0.4344771861703443
 0.4389855699722677
 0.4446273870509768
 0.4274897449357762
 0.4277531298866517
 0.4282496737044498
 0.4235314240767916
 0.4102550193385424
 0.419775333322389
 0.422114266437829
 0.4153209613029569
 0.4096583944346204
 0.4147984768074858
