# Created by Octave 3.8.1, Thu Nov 30 11:47:37 2017 ART <gabrevaya@ws13.labo1>
# name: y_start
# type: matrix
# rows: 15
# columns: 1
 -1.008923971517271
 1.073010307163509
 1.10016026448664
 1.131830556662403
 -1.49293745384819
 -0.8431244979552669
 -0.5045237031040107
 -2.624653700361114
 -0.4853732779253038
 1.027979238217405
 -1.484904521850197
 1.440638605632318
 -0.4103093908175069
 -0.7986123257121308
 -0.1054003176784472


# name: alphas
# type: cell
# rows: 1
# columns: 3
# name: <cell-element>
# type: matrix
# rows: 15
# columns: 1
 -0.171415542993468
 0.1026151880259579
 1.309417730429106
 0.6053362142933982
 0.2064595042190326
 0.6267598565436647
 0.9802822106426755
 0.2774301339303608
 1.285999541606412
 1.301753476240647
 1.522747526126297
 0.1762251008197026
 0.7325401757117532
 0.4329526202274507
 -0.1553927748671821



# name: <cell-element>
# type: matrix
# rows: 15
# columns: 1
 0.610386116737293
 0.5021506968851128
 0.9588732036506014
 1.255250443086518
 0.3902915502020369
 1.414561544000788
 1.237735427643094
 1.143508862893388
 0.2297504155859557
 0.7393941134760651
 0.5091126946517024
 2.271023664161214
 1.297067399140947
 0.61994580017514
 0.2049161628311063



# name: <cell-element>
# type: matrix
# rows: 15
# columns: 1
 10.58083999316446
 11.16208074537683
 11.45562147569487
 11.46958169020311
 13.10217873658946
 11.41200482139329
 12.14850550228856
 11.28648604611915
 10.33025666696395
 11.22292839053668
 12.30389003009475
 12.16840606771929
 13.09172013942979
 11.12961023411208
 11.66219439013718





# name: W
# type: matrix
# rows: 15
# columns: 15
 0.3009670604216892 -0.02724805706710751 -0.3030655795220918 1.369580947072445 0.1173745023588011 0.4668599977339387 0.03979410286463597 0.07898172636610903 0.2154638371731009 0.01952131126035633 -0.3532199452152796 0.4682052641739002 -0.693308212654238 -0.06826260372979331 0.383919851929168
 -0.3912466661065677 0.4224566374632562 -0.2188370798726184 -0.8421049350573657 0.12128051546171 -0.5764225631045329 -0.6208901509856228 0.07676783476985437 0.07924526000970435 0.06823995612005948 0.1630251577513712 -0.4520301522583444 0.3042289236828774 0.3695240415827196 -0.2378517520306727
 0.06905598334128409 -0.1138303242575475 -0.06048855409702326 -0.3457438515953642 0.2447039092455425 0.1345028377874542 0.2338873831189412 0.05077046858996931 0.1246316877695792 0.3394005323137361 0.03464313600004314 -0.05674748318750769 -0.00525469498243428 -0.07796930895964922 -0.4128008474173864
 -0.1357777650527112 0.05255021520233025 0.148061071398636 0.04331766462083273 0.2232926544835332 -0.1424086934399231 0.5193725760878486 0.4366799893065791 0.2910121255258122 0.2709171368170956 0.2974984022601672 -0.02505307974661639 0.6292390110826225 -0.05964135608940267 -0.05992048269272117
 -0.5373637015680158 0.5449557180647864 -0.1643139633961371 0.1498669649168578 -0.171848922840282 0.2695106300902823 0.5497907199452591 0.1104454746414157 0.580014653212257 -0.2393342890448907 -0.1150828042131747 -0.07589171229570076 0.01045376883708428 0.2039163915484547 -0.169793793122653
 0.08895984608869779 0.260571159654197 -0.2927450398127787 0.0191031415314131 0.1428503780700223 -0.2391786500736933 -0.164138247119596 0.2605328611536158 -0.04194962920443292 -0.06184691378372802 -0.1398427547479277 0.05823410106633207 -0.1081548762391003 0.03994179876093325 0.1148111647823421
 -0.03858588870862456 -0.1788963322646165 -0.05014796506681152 -0.6254649809744901 0.02862747846014997 -0.09143008946017005 -0.2136164121063917 0.003387559870772663 -0.1543131867739742 0.4394324605210702 0.4187629742416056 -0.1622248909853941 0.05136244656042026 0.2438118638079632 -0.374652379292254
 -0.01757125869507687 0.3431330722866126 -0.4127595920727681 0.5738531764928055 -0.03278694478044902 -0.3106329484818571 -0.3359095243681463 0.2224606327661589 0.1025077631293524 0.5467046830181154 -0.4929778583537114 -0.08281683833775044 0.08333797041536159 -0.5092196255082987 0.08633674823570843
 0.08924268113364053 -0.2815274835158929 -0.1810475755394255 -0.03675450930091835 0.07644345635031444 0.2233552157160151 0.251419339630653 0.7363086431644869 -0.2751985366356017 -0.4170203526099261 0.3347783417475875 -0.09996190281144185 0.1988269445401321 -0.09903276901233404 -0.1378352443839375
 0.1882193178486589 0.04221182636795062 -0.04974773289797775 0.5532479928679718 0.01614038874235463 0.1660891142499397 0.08225104080386066 0.1170331815109602 0.2476403454096725 -0.3321458117575556 -0.02390908161755616 0.3117083362536249 -0.2441758036844452 0.04226482205654872 0.3279913714308482
 0.05352642878358892 0.1323209439176906 -0.1235591636746077 0.1098208248538999 -0.02327466707633629 0.338280181445014 0.4873058508445747 0.09362388633621845 0.1633577236656556 -0.3400860254112102 -0.4100146237707992 0.1402527219226077 -0.1069446935158952 0.09151110304675765 0.02050112852667745
 -0.07336635669343866 -0.1165508222355349 0.08218989588822256 -0.1402234298108333 -0.002917613063515301 -0.1493452712145903 -0.2985815735861426 -0.2043514676076792 -0.121456858021225 0.05390641256984867 0.1256453187149513 -0.3571845490774693 0.1279076208865411 0.09232643475894584 -0.2202161966166653
 0.2920944475156583 0.03974524610886105 0.02857262294153743 0.0557371253229837 -0.2852570643184849 0.3153644206661367 0.5192120690620532 -0.1889036365690671 0.2761115786096348 -0.04781986484024171 -0.4484229899389344 0.4375459235736249 0.004472804642015293 -0.2007059241504736 0.5484650625520041
 -0.6390387436307701 0.2443302527627435 0.08900116168454041 -0.2629843484854949 -0.04918997030149675 0.3916513122376292 0.7282461062416989 0.004935305249837764 0.4246959656676315 -0.474706604641686 0.1922320361976498 0.04508190272647238 -0.007982216745038523 0.277796220763154 -0.1579773745604678
 -0.1714981596242382 0.09107614250822353 0.2275860293353512 -0.3674571559477364 0.1936131270746043 -0.2287042679511587 0.08553384398387955 0.07995777529292385 0.1008152436626858 0.5627093814154994 0.2316320634429042 -0.1444914856319951 0.5324801495129551 -0.2228182313718623 -0.5087428266974093


# name: iter
# type: scalar
100000


# name: c
# type: matrix
# rows: 1
# columns: 15
 0.7793604942040556 0.7852023144737464 0.2210196014678173 0.5375642747262914 0.7842900063429392 0.423769794551818 0.469244681513049 0.717282407573413 0.6861982536550369 0.4676871369071738 0.6708196422342214 0.4524988288125105 0.5104986924242904 0.7617234612331628 0.8150811425851803


