# Created by Octave 3.8.1, Tue Nov 28 19:52:39 2017 ART <gabrevaya@ws13.labo1>
# name: y_start
# type: matrix
# rows: 15
# columns: 1
 -1.167590329805338
 1.16502213215971
 0.6746667153339786
 1.503334776038756
 -1.40084125589492
 -0.2050369320777343
 -0.6483620821303084
 -1.658961408366299
 -0.05059105543841293
 0.2641755040054652
 -1.305366854480958
 -0.8290080630500305
 0.01662946521846701
 0.1302207028548322
 0.9934493256339807


# name: alphas
# type: cell
# rows: 1
# columns: 3
# name: <cell-element>
# type: matrix
# rows: 15
# columns: 1
 0.5190457770584344
 0.578
 0.578
 0.5207489321380647
 0.578
 0.578
 0.578
 0.578
 0.578
 0.6511656259233023
 0.578
 0.578
 0.5980360489810644
 0.578
 0.578



# name: <cell-element>
# type: matrix
# rows: 15
# columns: 1
 0.8812938218012443
 1
 1
 1.102349970274853
 1
 1
 1
 1
 1
 1.097826567983737
 1
 1
 1.134734603708405
 1
 1



# name: <cell-element>
# type: matrix
# rows: 15
# columns: 1
 11.46029117724923
 11.38
 11.38
 11.31325743455516
 11.38
 11.38
 11.38
 11.38
 11.38
 11.34808581470898
 11.38
 11.38
 11.42787667195131
 11.38
 11.38





# name: W
# type: matrix
# rows: 15
# columns: 15
 0 0 0 0 0 0 0 0 0 0 0 0 0 0 0
 0 0 0 0 0 0 0 0 0 0 0 0 0 0 0
 0 0 0 0 0 0 0 0 0 0 0 0 0 0 0
 0 0 0 0 0 0 0 0 0 0 0 0 0 0 0
 0 0 0 0 0 0 0 0 0 0 0 0 0 0 0
 0 0 0 0 0 0 0 0 0 0 0 0 0 0 0
 0 0 0 0 0 0 0 0 0 0 0 0 0 0 0
 0 0 0 0 0 0 0 0 0 0 0 0 0 0 0
 0 0 0 0 0 0 0 0 0 0 0 0 0 0 0
 0 0 0 0 0 0 0 0 0 0 0 0 0 0 0
 0 0 0 0 0 0 0 0 0 0 0 0 0 0 0
 0 0 0 0 0 0 0 0 0 0 0 0 0 0 0
 0 0 0 0 0 0 0 0 0 0 0 0 0 0 0
 0 0 0 0 0 0 0 0 0 0 0 0 0 0 0
 0 0 0 0 0 0 0 0 0 0 0 0 0 0 0


# name: iter
# type: scalar
61


# name: c
# type: matrix
# rows: 1
# columns: 15
 -0.100206893696436 -0.3435854386702147 0.294543580203374 0.07290591953742016 0.3129403586876897 -0.2181469302499061 -0.01602709149193003 0.4192596747706072 0.2311565628018892 -0.2458104587546323 -0.03149338416435463 0.05928301134369439 -0.07048999503290007 0.1561016816510889 0.06215780371399356


# name: mean_corr
# type: matrix
# rows: 4
# columns: 1
 -0.01613386581232298
 0.007252961542364936
 0.03132805137891751
 0.04101424018382929


# name: mean_error
# type: matrix
# rows: 4
# columns: 1
 1.42053824855429
 1.409446757947741
 1.397662423996441
 1.388489195693814


# name: iter_improve
# type: matrix
# rows: 4
# columns: 1
 1
 26
 48
 49


# name: optim_start
# type: scalar
61


# name: optim_steps
# type: matrix
# rows: 0
# columns: 0


# name: VPVP_params
# type: scalar struct
# ndims: 2
 1 1
# length: 8
# name: lambda
# type: scalar
300000000


# name: downsample
# type: scalar
10


# name: MaxIter_X
# type: scalar
200


# name: MaxIter
# type: scalar
50


# name: optTol_X
# type: scalar
1e-06


# name: progTol_X
# type: scalar
1e-10


# name: optTol_aW
# type: scalar
0.0001


# name: progTol_aW
# type: scalar
1e-07




