# Created by Octave 3.8.1, Tue Nov 28 20:02:30 2017 ART <gabrevaya@ws13.labo1>
# name: y_start
# type: matrix
# rows: 15
# columns: 1
 -1.122318918658029
 1.352846707653018
 0.1595864364307686
 0.1543352969707019
 -0.05425396520568841
 -2.0710138598316
 0.8400201503231132
 -0.1697548350629664
 1.212513887315906
 1.090267468288924
 -0.3239533622621896
 -0.06412073969454209
 0.7685893756967007
 0.1314909894836962
 0.3944484009227562


# name: alphas
# type: cell
# rows: 1
# columns: 3
# name: <cell-element>
# type: matrix
# rows: 15
# columns: 1
 0.4102251084798023
 0.4964498536818533
 0.5360185573739499
 0.4390066218180123
 0.550915072565343
 0.3559269277348133
 0.6503346104890994
 0.6032584177900108
 0.3002767450293567
 0.6074787712406428
 0.5411047102172409
 0.6425520121267809
 0.6413945989015495
 0.7672461862145412
 0.5177086566361925



# name: <cell-element>
# type: matrix
# rows: 15
# columns: 1
 0.8281101832478981
 0.7831259928770335
 1.065890557661058
 1.139524378129288
 0.7998531702661912
 1.08456068804044
 1.110364901662968
 0.9493067032675633
 0.9652262869116874
 1.121106507256765
 0.8442208532130956
 1.084144759184942
 0.7822914938441101
 0.7174202019484502
 0.9357994688992457



# name: <cell-element>
# type: matrix
# rows: 15
# columns: 1
 11.18422509329745
 11.42218111594856
 11.2066440218381
 11.3697078276265
 11.32224915033783
 11.48884618794622
 11.23406187090878
 11.45165106924386
 11.29860913740763
 11.36941280192962
 11.42694711037121
 11.17875287438329
 11.5222111632346
 11.28708675329501
 11.33069831447536





# name: W
# type: matrix
# rows: 15
# columns: 15
 -0.05091033528188909 0.05027476980707223 0.001456614508088335 0.1133277066661624 -0.03231518535153747 0.04214182527582157 0.06137256540188214 -0.01339696668456293 0.01790264046877018 -0.09499479671946884 -0.0680432236046187 0.0608952809109045 -0.03760411309844541 -0.05986673210773691 0.09345186846205145
 0.02797705165273857 -0.04337272033870621 -0.07036842992685022 -0.004982262313515766 0.1035759659006999 -0.001203500496361674 -0.01075511028620188 0.1006975375565841 -0.02775603507227823 0.08111280998309249 0.1197599012820083 -0.01230342938599462 0.03667808912258151 0.08432285163586073 -0.1538232064247315
 0.03457465051499941 -0.04188619288462809 0.02077270161616493 -0.09096091329968796 -0.02102060299587779 -0.05890252151769128 -0.04324429551240663 -0.02426349527037244 0.01433354358635762 0.06116540353936534 0.01175003005283887 -0.04881360669381152 0.05180766578866779 -0.03057252553024415 -0.02170502374736159
 0.01472228725006576 -0.007686486135621517 0.00157560094389074 -0.1717952170299575 0.0549614933322783 -0.07322576582712469 -0.09414652038649332 0.03565941301341716 -0.003122605686562454 0.1171343455613486 0.1091438397891793 -0.1134284519035611 0.1093011932078483 0.004996830983684752 -0.1481945184865451
 -0.1220609293561734 0.1626856773952519 -0.03636248200104477 0.07810271239337453 0.05903758080986036 0.04111473735474144 0.05744818064640964 0.07463141331310751 0.0007235776961205056 -0.0126084690714251 5.663335357601954e-05 0.04591301572409612 -0.05928391678145053 0.03884280797926699 0.004095352467316262
 -0.04832450287970188 0.05327857297552253 0.01170921271671047 -0.1085508148281954 -0.0154576248189417 -0.1158896873077038 -0.05096236000581757 -0.04402205917045227 0.02799511244195539 0.1067492853577393 0.000196025527617488 -0.07143659460724491 -0.02589941048969799 0.003778541315159466 -0.009049747705153578
 0.04330651437106657 -0.07045887736157719 -0.007366041841311923 -0.189311547417723 0.04060325522816494 -0.05806375244692989 -0.1757547890396529 -0.008112036290465105 -0.03279620716936507 0.07629778055633306 0.1384394961353408 -0.174771586261839 0.07909583872516497 0.02565324425760299 -0.1984552249818127
 -0.01391962889318679 0.02071479718683974 -0.05924562661763928 0.09137692278599635 0.07473031154284407 0.02688892617490516 0.05092025015750969 0.09905513794174928 0.006391851147285967 -0.01361031788016925 0.05605061474212034 0.03791868389670659 0.09096426738215202 -0.01347626570565124 -0.08552507778637411
 0.09337444666800312 -0.124208036510352 -0.007827902126804733 0.006796481095317996 0.01082499814259856 0.05307875625142684 -0.003568216482389603 0.01729516492539708 -0.03229982836062568 -0.02145962945182566 0.03672041029361846 0.01341257067626539 0.06755770299002296 -0.005630345658666561 -0.04054946101271912
 0.09376378293109613 -0.1293820397049616 0.03311259683668231 0.1200322294263469 -0.07089295141718475 0.1694850567526606 0.04141410740574809 -0.04315088152380077 -0.04121769423904405 -0.2196609229908668 -0.09236506032462907 0.09374858750392841 -0.0518395936958089 -0.03208339528389426 0.1413998614037735
 -0.1341556851067257 0.2048580742295441 0.003580850513434812 0.1427149656800576 -0.02326926891372841 0.007877532774561935 0.1635265502043585 0.0281544021730385 0.05182725286060579 0.01968520700644371 -0.1721649724125092 0.1524253513089856 -0.1409046225010821 0.01048931786571808 0.2095371384948658
 -0.06035776638856737 0.04497550247046969 0.01579086083832474 -0.1707364282597033 0.01547988695875093 -0.05611521701300595 -0.1722415718292744 -0.06267084884902746 -0.02747758155817476 -0.0004105816837358149 0.09386638276187148 -0.1970912623984503 -0.006808367582180035 0.06333294295985553 -0.1547564079141556
 -0.0125258150638805 0.03102606328020493 -0.01158322376622842 0.1254045586154922 -0.009908688691202004 0.04464708516552606 0.1168157765991331 0.04123919321572672 0.02123625991270916 -0.01005207577232834 -0.08410278732648815 0.1188381115652521 -0.05626692956188747 -0.01992461148887463 0.121128300019778
 -0.09943645098093926 0.1563393314525469 -0.01958421510006804 0.08458283327230207 0.02698823682581851 0.06732442314652103 0.06249655897527581 0.01989263921445115 -0.01522534059203743 -0.03683718408278235 -0.05766637628413056 0.07460196289747666 -0.1696704151749152 -0.05361996253203635 0.1160341568470538
 0.03944994108934701 -0.07685404654458283 -0.003220113675753415 -0.1472937537499476 0.04790952333741919 -0.01023342392543205 -0.1633793084825693 0.001936598592564478 -0.04233003598436772 -0.009411033712816961 0.1494065299362428 -0.1729641970820717 0.1290549417957917 0.02720535998779818 -0.2395637538238193


# name: iter
# type: scalar
975


# name: c
# type: matrix
# rows: 1
# columns: 15
 0.3396523580455864 0.4065639677451328 0.4590072101894263 0.2976736428160327 0.5057403134711262 0.379640206904486 0.1039674311721891 0.6732711808187672 0.3135585970557594 0.2188429162080245 0.1793896300559898 0.07906044605149849 0.3887890199096083 0.5091870128745816 0.189591179055828


# name: mean_corr
# type: matrix
# rows: 17
# columns: 1
 -0.008554510224093958
 -0.0309089830780911
 -0.02939593576286155
 -0.02741792417778154
 -0.007520011205598779
 0.04081864678584224
 0.07520933324993133
 0.07962670908352018
 0.08281032365545486
 0.08261289698250059
 0.09853295418781483
 0.1014339096415375
 0.1062593358493326
 0.1122384972855515
 0.1309569323191026
 0.1313166165599737
 0.3362623408249358


# name: mean_error
# type: matrix
# rows: 17
# columns: 1
 1.454391459273505
 1.433128140336332
 1.43162058128649
 1.429183581935399
 1.418505923527561
 1.401875857573921
 1.390840228324129
 1.388649917483888
 1.384115109057275
 1.380148505403064
 1.37705678408828
 1.36703903780999
 1.362672737866631
 1.359441537209442
 1.348770068490716
 1.347597704378444
 1.318852031715374


# name: iter_improve
# type: matrix
# rows: 17
# columns: 1
 1
 62
 73
 86
 108
 130
 152
 183
 221
 251
 329
 330
 332
 335
 359
 793
 975


# name: optim_start
# type: scalar
975


# name: optim_steps
# type: scalar
17


# name: VPVP_params
# type: scalar struct
# ndims: 2
 1 1
# length: 8
# name: lambda
# type: scalar
300000000


# name: downsample
# type: scalar
10


# name: MaxIter_X
# type: scalar
200


# name: MaxIter
# type: scalar
50


# name: optTol_X
# type: scalar
1e-06


# name: progTol_X
# type: scalar
1e-10


# name: optTol_aW
# type: scalar
0.0001


# name: progTol_aW
# type: scalar
1e-07




