# Created by Octave 3.8.1, Tue Nov 28 19:54:30 2017 ART <gabrevaya@ws13.labo1>
# name: y_start
# type: matrix
# rows: 15
# columns: 1
 -1.122318933032023
 1.352846718370223
 0.1595864462390231
 0.1543353027523919
 -0.05425394970366826
 -2.071013864389774
 0.8400201566716101
 -0.1697548526596535
 1.212513888836267
 1.090267481288177
 -0.323953353169693
 -0.06412074409654839
 0.7685893697482212
 0.131491049563277
 0.3944483981611808


# name: alphas
# type: cell
# rows: 1
# columns: 3
# name: <cell-element>
# type: matrix
# rows: 15
# columns: 1
 0.4549252394951587
 0.5473991456503311
 0.523621706874672
 0.5317079369043555
 0.5400036104356618
 0.4318006399687918
 0.7318496666599266
 0.5523300963966934
 0.3292834023320166
 0.7348904469906227
 0.6078832111989444
 0.7433623302551191
 0.6797408202608158
 0.8230871516585015
 0.5156224021476931



# name: <cell-element>
# type: matrix
# rows: 15
# columns: 1
 0.7699205974057916
 0.7941628620966762
 1.034264848720962
 1.045527992561551
 0.867336409036679
 1.023431937403728
 1.092207658516574
 0.9287861656832281
 0.9575758624312267
 1.212474260279684
 0.9189660505796224
 1.103808601001893
 0.8198166519680151
 0.6106734256329273
 0.9515767081088393



# name: <cell-element>
# type: matrix
# rows: 15
# columns: 1
 11.17689310628272
 11.44447034838615
 11.20440101314449
 11.3598365993018
 11.32679725261206
 11.47852057224424
 11.23055751884841
 11.44870659137514
 11.29553018372389
 11.37446885761416
 11.43402072964224
 11.18093889747291
 11.52549218266489
 11.28140380934574
 11.33285331106373





# name: W
# type: matrix
# rows: 15
# columns: 15
 0 0 0 0 0 0 0 0 0 0 0 0 0 0 0
 0 0 0 0 0 0 0 0 0 0 0 0 0 0 0
 0 0 0 0 0 0 0 0 0 0 0 0 0 0 0
 0 0 0 0 0 0 0 0 0 0 0 0 0 0 0
 0 0 0 0 0 0 0 0 0 0 0 0 0 0 0
 0 0 0 0 0 0 0 0 0 0 0 0 0 0 0
 0 0 0 0 0 0 0 0 0 0 0 0 0 0 0
 0 0 0 0 0 0 0 0 0 0 0 0 0 0 0
 0 0 0 0 0 0 0 0 0 0 0 0 0 0 0
 0 0 0 0 0 0 0 0 0 0 0 0 0 0 0
 0 0 0 0 0 0 0 0 0 0 0 0 0 0 0
 0 0 0 0 0 0 0 0 0 0 0 0 0 0 0
 0 0 0 0 0 0 0 0 0 0 0 0 0 0 0
 0 0 0 0 0 0 0 0 0 0 0 0 0 0 0
 0 0 0 0 0 0 0 0 0 0 0 0 0 0 0


# name: iter
# type: scalar
975


# name: c
# type: matrix
# rows: 1
# columns: 15
 0.2580828020192981 0.1762466654142895 0.1437898302841124 0.1732917092014374 0.2607713220535071 0.113334508219988 -0.007597054935624312 0.2288115916707746 0.007697605331229059 0.00997360637386038 -0.02475024900041955 0.07300423663647528 0.1341527439165167 0.4423095957045262 0.1228322952412376


# name: mean_corr
# type: matrix
# rows: 16
# columns: 1
 -0.008554510224093958
 -0.0309089830780911
 -0.02939593576286155
 -0.02741792417778154
 -0.007520011205598779
 0.04081864678584224
 0.07520933324993133
 0.07962670908352018
 0.08281032365545486
 0.08261289698250059
 0.09853295418781483
 0.1014339096415375
 0.1062593358493326
 0.1122384972855515
 0.1309569323191026
 0.1313166165599737


# name: mean_error
# type: matrix
# rows: 16
# columns: 1
 1.454391459273505
 1.433128140336332
 1.43162058128649
 1.429183581935399
 1.418505923527561
 1.401875857573921
 1.390840228324129
 1.388649917483888
 1.384115109057275
 1.380148505403064
 1.37705678408828
 1.36703903780999
 1.362672737866631
 1.359441537209442
 1.348770068490716
 1.347597704378444


# name: iter_improve
# type: matrix
# rows: 16
# columns: 1
 1
 62
 73
 86
 108
 130
 152
 183
 221
 251
 329
 330
 332
 335
 359
 793


# name: optim_start
# type: scalar
975


# name: optim_steps
# type: matrix
# rows: 0
# columns: 0


# name: VPVP_params
# type: scalar struct
# ndims: 2
 1 1
# length: 8
# name: lambda
# type: scalar
300000000


# name: downsample
# type: scalar
10


# name: MaxIter_X
# type: scalar
200


# name: MaxIter
# type: scalar
50


# name: optTol_X
# type: scalar
1e-06


# name: progTol_X
# type: scalar
1e-10


# name: optTol_aW
# type: scalar
0.0001


# name: progTol_aW
# type: scalar
1e-07




