# Created by Octave 3.8.1, Sat Jan 06 20:36:32 2018 ART <gabrevaya@ws4.labo2>
# name: y_start
# type: matrix
# rows: 10
# columns: 1
 -0.7053939488415972
 -1.793363877609137
 0.8118514975419058
 1.609220021570501
 0.005388785293895332
 0.3763792537308026
 0.4079525729652175
 0.2065266760496969
 -1.374371444908931
 1.381880985079856


# name: alphas
# type: cell
# rows: 1
# columns: 3
# name: <cell-element>
# type: matrix
# rows: 10
# columns: 1
 0.8262361633623521
 0.5296550676099823
 0.8748709168468611
 0.5783118733181383
 0.4281456092976707
 0.6613334888084106
 0.7798575498471773
 0.8707091865720302
 0.5125220352619924
 0.4507458139793681



# name: <cell-element>
# type: matrix
# rows: 10
# columns: 1
 1.348593072661225
 0.8748800627421239
 0.7502807577925554
 0.8478231539634455
 1.058023859223811
 0.9872117148618968
 0.804735749245839
 0.907015563953003
 0.8782780304237572
 1.014367703176502



# name: <cell-element>
# type: matrix
# rows: 10
# columns: 1
 11.30381598949979
 11.245725664525
 11.2602890425981
 11.20122621337928
 11.4587942587635
 11.39329077978728
 11.38737474055578
 11.51658494395233
 11.41608779771612
 11.39960095036291





# name: W
# type: matrix
# rows: 10
# columns: 10
 0 0 0 0 0 0 0 0 0 0
 0 0 0 0 0 0 0 0 0 0
 0 0 0 0 0 0 0 0 0 0
 0 0 0 0 0 0 0 0 0 0
 0 0 0 0 0 0 0 0 0 0
 0 0 0 0 0 0 0 0 0 0
 0 0 0 0 0 0 0 0 0 0
 0 0 0 0 0 0 0 0 0 0
 0 0 0 0 0 0 0 0 0 0
 0 0 0 0 0 0 0 0 0 0


# name: iter
# type: scalar
157


# name: c
# type: matrix
# rows: 1
# columns: 10
 0.0712329603003518 0.2451854650377525 0.3071433595920153 0.2607697420074338 0.5392576802945939 0.1641413445338331 0.3137698293879142 -0.04613794402410958 0.1807576517792905 0.02618579650266411


# name: mean_corr
# type: matrix
# rows: 12
# columns: 1
 -0.2019717576660519
 -0.1955825983865779
 -0.1830079478863554
 -0.1679387970081871
 -0.1650280736162829
 0.03867187525601117
 0.1173166002793693
 0.1324395938140266
 0.1638438924433197
 0.2065048039145065
 0.2091224537560331
 0.2116324344892575


# name: mean_error
# type: matrix
# rows: 12
# columns: 1
 1.526232263142857
 1.519859533561331
 1.511058059558945
 1.502116223029877
 1.501218750863205
 1.382096467272414
 1.383884962324459
 1.375213326263512
 1.361629405552955
 1.351313724100659
 1.343996281005366
 1.333678839594282


# name: iter_improve
# type: matrix
# rows: 12
# columns: 1
 1
 10
 17
 22
 26
 31
 35
 54
 80
 94
 96
 100


# name: optim_start
# type: scalar
157


# name: optim_steps
# type: matrix
# rows: 0
# columns: 0


# name: VPVP_params
# type: scalar struct
# ndims: 2
 1 1
# length: 8
# name: lambda
# type: scalar
300000000


# name: downsample
# type: scalar
10


# name: MaxIter_X
# type: scalar
200


# name: MaxIter
# type: scalar
50


# name: optTol_X
# type: scalar
1e-06


# name: progTol_X
# type: scalar
1e-10


# name: optTol_aW
# type: scalar
0.0001


# name: progTol_aW
# type: scalar
1e-07




