# Created by Octave 3.8.1, Sat Jan 06 20:37:59 2018 ART <gabrevaya@ws4.labo2>
# name: y_start
# type: matrix
# rows: 10
# columns: 1
 -0.7053939305214578
 -1.793363879209117
 0.8118514717906176
 1.609220001938435
 0.005388796308542346
 0.3763792543312988
 0.4079525741807832
 0.206526663924279
 -1.374371450541823
 1.381881001034095


# name: alphas
# type: cell
# rows: 1
# columns: 3
# name: <cell-element>
# type: matrix
# rows: 10
# columns: 1
 0.7161820321067615
 0.3982973079573806
 0.8287419649221234
 0.4461594799753424
 0.5788601438983608
 0.6423713435031122
 0.7397918534088135
 0.7732629548622872
 0.4833440299015345
 0.5170489010936583



# name: <cell-element>
# type: matrix
# rows: 10
# columns: 1
 1.407808380758517
 0.8423615618302338
 0.7403491550500092
 0.7641509320233819
 1.141148163143391
 0.9247963624453952
 0.7370721752608496
 0.5721703810707991
 0.8515187571176401
 0.7897995784024328



# name: <cell-element>
# type: matrix
# rows: 10
# columns: 1
 11.31844139684398
 11.24844983873333
 11.25808343933835
 11.21122156491697
 11.46657398612215
 11.38916465181788
 11.37989853292322
 11.49541391002227
 11.41026118575846
 11.37246981941992





# name: W
# type: matrix
# rows: 10
# columns: 10
 -0.1880533056828605 0.01710348447085413 0.07580028453137604 -0.1077910992848173 -0.1898003712625652 0.00793738142726149 -0.1332393786024163 -0.1687011921133033 -0.187742892232953 0.2715560845073947
 -0.006061208470418824 -0.173258363309497 0.07946822355031181 0.1234022493959255 -0.05739498101819306 0.07140200715504098 0.1077778924859087 -0.04930484373529917 -0.03097811637069398 0.0384050450793432
 -0.06552394127762451 0.01108001418119155 -0.1973561914399805 0.07522069134608908 0.0940506062059719 -0.01518328925714539 0.141567637777716 0.1847350969141347 0.2061954725347575 -0.2581844535175262
 -0.0881335557674858 0.139495542649349 0.1386555567679404 -0.09905134654112958 0.1350792388583069 -0.02161638979912731 -0.2486511602805684 0.07866410901014569 0.02501614680801149 -0.008641488497107601
 0.09228891878571752 0.05575323291856422 -0.01426662261686449 0.001284202035896569 0.2750284679448252 0.05902704690815882 0.1459398299637387 -0.1251170756902447 0.1299835316806373 0.1451844650355495
 0.04573761751391656 -0.003098574322223898 -0.1103841627456716 -0.01139618546144547 -0.02505696249265501 -0.02372001048514475 0.08318531873613962 0.02891185703659701 0.03123094065059034 -0.04055800821462683
 -0.001833486169694944 0.02251335678593873 0.07846127185322301 -0.02184708771033745 0.03366771036750707 0.007055873949615671 -0.09657709746906751 -0.05759410089768537 -0.06071370918672533 0.07937219950320694
 0.04099679163503781 0.117091935310096 0.1869109819845959 -0.1281494680252258 0.0785670157531429 0.05700509507369573 -0.2076213016432636 -0.2865638371050641 -0.06901330845564865 0.2771787701622556
 0.06017970205572733 0.01994658527394519 0.1058416170370767 -0.03019183589024229 0.1186963444594834 0.06088687353613377 -0.05429846746493623 -0.1518556453877992 -0.0619801013216721 0.1968458884748293
 -0.04819075684961238 -0.04944268921940861 -0.3179917773055741 0.05481197357179161 -0.04318015685596793 -0.009165600047985499 0.3506981324007835 0.1870003150059008 0.2091598566919079 -0.347525145814026


# name: iter
# type: scalar
157


# name: c
# type: matrix
# rows: 1
# columns: 10
 0.4367030013728334 0.3495639954397138 0.4246506720850142 0.4083215999042359 0.7107752910788792 0.3207374113451911 0.465898141846369 0.492697177342139 0.4110954801111275 0.3296215554052906


# name: mean_corr
# type: matrix
# rows: 13
# columns: 1
 -0.2019717576660519
 -0.1955825983865779
 -0.1830079478863554
 -0.1679387970081871
 -0.1650280736162829
 0.03867187525601117
 0.1173166002793693
 0.1324395938140266
 0.1638438924433197
 0.2065048039145065
 0.2091224537560331
 0.2116324344892575
 0.4350064325930793


# name: mean_error
# type: matrix
# rows: 13
# columns: 1
 1.526232263142857
 1.519859533561331
 1.511058059558945
 1.502116223029877
 1.501218750863205
 1.382096467272414
 1.383884962324459
 1.375213326263512
 1.361629405552955
 1.351313724100659
 1.343996281005366
 1.333678839594282
 1.276090017005163


# name: iter_improve
# type: matrix
# rows: 13
# columns: 1
 1
 10
 17
 22
 26
 31
 35
 54
 80
 94
 96
 100
 157


# name: optim_start
# type: scalar
157


# name: optim_steps
# type: scalar
13


# name: VPVP_params
# type: scalar struct
# ndims: 2
 1 1
# length: 8
# name: lambda
# type: scalar
300000000


# name: downsample
# type: scalar
10


# name: MaxIter_X
# type: scalar
200


# name: MaxIter
# type: scalar
50


# name: optTol_X
# type: scalar
1e-06


# name: progTol_X
# type: scalar
1e-10


# name: optTol_aW
# type: scalar
0.0001


# name: progTol_aW
# type: scalar
1e-07




