# Created by Octave 4.0.0, Sun Jan 07 17:56:28 2018 ART <gabrevaya@ws8.labo5>
# name: y_start
# type: matrix
# rows: 10
# columns: 1
 -2.533102220651106e-05
 -2.051656847991608e-06
 -1.069475017289935e-05
 -1.889237653362295e-05
 9.459612700121403e-06
 4.832184438641199e-06
 7.153131517510271e-06
 9.121449514402842e-06
 7.726516136694352e-06
 1.911306734779709e-06


# name: alphas
# type: cell
# rows: 1
# columns: 3
# name: <cell-element>
# type: matrix
# rows: 10
# columns: 1
 2.055947293979424
 -0.2842260432237488
 0.7945743136263945
 1.924139750753734
 0.207454254721391
 0.8210635874863078
 1.528987612159601
 1.183447752288022
 0.2440159507707143
 -0.3507974617811008



# name: <cell-element>
# type: matrix
# rows: 10
# columns: 1
 1.061268604643611
 1.14277931932206
 1.037332385240268
 0.2909213255720605
 1.357936675514648
 0.7393458780302824
 0.8434268849581269
 0.3645851081725505
 0.4259841639715736
 0.2761134222515204



# name: <cell-element>
# type: matrix
# rows: 10
# columns: 1
 12.21655930650405
 12.88476162657494
 10.1054208531752
 12.05981985207686
 11.01324820399882
 11.91151795459206
 11.20626853696921
 12.62178410176003
 12.16642087863383
 10.21603272183151





# name: W
# type: matrix
# rows: 10
# columns: 10
 0.2711620870462868 0.09962052640640325 0.882773460797369 -0.2005667488210546 -0.410571934066592 -0.218988686682214 -1.047193155244644 -1.299038878155247 -0.7488966195006187 1.097244850451806
 -0.2394648785238187 0.2879294835127264 -0.4262037574541303 0.4941071874403307 -0.3889977466525638 0.1686416199841981 0.2579021930342071 -0.5037970430922828 0.1138356493677274 -0.2678366328822031
 -1.009385231264754 -0.1107491732920967 -0.7027990270980885 0.3825415539199112 0.5884684053768541 0.08345544333781026 0.154767311379588 0.2619584351230565 0.7828689838913564 -0.6027610123314169
 -1.083086016566954 -0.7882959717475773 0.2947268793754186 0.1600341579114962 0.1381735960071393 -0.5796028496505086 -0.6899384799872132 -0.6998869682563095 -0.8495241787588659 -0.299323854922735
 0.2970924486972614 -0.2044849744183215 0.2753584095542861 0.01855569890280068 0.2954224860249645 0.278268269830298 0.8107802075799493 -0.7081693245311989 0.427248891107929 -0.3413865002949383
 0.1783044045316598 -0.2202500980118173 0.330626350290581 -0.3088340410891977 0.2122936657938745 -0.3278202711561761 0.2128584989336603 -0.135558051119867 -0.5238924501133673 0.4042690235929718
 0.6366898811470016 -0.05953723488708322 0.2497447533644475 -0.1002817120455039 -0.03109972807107055 -0.06819907311216869 -0.422192017909118 -0.061901677202189 -0.3605023975810868 0.1249179005625007
 -0.1135620468494044 -0.4009071459746533 0.08477352283590364 0.1496224278507846 0.08093702426940094 -0.5087948992737203 0.2066996746440072 -0.5385637075066986 -0.711513560021871 -0.1626089550033325
 0.6595258886486222 -0.2749042922222871 0.5705673149718109 0.430955163008247 0.6422593896303905 0.2211587425113793 -0.1845951683678135 -0.2681182763885607 -0.4164999741286111 0.1102939351491072
 -0.2778337329122468 0.1486560520321729 -0.250171349766199 0.05176348039023892 0.1464767766337851 0.1185312378457176 0.772710173653232 0.423631619421967 0.5339486385061687 -0.5070113703356238


# name: iter
# type: scalar
200000


# name: c
# type: matrix
# rows: 1
# columns: 10
 NaN NaN NaN NaN NaN NaN NaN NaN NaN NaN


# name: mean_corr
# type: matrix
# rows: 917
# columns: 1
 -0.03629924989916598
 -0.01981722978315915
 0.02218191897407482
 0.03186742655574322
 0.03698941055312767
 0.05385164526125864
 0.06474862837216697
 0.08257476441086628
 0.08705329670408167
 0.08822455295893451
 0.08994412094656644
 0.4479079320475828
 0.4418465209637074
 0.4324039548940081
 0.3522765651665526
 0.3487466690118005
 0.3366430709566875
 0.3378707834020133
 0.337364795588067
 0.3578719339693432
 0.3552445366683266
 0.3557114302437532
 0.3606854620274084
 0.3590694108747931
 0.3662703349309414
 0.3663971868162021
 0.3545821799922061
 0.3590397353354062
 0.3570338047416425
 0.3611837757160784
 0.3567934956982128
 0.3444335623529351
 0.3431711721380525
 0.3447900157996867
 0.3441420530407476
 0.345426990589249
 0.3429193636882812
 0.3404729864930093
 0.3531651486736179
 0.3505815395198122
 0.3413653243536818
 0.342481651769951
 0.3333881104471744
 0.3328001906702376
 0.3317704946874627
 0.3263562487544925
 0.319464671703873
 0.3196963472489459
 0.3124786805240406
 0.3120540672707771
 0.3093753481557659
 0.3241836117860518
 0.3375801848125927
 0.3476280423390812
 0.345813443664695
 0.3486268531454056
 0.3618220458016929
 0.3621819605132509
 0.3438716032815092
 0.3522129508549668
 0.3525036937062078
 0.3582777179137843
 0.3562751098237246
 0.3540880747856424
 0.3544731143351786
 0.3524853332345536
 0.3514696516490706
 0.3531924576801924
 0.3521480714889881
 0.3509331469527441
 0.4842132572654475
 0.4774133442345438
 0.4731193364506773
 0.4692986926748102
 0.4147477623136538
 0.4143546030185214
 0.3990231160150223
 0.3991201501699964
 0.3959965284404753
 0.3859879535534529
 0.3795835145570329
 0.3613249223565367
 0.3661232154320434
 0.371276277273047
 0.3780541567219053
 0.3757635814907928
 0.3733501099831623
 0.3801460759401013
 0.3735475532768796
 0.3614489439560517
 0.3633399726753343
 0.3636975859127743
 0.3631843842814357
 0.362291365697121
 0.3625733473195185
 0.3547129276917505
 0.3578220143959517
 0.3616794003407221
 0.3595044281261444
 0.3622752168962572
 0.3623950734228144
 0.3802858780839093
 0.3779860373306709
 0.3794457323592842
 0.3816463839661298
 0.3809341796614881
 0.3798720117467821
 0.3711554675069974
 0.3680735662873857
 0.3757218163034349
 0.376229289571367
 0.37653908213982
 0.371936847939521
 0.372281787329847
 0.3709493734060324
 0.3727137632832872
 0.3733341621359431
 0.3700177239108567
 0.3679237384457493
 0.3670728023029769
 0.3727148417712228
 0.373164389730724
 0.3722211605538503
 0.4565830982330744
 0.4337260473169122
 0.4295901210394243
 0.4352789592512215
 0.4073758320938244
 0.4068858644163466
 0.411461377089632
 0.395451044778223
 0.4011807542666816
 0.4185598537761159
 0.4183479410006603
 0.4125218315120896
 0.4133749223531595
 0.4116729840243472
 0.4090145620757063
 0.4000957974641596
 0.3954248712551794
 0.3935787867264765
 0.3938163332448258
 0.3793807770218465
 0.3814888796361768
 0.3946567309424543
 0.3863023752000582
 0.3860053977014904
 0.3899518040674195
 0.4034603787279623
 0.4047137050037493
 0.3977437273171547
 0.3952323895612458
 0.4102091163643132
 0.4105923852975476
 0.402681772300577
 0.4020923871252148
 0.4031663084186648
 0.4019215674368991
 0.3994685286383759
 0.3903244244006912
 0.3965242463137832
 0.3961623233815414
 0.3944523120802003
 0.3924828612781935
 0.3943717303778289
 0.4069079519446747
 0.4064678499123457
 0.4034847026611141
 0.4033627890676484
 0.3965448358868331
 0.3930421662884514
 0.3877897965443444
 0.3894790987552544
 0.3877741272078236
 0.3917576974795882
 0.3900274555442401
 0.3894368596612392
 0.3928793237088517
 0.3910814688870378
 0.4018168595755462
 0.3955053209159983
 0.3918536679492107
 0.3801281499942786
 0.3779511998577171
 0.3774290809270656
 0.3781284684560588
 0.3793747821877901
 0.3781019324818882
 0.3752546245464145
 0.3751635481323493
 0.377773493079749
 0.3713934076619066
 0.3800475803594786
 0.3762287245792454
 0.3716749868772297
 0.4848602058511732
 0.4699625474448352
 0.4613319856773545
 0.4341150194976572
 0.4331096233699151
 0.4351335216014417
 0.455830188589363
 0.4494223490417453
 0.4481873469580518
 0.4476875030457467
 0.4418630850356821
 0.4444734460097313
 0.4461778006764487
 0.4426034486069706
 0.4312132899854625
 0.4337461204783297
 0.432260098797953
 0.4335526731425298
 0.4325220457909
 0.4357314633930447
 0.4401696324089535
 0.4400335913630699
 0.4379482740025961
 0.4376641445808831
 0.4460600692966768
 0.4430761445913046
 0.4426158012892168
 0.4480556884877888
 0.4368513354378907
 0.4317446276986591
 0.4354493519453648
 0.4321947972189209
 0.4327574372831531
 0.4344863465588733
 0.4328152765673259
 0.4328114216945428
