# Created by Octave 4.0.0, Sat Jan 06 20:47:53 2018 ART <gabrevaya@ws8.labo5>
# name: y_start
# type: matrix
# rows: 10
# columns: 1
 -0.9282702814877304
 0.6683385226852863
 1.077218557823076
 -0.2627409161885983
 -0.6785413067684108
 0.8678254666607127
 -1.893073151078416
 0.3762138647050347
 0.4091397384984689
 -0.584987278212152


# name: alphas
# type: cell
# rows: 1
# columns: 3
# name: <cell-element>
# type: matrix
# rows: 10
# columns: 1
 0.741650220538445
 0.578
 0.4439576804819683
 0.578
 0.578
 0.727656380274564
 0.5082706900093609
 0.7287208036581125
 0.4545115928150604
 0.578



# name: <cell-element>
# type: matrix
# rows: 10
# columns: 1
 1.282252146279031
 1
 1.033028227425555
 1
 1
 0.938054091418561
 0.9569175869546437
 0.9371152196557874
 0.8720016371719944
 1



# name: <cell-element>
# type: matrix
# rows: 10
# columns: 1
 11.57934469709805
 11.38
 11.61997084348851
 11.38
 11.38
 11.45202672625282
 11.30308252603487
 11.58974859916703
 11.360352636906
 11.38





# name: W
# type: matrix
# rows: 10
# columns: 10
 0 0 0 0 0 0 0 0 0 0
 0 0 0 0 0 0 0 0 0 0
 0 0 0 0 0 0 0 0 0 0
 0 0 0 0 0 0 0 0 0 0
 0 0 0 0 0 0 0 0 0 0
 0 0 0 0 0 0 0 0 0 0
 0 0 0 0 0 0 0 0 0 0
 0 0 0 0 0 0 0 0 0 0
 0 0 0 0 0 0 0 0 0 0
 0 0 0 0 0 0 0 0 0 0


# name: iter
# type: scalar
359


# name: c
# type: matrix
# rows: 1
# columns: 10
 -0.04133244732760831 0.2937666617541217 0.003678063775763705 0.1420981197509767 0.5613420571595971 -0.009678454723148388 0.04276264940264572 -0.06563183865044821 -0.1468258859026399 -0.01026923914451081


# name: mean_corr
# type: matrix
# rows: 11
# columns: 1
 -0.03629924989916598
 -0.01981722978315915
 0.02218191897407482
 0.03186742655574322
 0.03698941055312767
 0.05385164526125864
 0.06474862837216697
 0.08257476441086628
 0.08705329670408167
 0.08822455295893451
 0.08994412094656644


# name: mean_error
# type: matrix
# rows: 11
# columns: 1
 1.466873436705913
 1.453431534417666
 1.428593970316225
 1.420243144815815
 1.419922680640065
 1.410154133014633
 1.40833833251708
 1.396058763698952
 1.391552855655892
 1.37743026640547
 1.381565221286961


# name: iter_improve
# type: matrix
# rows: 11
# columns: 1
 1
 7
 21
 34
 53
 67
 70
 75
 95
 108
 144


# name: optim_start
# type: scalar
359


# name: optim_steps
# type: matrix
# rows: 0
# columns: 0


# name: VPVP_params
# type: scalar struct
# ndims: 2
 1 1
# length: 8
# name: lambda
# type: scalar
300000000


# name: downsample
# type: scalar
10


# name: MaxIter_X
# type: scalar
200


# name: MaxIter
# type: scalar
50


# name: optTol_X
# type: scalar
1e-06


# name: progTol_X
# type: scalar
1e-10


# name: optTol_aW
# type: scalar
0.0001


# name: progTol_aW
# type: scalar
1e-07




