# Created by Octave 3.8.1, Tue Nov 28 20:11:03 2017 ART <gabrevaya@ws11.labo2>
# name: y_start
# type: matrix
# rows: 15
# columns: 1
 -0.7925689844014606
 -1.453802131639254
 -0.04162759501657806
 0.3404856637499167
 0.2908322249455277
 1.633305833920678
 1.470416921027859
 -0.8169182449055841
 -0.04429172015157359
 1.085948065289697
 -0.2746638492916238
 0.6278028040011019
 -1.190019230811488
 1.077389292881386
 -1.953025639890623


# name: alphas
# type: cell
# rows: 1
# columns: 3
# name: <cell-element>
# type: matrix
# rows: 15
# columns: 1
 0.5740921823795239
 0.7887736836422621
 0.6811063515770794
 0.2922190412232331
 0.5148367488265381
 0.5090524641065675
 0.5369225824038845
 0.4700123478206119
 0.5197068455368943
 0.8078248986677389
 0.3485290499916017
 0.835108156324163
 0.82611728400059
 0.9160073581699698
 0.4794072315081177



# name: <cell-element>
# type: matrix
# rows: 15
# columns: 1
 0.6996466731096033
 1.082622610548143
 0.8491581871049438
 1.025545916877501
 0.9040405678970075
 0.8608841358714741
 1.085081613585593
 0.9109335706294212
 1.065413595798599
 0.846146035275922
 0.5487869564590971
 0.9547371749617041
 0.9222867914805981
 1.010346678011929
 0.9534666542544966



# name: <cell-element>
# type: matrix
# rows: 15
# columns: 1
 11.24913008546834
 11.46730367127658
 11.43446994143753
 11.41494323406477
 11.25239498355518
 11.54441749023757
 11.29993608564267
 11.33567040244068
 11.36428024864563
 11.49938717720545
 11.13970112019719
 11.38876910137683
 11.27666907021131
 11.25629990145249
 11.29554497596008





# name: W
# type: matrix
# rows: 15
# columns: 15
 0 0 0 0 0 0 0 0 0 0 0 0 0 0 0
 0 0 0 0 0 0 0 0 0 0 0 0 0 0 0
 0 0 0 0 0 0 0 0 0 0 0 0 0 0 0
 0 0 0 0 0 0 0 0 0 0 0 0 0 0 0
 0 0 0 0 0 0 0 0 0 0 0 0 0 0 0
 0 0 0 0 0 0 0 0 0 0 0 0 0 0 0
 0 0 0 0 0 0 0 0 0 0 0 0 0 0 0
 0 0 0 0 0 0 0 0 0 0 0 0 0 0 0
 0 0 0 0 0 0 0 0 0 0 0 0 0 0 0
 0 0 0 0 0 0 0 0 0 0 0 0 0 0 0
 0 0 0 0 0 0 0 0 0 0 0 0 0 0 0
 0 0 0 0 0 0 0 0 0 0 0 0 0 0 0
 0 0 0 0 0 0 0 0 0 0 0 0 0 0 0
 0 0 0 0 0 0 0 0 0 0 0 0 0 0 0
 0 0 0 0 0 0 0 0 0 0 0 0 0 0 0


# name: iter
# type: scalar
958


# name: c
# type: matrix
# rows: 1
# columns: 15
 0.07488853505860753 -0.01576649871261167 0.1463132770484671 -0.02091996048236337 0.347422992760972 0.0009901668859021795 -0.01995212106858469 0.1907046290391025 0.1416663397136143 -0.01390849917641543 0.2909087783247986 0.06061740956320567 0.0362145631052755 0.00174426157614025 0.0559266524155361


# name: mean_corr
# type: matrix
# rows: 21
# columns: 1
 -0.08927941799385876
 -0.06110519654344146
 -0.04917162361843039
 -0.003406391497888571
 -0.003237014160481934
 -0.003124563196231032
 0.001698461257747243
 0.007731717279115558
 0.01981387515538598
 0.03696818004239612
 0.08368268768362876
 0.08672476258619842
 0.0962429299283737
 0.09897825138743398
 0.09910618820896575
 0.1001240630315016
 0.100052980292845
 0.1002003935522722
 0.1002389014062553
 0.100459814883942
 0.1010306306397265


# name: mean_error
# type: matrix
# rows: 21
# columns: 1
 1.512256993532545
 1.495213630353332
 1.486437362311956
 1.440622129956582
 1.437403820190094
 1.436738640463318
 1.431667554070002
 1.428773234031101
 1.420984201873773
 1.40623590468571
 1.389194186149477
 1.386444147138794
 1.375319821602018
 1.375174384088506
 1.374054412714835
 1.373231826806086
 1.3715220304967
 1.372240898586407
 1.372182540126037
 1.370996652652649
 1.375543369165524


# name: iter_improve
# type: matrix
# rows: 21
# columns: 1
 1
 15
 24
 31
 37
 43
 75
 114
 122
 136
 172
 199
 228
 261
 340
 356
 388
 602
 680
 733
 862


# name: optim_start
# type: scalar
958


# name: optim_steps
# type: matrix
# rows: 0
# columns: 0


# name: VPVP_params
# type: scalar struct
# ndims: 2
 1 1
# length: 8
# name: lambda
# type: scalar
300000000


# name: downsample
# type: scalar
10


# name: MaxIter_X
# type: scalar
200


# name: MaxIter
# type: scalar
50


# name: optTol_X
# type: scalar
1e-06


# name: progTol_X
# type: scalar
1e-10


# name: optTol_aW
# type: scalar
0.0001


# name: progTol_aW
# type: scalar
1e-07




