# Created by Octave 4.0.0, Sat Jan 06 20:48:49 2018 ART <gabrevaya@ws8.labo5>
# name: y_start
# type: matrix
# rows: 10
# columns: 1
 -0.9282702618345614
 0.6683385156247109
 1.077218557268795
 -0.2627409070427573
 -0.6785412849951341
 0.8678254653295452
 -1.893073157847827
 0.3762138526025824
 0.4091397387852678
 -0.584987272426142


# name: alphas
# type: cell
# rows: 1
# columns: 3
# name: <cell-element>
# type: matrix
# rows: 10
# columns: 1
 0.6525586805328946
 0.5760974564949067
 0.2796859877078909
 0.549585466687551
 0.5685474698294909
 0.6515300321177411
 0.4578750521395625
 0.6584202244776466
 0.4259430266513575
 0.5958549476354028



# name: <cell-element>
# type: matrix
# rows: 10
# columns: 1
 1.393127479398406
 1.046015154639903
 1.062540742686211
 0.8675196971115051
 0.9543093632103938
 0.9980361700020471
 0.8418114863089565
 0.52585741855806
 0.7824886066566386
 0.8795415230010897



# name: <cell-element>
# type: matrix
# rows: 10
# columns: 1
 11.60397310184645
 11.38698607121898
 11.62635213846599
 11.36221800072784
 11.38148254545536
 11.46156453147771
 11.28778676261176
 11.56374290856193
 11.35078179662146
 11.36792111337634





# name: W
# type: matrix
# rows: 10
# columns: 10
 -0.1393035390218408 0.1441637877485542 0.0267021858111272 -0.2161236947596463 -0.2305897494922199 0.06875457344968318 -0.2596415192849407 -0.2278666454025317 -0.1655910949355635 0.2997054527236322
 -0.03001748722012105 0.01469314129122396 -0.1888685513049078 -0.00447546263217609 -0.02706849923482419 0.01559201016341384 0.129706328553608 -0.007631367835800893 0.1074673932393626 -0.04887221764927436
 -0.119085927941327 -0.02878079481451378 -0.3651385344626596 0.1316718824649531 0.09297943071299918 0.03683312913067071 0.1704205928147667 0.1440515611004025 0.2308835261860575 -0.3422640909696872
 -0.1228059490263418 -0.03893138554488417 0.1566354925460037 0.07421352814374513 0.1436020851115861 0.03123404441770356 -0.1815849245052152 -0.01674612895488894 -0.06678743586576653 0.01679396573015529
 0.1632237962784042 -0.0536432674090624 0.2183408253059726 0.1102175672728054 0.09827127732666947 0.05584602272116235 -0.03624861075129641 -0.1847230315031949 0.1246346670870307 -0.1397990271076794
 -0.02565687710244113 -0.03454516119209782 -0.072019214362449 -0.002606069091793393 0.03334226761243796 -0.1003444773219379 0.1886243806206834 0.02765633164367959 0.06744846976334486 -0.03487532381542111
 0.02848646978493562 0.03277968350937005 0.05756485958453778 -0.04822282899218332 -0.03996727732846777 0.03012482729632304 -0.1215456915427835 -0.1002262635001961 -0.06529402438262828 0.08410967428433777
 0.01072047261987165 -0.01596826602012851 0.1370077400616735 -0.04895930330622408 0.03771767680681545 -0.003071823072107987 0.02064069439422856 -0.2595863389189835 -0.1275458980199734 0.2418690852216981
 0.04846880572162896 -0.04453959122001327 0.2718606324241105 0.01067607089236824 0.1433355510907266 0.03440950323184278 0.01520466489033098 -0.1850150368848108 -0.0367211693421937 0.2355309805615167
 -0.07290834574727467 0.005515451495405775 -0.3157245598262531 0.0823953190033898 -0.0454829937274149 -0.04441548778061741 0.1481013011062652 0.04978079716124612 0.1990021437382457 -0.4879960838711107


# name: iter
# type: scalar
359


# name: c
# type: matrix
# rows: 1
# columns: 10
 0.5200922450956995 0.4317974684397099 0.3865555034183707 0.4721353440694758 0.6899952549476084 0.2917673813583336 0.5450981543257564 0.5278155549408295 0.437876615975498 0.1759457979045467


# name: mean_corr
# type: matrix
# rows: 12
# columns: 1
 -0.03629924989916598
 -0.01981722978315915
 0.02218191897407482
 0.03186742655574322
 0.03698941055312767
 0.05385164526125864
 0.06474862837216697
 0.08257476441086628
 0.08705329670408167
 0.08822455295893451
 0.08994412094656644
 0.4479079320475828


# name: mean_error
# type: matrix
# rows: 12
# columns: 1
 1.466873436705913
 1.453431534417666
 1.428593970316225
 1.420243144815815
 1.419922680640065
 1.410154133014633
 1.40833833251708
 1.396058763698952
 1.391552855655892
 1.37743026640547
 1.381565221286961
 1.25824944522763


# name: iter_improve
# type: matrix
# rows: 12
# columns: 1
 1
 7
 21
 34
 53
 67
 70
 75
 95
 108
 144
 359


# name: optim_start
# type: scalar
359


# name: optim_steps
# type: scalar
12


# name: VPVP_params
# type: scalar struct
# ndims: 2
 1 1
# length: 8
# name: lambda
# type: scalar
300000000


# name: downsample
# type: scalar
10


# name: MaxIter_X
# type: scalar
200


# name: MaxIter
# type: scalar
50


# name: optTol_X
# type: scalar
1e-06


# name: progTol_X
# type: scalar
1e-10


# name: optTol_aW
# type: scalar
0.0001


# name: progTol_aW
# type: scalar
1e-07




