# Created by Octave 3.8.1, Tue Nov 28 20:16:41 2017 ART <gabrevaya@ws11.labo2>
# name: y_start
# type: matrix
# rows: 15
# columns: 1
 -0.7925689832417449
 -1.453802123927977
 -0.04162758743726276
 0.3404856583066143
 0.2908322119864382
 1.633305823460797
 1.47041691360108
 -0.8169182384812006
 -0.0442917172749596
 1.085948057808201
 -0.2746638596454074
 0.6278027980966923
 -1.190019224017022
 1.077389278332465
 -1.95302562746248


# name: alphas
# type: cell
# rows: 1
# columns: 3
# name: <cell-element>
# type: matrix
# rows: 15
# columns: 1
 0.5529917082412455
 0.6736102819079172
 0.6572174705773646
 0.2194165543233817
 0.511272557499734
 0.4276131736919757
 0.4850528467629487
 0.4753652999113206
 0.5074972808332976
 0.7821258033821558
 0.3438522016896184
 0.73138378877598
 0.7616307959800704
 0.8663671056856065
 0.5108534397640132



# name: <cell-element>
# type: matrix
# rows: 15
# columns: 1
 0.7339876683149076
 0.8791850273846515
 0.9426617752618301
 1.118134933978285
 0.8488918858669832
 0.87876813796826
 1.092907639011711
 0.9057121153166154
 1.021215292596295
 0.7397551610600032
 0.5473895437464852
 1.022510490989208
 0.897583347160604
 0.6628699630839644
 0.9136978945759676



# name: <cell-element>
# type: matrix
# rows: 15
# columns: 1
 11.25277433818692
 11.45250506294364
 11.44180897596604
 11.42461975104412
 11.247809382027
 11.54877141711215
 11.30358541239722
 11.33875873626161
 11.35976119122308
 11.4915982359325
 11.13847489314558
 11.39494478658983
 11.27383654135194
 11.23187383545399
 11.29449129644139





# name: W
# type: matrix
# rows: 15
# columns: 15
 -0.03618334595977013 0.07944914969894125 -0.01344279757809287 0.1165646728112081 -0.005718372544275346 0.03954253313350434 0.06452590350153528 -0.01138575429403043 -0.006805290858941253 0.02928387313826075 -0.2406059121825144 0.03865719902918642 -0.04570261545473527 -0.004912338308969535 0.05255974484510201
 -0.07846050919937986 -0.2200436562050126 -0.0390880721775007 -0.2353184049144228 0.114564453540813 0.0228584642353128 -0.09193422473524449 0.02895692775571976 -0.008387411674340803 0.03416404124790463 0.05446316171734149 -0.1236604298363889 0.01677082249390231 0.115833561278155 -0.3189662287156903
 0.02943013882978925 -0.07760688933299548 -0.03020967917425251 -0.07405470439510992 -0.01232516977293023 -0.01380929055791395 -0.006279640777791723 -0.006710816220276956 0.005002651315936643 0.0590808462669959 -0.07135440218570976 0.008591666901251611 0.02702449116450757 -0.01908098386230463 -0.01576455720066256
 -0.00105191031038933 -0.06973800962124789 -0.03402022406097491 -0.1447568251951324 0.07655608459637188 -0.0436743245403976 -0.09225120153271371 0.06280497790238483 0.00335712517050137 0.08407973649093592 0.04364380454970265 -0.1016706033363641 0.09728996397857273 0.03237108080203575 -0.1564440428570255
 -0.1139281487594111 0.0981058087155437 -0.0447346572065512 0.07190403265310392 0.04673825314736486 0.04224580784827004 0.04803551892418741 0.09958139959942537 0.002962205992100825 -0.1098188042485407 0.0314817291734017 0.002037086051415526 -0.03371112065546322 0.001154806194699309 -0.009471603611017778
 0.09881538624976202 0.03266946202342892 -0.02584323738795239 -0.04462721263172279 0.02356011959155328 -0.1284438958987333 -0.1109108358770776 0.01300269171613627 -0.02751031331204445 0.1008445535485677 0.117961067765297 -0.115702952391727 0.1063852690381762 0.009119110348912687 -0.07776629990435137
 0.05762142172250067 -0.09172413040044503 -0.02682630078124812 -0.1612486597183046 0.04848766495045633 -0.07003532051591581 -0.160978835048931 0.02155981947560432 -0.02252041056833676 0.109714348462595 0.09988275159588801 -0.1530593499687707 0.09436692620157712 0.04122504317263322 -0.1805399219123904
 -0.05369564754212635 0.06530054960398629 -0.04227547700361437 0.0685545149627546 0.09636358191276156 0.02129818289980386 0.05697162196406892 0.05231818481140256 0.0103898166872602 0.07658199693298917 -0.1720186231180277 -0.01947790934452624 0.0295387693948321 0.03255279056133673 -0.1166701943468874
 0.02767933502866229 -0.04583585494007067 -0.006666888435981699 -0.03814502901219791 -0.01125028479731697 -0.002438033900621289 -0.0136631663230181 -0.01510247658349915 -0.01390279807029772 0.05200992121468276 -0.04539088227922705 0.00119326513079364 0.008746905705824971 -0.001944973999485554 -0.02099713569237775
 -0.02677826757589083 0.0580455875216055 -0.001969948731797896 0.06629249735059292 -0.006043030373403336 0.011908506678034 0.04422770788805001 0.01065611658948178 0.005924094135415904 -0.07754813731551906 0.0274746159257979 0.04165788962516037 -0.03824783202635085 -0.008476689376428136 0.06722657456233469
 0.01905965384434084 0.05464038843729532 0.002861652184516549 0.03738478363140752 -0.02469238790385352 -0.01727499688789835 0.003580809667838243 -0.009467647319758028 -0.004528674609220397 -0.03522757394484286 -0.05124890277727383 0.02434202541483556 -0.008272798107816857 -0.01903297794088131 0.08878512573893971
 -0.04128745213675746 -0.02201258633330761 -0.04753093886613411 -0.0792701154144243 0.075969753427515 -0.02044882437834222 -0.1671591250080353 0.01842465382814076 -0.0584472656325398 0.02325202220526904 0.0360579100834346 -0.2319433725556375 -0.008581272865026229 0.1207900535451074 -0.2295266467018441
 -0.07933146486001166 -0.004848883091171204 0.01533746115211389 0.06850246081754305 -0.02389997586741981 0.09149465478881685 0.1250661631098895 -0.02014487129134007 0.02526634808227744 -0.1105924265520375 -0.1400050770780046 0.1224816501090673 -0.113706874150426 -0.02211048587433571 0.1124449168499663
 -0.1523664428716483 0.1418282421449436 -0.0253701483402288 0.1017501279903482 0.02033279631247174 0.02947597928896708 0.07541204653961998 0.08415342245408661 0.01336814151023391 -0.2554768788511529 0.1702179887125473 0.05521155809653185 -0.06987962380634803 -0.06434302267575043 0.1279946383077346
 0.01941129953372832 -0.1143326905131043 -0.01631948500353892 -0.1420798143714172 0.03347921922578757 -0.02018305982905372 -0.1431357952220798 -0.01287834532900108 -0.03622573694623735 0.1141013613240614 -0.05402745539115765 -0.1536933771060118 0.03539098930449631 0.05824079439764191 -0.2107063840020741


# name: iter
# type: scalar
958


# name: c
# type: matrix
# rows: 1
# columns: 15
 0.4227176269132546 0.3156137958788856 0.4578011342071071 0.2934034065839618 0.4729364590954682 0.1862949761128475 0.0845339975565827 0.664611685958013 0.2933059485535417 0.4447040192904371 0.5424874203765987 0.1113023866978245 0.4113613609034773 0.5464656612353561 0.1347693381514766


# name: mean_corr
# type: matrix
# rows: 22
# columns: 1
 -0.08927941799385876
 -0.06110519654344146
 -0.04917162361843039
 -0.003406391497888571
 -0.003237014160481934
 -0.003124563196231032
 0.001698461257747243
 0.007731717279115558
 0.01981387515538598
 0.03696818004239612
 0.08368268768362876
 0.08672476258619842
 0.0962429299283737
 0.09897825138743398
 0.09910618820896575
 0.1001240630315016
 0.100052980292845
 0.1002003935522722
 0.1002389014062553
 0.100459814883942
 0.1010306306397265
 0.3588206145009888


# name: mean_error
# type: matrix
# rows: 22
# columns: 1
 1.512256993532545
 1.495213630353332
 1.486437362311956
 1.440622129956582
 1.437403820190094
 1.436738640463318
 1.431667554070002
 1.428773234031101
 1.420984201873773
 1.40623590468571
 1.389194186149477
 1.386444147138794
 1.375319821602018
 1.375174384088506
 1.374054412714835
 1.373231826806086
 1.3715220304967
 1.372240898586407
 1.372182540126037
 1.370996652652649
 1.375543369165524
 1.297529016292929


# name: iter_improve
# type: matrix
# rows: 22
# columns: 1
 1
 15
 24
 31
 37
 43
 75
 114
 122
 136
 172
 199
 228
 261
 340
 356
 388
 602
 680
 733
 862
 958


# name: optim_start
# type: scalar
958


# name: optim_steps
# type: scalar
22


# name: VPVP_params
# type: scalar struct
# ndims: 2
 1 1
# length: 8
# name: lambda
# type: scalar
300000000


# name: downsample
# type: scalar
10


# name: MaxIter_X
# type: scalar
200


