# Created by Octave 4.2.1, Tue Nov 28 19:55:27 2017 ART <gabrevaya@ws1.labo4>
# name: y_start
# type: matrix
# rows: 15
# columns: 1
 0.2244743419247558
 0.656621062360615
 -0.3845855385626354
 0.3890526242383733
 0.2689410631056088
 0.2054813625579318
 -0.608212936214532
 0.01368721045677049
 -2.060899359364316
 -0.4757255022646309
 0.171151797662525
 -0.07007608312292563
 -0.1042202997907162
 -1.076867357576729
 0.06079280076795273


# name: alphas
# type: cell
# rows: 1
# columns: 3
# name: <cell-element>
# type: matrix
# rows: 15
# columns: 1
 0.5571976607190062
 0.5080582474710666
 0.5227727944333056
 0.7425038869504743
 0.6295465486092041
 0.5702890903255535
 0.4763523635809647
 0.6997598418472748
 0.6625404733561792
 0.4439108704568663
 0.3884530344021833
 0.8183220084824741
 0.3168654468007907
 0.3955180970262114
 0.7531418828440853



# name: <cell-element>
# type: matrix
# rows: 15
# columns: 1
 0.7491239883299268
 1.11454048597167
 1.258746573474135
 0.7777863261113491
 0.9541329644419444
 1.209303793074779
 0.9881610128706514
 1.200504362700416
 1.239252720353498
 1.150432817829164
 1.346171754913554
 1.066096937118814
 1.405156285999259
 1.052712915515288
 0.5896641078297091



# name: <cell-element>
# type: matrix
# rows: 15
# columns: 1
 11.56338757360411
 11.21176576157601
 11.07234634274378
 11.8431686147336
 11.3344227045785
 11.26736676077211
 11.2823707797666
 11.28018039723612
 11.32728704443426
 12.01877477929158
 11.17148968598699
 11.52418795919377
 11.40752858451834
 11.11535959229582
 11.49803011409556





# name: W
# type: matrix
# rows: 15
# columns: 15
 0 0 0 0 0 0 0 0 0 0 0 0 0 0 0
 0 0 0 0 0 0 0 0 0 0 0 0 0 0 0
 0 0 0 0 0 0 0 0 0 0 0 0 0 0 0
 0 0 0 0 0 0 0 0 0 0 0 0 0 0 0
 0 0 0 0 0 0 0 0 0 0 0 0 0 0 0
 0 0 0 0 0 0 0 0 0 0 0 0 0 0 0
 0 0 0 0 0 0 0 0 0 0 0 0 0 0 0
 0 0 0 0 0 0 0 0 0 0 0 0 0 0 0
 0 0 0 0 0 0 0 0 0 0 0 0 0 0 0
 0 0 0 0 0 0 0 0 0 0 0 0 0 0 0
 0 0 0 0 0 0 0 0 0 0 0 0 0 0 0
 0 0 0 0 0 0 0 0 0 0 0 0 0 0 0
 0 0 0 0 0 0 0 0 0 0 0 0 0 0 0
 0 0 0 0 0 0 0 0 0 0 0 0 0 0 0
 0 0 0 0 0 0 0 0 0 0 0 0 0 0 0


# name: iter
# type: scalar
942


# name: c
# type: matrix
# rows: 1
# columns: 15
 0.2337733059172495 -0.07490289462220812 0.1007769722993929 0.06050820094146284 0.2042454361669863 0.2730802940150392 -0.05019587829368405 0.4386115528864749 0.001775256577061511 -0.02066494107599279 -0.09453793018446668 0.07506370076262071 -0.08707586209814844 0.1351743433150079 0.2345365696053555


# name: mean_corr
# type: matrix
# rows: 71
# columns: 1
 -0.1510849316510323
 -0.08183403294626376
 -0.09071608580969799
 -0.0910706600028592
 -0.07223259140154135
 -0.06526461580268132
 -0.05284129537789285
 -0.0524889553484619
 -0.02385091620981998
 0.02225796801252982
 0.03926784362590007
 0.04899152444699369
 0.070332147534691
 0.07186191215016875
 0.05253132017850348
 0.05354227732576986
 0.05855454736207017
 0.105638404417381
 0.09973248997376721
 0.1041332583648014
 0.103375436351208
 0.1033184037454508
 0.1123259822305432
 0.111010187906612
 0.1080651541969424
 0.1086612548814872
 0.1119018922823887
 0.115579323456273
 0.1177087121310349
 0.1201112318757946
 0.1219418183771967
 0.1224990747472942
 0.1255420629221138
 0.1256722264810977
 0.1172322562713701
 0.1157082958762032
 0.1224606828984337
 0.1236284759852368
 0.1424954799873377
 0.1144439879892997
 0.1147084256483873
 0.1152082578555503
 0.1159200751572045
 0.1345385508916849
 0.1346023828171228
 0.1283287753313257
 0.1194349642980684
 0.1195536014050028
 0.1198747286752352
 0.118931339655526
 0.1193486679995741
 0.1185114832291685
 0.1183233185040294
 0.1180151262172413
 0.1183369164656311
 0.1182630385346247
 0.1252631287453896
 0.1044630519792503
 0.0966909652483899
 0.09296549822808718
 0.1075560972186879
 0.09472225756761556
 0.1182253301351604
 0.1171822784936082
 0.1172660138258816
 0.1172707752319955
 0.1178323548663044
 0.1016540805697881
 0.09160221217845282
 0.1006236155203673
 0.1005881858041828


# name: mean_error
# type: matrix
# rows: 71
# columns: 1
 1.487660963658203
 1.473412445734195
 1.481957044841118
 1.481653836266279
 1.470418627384632
 1.464361397190538
 1.458022576546436
 1.458000497241876
 1.441853449954321
 1.412786784460592
 1.406538180133048
 1.40026320003191
 1.405108047097293
 1.40428326236166
 1.400231919848714
 1.400644978488487
 1.394781996072809
 1.369594644391524
 1.379410025936301
 1.37269000249694
 1.371235416925215
 1.371525382472521
 1.375648445444447
 1.373597111577145
 1.377634968156418
 1.378740494281826
 1.377768762763131
 1.375961672842064
 1.375680729123281
 1.371552899121581
 1.3778649811486
 1.377137508239658
 1.375133893316755
 1.378306277707856
 1.379944530017265
 1.382589997307836
 1.371654258271518
 1.370958900327022
 1.356284074381282
 1.375353612791779
 1.375619569614347
 1.375840725540578
 1.372650403560677
 1.363815370345108
 1.364373043639427
 1.368548332099545
 1.372309605481265
 1.372116262772163
 1.371736110484562
 1.371990622178314
 1.371123623192235
 1.374670845254856
 1.367461269660048
 1.36788839091549
 1.366262554710129
 1.36784806424418
 1.367859353821996
 1.376999577268615
 1.377129184030591
 1.383506253793896
 1.377549537085404
 1.385185153827613
 1.371498144678477
 1.37389564521431
 1.37385391342333
 1.372717422395302
 1.373207552164248
 1.380610451975267
 1.385709967996554
 1.379472561398469
 1.379434619797629


# name: iter_improve
# type: matrix
# rows: 71
# columns: 1
 1
 2
 3
 5
 6
 7
 11
 15
 29
 31
 32
 33
 34
 37
 38
 39
 48
 51
 81
 86
 87
 96
 99
 100
 109
 112
 132
 136
 144
 153
 166
 171
 178
 180
 181
 192
 193
 207
 208
 210
 213
 223
 231
 233
 237
 244
 253
 255
 258
 261
 266
 274
 278
 304
 305
 308
 318
 346
 364
 395
 415
 440
 446
 454
 506
 562
 630
 640
 811
 840
 924


# name: optim_start
# type: scalar
942


# name: optim_steps
# type: matrix
# rows: 0
# columns: 0


# name: VPVP_params
# type: scalar struct
# ndims: 2
 1 1
# length: 8
# name: lambda
# type: scalar
300000000


# name: downsample
# type: scalar
10


# name: MaxIter_X
# type: scalar
200


# name: MaxIter
# type: scalar
50


# name: optTol_X
# type: scalar
1e-06


# name: progTol_X
# type: scalar
1e-10


# name: optTol_aW
# type: scalar
0.0001


# name: progTol_aW
# type: scalar
1e-07




