# Created by Octave 3.8.1, Wed Nov 29 00:06:17 2017 ART <gabrevaya@ws17.labo5>
# name: y_start
# type: matrix
# rows: 15
# columns: 1
 -0.5581221653202872
 2.801592048319088
 0.06299937355002827
 0.3994744972986153
 -1.233251473898032
 0.1213385822102315
 0.2293358153423988
 -0.2749419758313064
 -0.5769592238888842
 -0.9776442308524382
 1.438437652534702
 0.3699785426191159
 0.4861176196858266
 -0.1045326258404358
 -0.06112615111377845


# name: alphas
# type: cell
# rows: 1
# columns: 3
# name: <cell-element>
# type: matrix
# rows: 15
# columns: 1
 0.7670412106301081
 0.8474423051025349
 0.6098640723712626
 0.3364791026035836
 0.5395054043807525
 0.5896014836779407
 0.4913611367645361
 0.5718731198717739
 0.695813393682894
 0.7792235940621385
 0.3846072582685963
 0.6601448686481352
 0.3197411590754077
 0.5715672855147753
 0.4832218154284447



# name: <cell-element>
# type: matrix
# rows: 15
# columns: 1
 0.8250553400947589
 0.8219647678157079
 0.9460167997005903
 1.023107224331859
 0.8622425425790118
 1.298177693446626
 1.05888416169809
 0.8937816486547199
 1.272891038534608
 0.9081650226489043
 0.6009453464679548
 0.8695789395220284
 1.263588351940397
 0.9196969983762748
 0.8568657271190047



# name: <cell-element>
# type: matrix
# rows: 15
# columns: 1
 11.33205755222428
 11.2686745143358
 11.36286999927015
 11.4631693711447
 11.52881340453133
 11.51867573273454
 11.29702578844418
 11.50792172774985
 11.50341886002101
 11.21929453725928
 11.42540981881108
 11.33417407755426
 11.31056962532388
 11.53161774556068
 11.39528065467095





# name: W
# type: matrix
# rows: 15
# columns: 15
 0 0 0 0 0 0 0 0 0 0 0 0 0 0 0
 0 0 0 0 0 0 0 0 0 0 0 0 0 0 0
 0 0 0 0 0 0 0 0 0 0 0 0 0 0 0
 0 0 0 0 0 0 0 0 0 0 0 0 0 0 0
 0 0 0 0 0 0 0 0 0 0 0 0 0 0 0
 0 0 0 0 0 0 0 0 0 0 0 0 0 0 0
 0 0 0 0 0 0 0 0 0 0 0 0 0 0 0
 0 0 0 0 0 0 0 0 0 0 0 0 0 0 0
 0 0 0 0 0 0 0 0 0 0 0 0 0 0 0
 0 0 0 0 0 0 0 0 0 0 0 0 0 0 0
 0 0 0 0 0 0 0 0 0 0 0 0 0 0 0
 0 0 0 0 0 0 0 0 0 0 0 0 0 0 0
 0 0 0 0 0 0 0 0 0 0 0 0 0 0 0
 0 0 0 0 0 0 0 0 0 0 0 0 0 0 0
 0 0 0 0 0 0 0 0 0 0 0 0 0 0 0


# name: iter
# type: scalar
426


# name: c
# type: matrix
# rows: 1
# columns: 15
 0.116676169774687 0.2399137889054452 0.3263632081407639 -0.0202252967196041 0.1183342503323358 0.2592798614321684 0.005869477267703553 0.3864125841040856 0.04134683262031542 0.1841926478231436 0.1857876186759011 -0.02737830079556713 0.2476360645573258 0.182938672652165 0.006196515170205953


# name: mean_corr
# type: matrix
# rows: 20
# columns: 1
 -0.03860353801274904
 -0.0340969000529843
 -0.02549091898228633
 -0.02268342008234288
 -0.01256673553663121
 0.005023860553561026
 0.03858533993987232
 0.09009061269759271
 0.1277753328774488
 0.1472045573006715
 0.1502869221392602
 0.09103303091652407
 0.0913087429067919
 0.1027694358655504
 0.1034827678141283
 0.1034622194080165
 0.1081261142284991
 0.1084201310537302
 0.108687411474726
 0.1274934130056954


# name: mean_error
# type: matrix
# rows: 20
# columns: 1
 1.465349843678032
 1.463083740222222
 1.45836411758788
 1.457300337669154
 1.451362045249519
 1.439209741381201
 1.420233031468214
 1.384573578816923
 1.370469643813254
 1.357759813787403
 1.356060598525656
 1.346821816271046
 1.347852986274245
 1.337701807348415
 1.334694419923422
 1.327196730628615
 1.323465629465011
 1.32321358670652
 1.324581765921467
 1.323525425790055


# name: iter_improve
# type: matrix
# rows: 20
# columns: 1
 1
 7
 22
 28
 38
 71
 77
 94
 99
 131
 163
 186
 237
 259
 277
 309
 319
 386
 387
 413


# name: optim_start
# type: scalar
426


# name: optim_steps
# type: matrix
# rows: 0
# columns: 0


# name: VPVP_params
# type: scalar struct
# ndims: 2
 1 1
# length: 8
# name: lambda
# type: scalar
300000000


# name: downsample
# type: scalar
10


# name: MaxIter_X
# type: scalar
200


# name: MaxIter
# type: scalar
50


# name: optTol_X
# type: scalar
1e-06


# name: progTol_X
# type: scalar
1e-10


# name: optTol_aW
# type: scalar
0.0001


# name: progTol_aW
# type: scalar
1e-07




