# Created by Octave 3.8.1, Wed Nov 29 00:10:00 2017 ART <gabrevaya@ws17.labo5>
# name: y_start
# type: matrix
# rows: 15
# columns: 1
 -0.5581221587528383
 2.801592050050444
 0.06299937011941671
 0.3994744951850061
 -1.233251477650835
 0.1213385823631667
 0.2293358122121931
 -0.2749419698196984
 -0.5769592157728314
 -0.9776442327442721
 1.438437642843087
 0.3699785431688257
 0.4861176161281385
 -0.1045326306093869
 -0.06112614191372493


# name: alphas
# type: cell
# rows: 1
# columns: 3
# name: <cell-element>
# type: matrix
# rows: 15
# columns: 1
 0.7616714079334661
 0.8000883326804946
 0.6120956289407419
 0.2567126942435233
 0.5179936155782929
 0.5030114432596227
 0.409104801903765
 0.6078825797644107
 0.6712019563013324
 0.737814291528878
 0.3770255114691056
 0.5479264161908507
 0.3016433079034371
 0.5891401981043833
 0.5018642558888003



# name: <cell-element>
# type: matrix
# rows: 15
# columns: 1
 0.742284868542937
 0.7546682090770881
 0.9934482403430456
 1.166146711487003
 0.7901013220550928
 1.234252679263505
 1.077780573355334
 0.8632665996639263
 1.462238562978393
 0.8113104016535017
 0.5027808040172028
 0.9009436789522227
 1.192863663500113
 0.5870476212813506
 0.8702208551289037



# name: <cell-element>
# type: matrix
# rows: 15
# columns: 1
 11.32570558000057
 11.25773681908425
 11.36694486988047
 11.47794289632611
 11.52423129581746
 11.51155081100288
 11.29911416869661
 11.50731643011761
 11.52841256508121
 11.20894263313528
 11.42476345293867
 11.33632771884254
 11.30309250286009
 11.50855073404614
 11.39632770631825





# name: W
# type: matrix
# rows: 15
# columns: 15
 -0.01906023576164942 0.0368898371875887 -0.009378361631186402 0.1566277790117951 -0.02450055866433629 0.1376795542880292 0.07927753736381289 -0.0162792565170275 -0.07509622195818849 -0.0127372870348418 -0.2429542098711725 0.06489249351407092 -0.1316054092211866 -0.07091424228418 0.07814955503904496
 0.01942489721698794 -0.1133920888317687 -0.05129025386030079 -0.05029102058002356 0.08710505258638279 -0.09456950833368412 -0.0009750467050525358 0.07404867021183995 -0.004007920291135619 0.04982994605029065 0.3968119946409061 -0.04484911012362493 0.1190200597107811 0.1260944799206231 -0.08334380217882591
 0.04687928990655227 -0.01592177126644959 0.01042965265812846 -0.092691854240025 -0.02222235158519065 -0.0747440358624006 -0.03946912759946029 -0.01769692804781489 0.03667264766305516 0.05830547668392612 -0.06164295791162827 -0.02662402208736877 0.07267476855622948 -0.03678850455328261 -0.03050265908078891
 0.02887918783050896 0.02374589400712792 -0.0338678394085283 -0.1701221218773931 0.07997975988642414 -0.1612401874583118 -0.07774464069639352 0.09396660107795532 0.2008574968076476 0.1133132654173012 0.05605635581047545 -0.1199258482090083 0.1546276305435361 0.02257892783565693 -0.1896348085979856
 -0.1533474631574648 0.2459991079114974 -0.0425488236649998 0.04197627890211623 0.0334194642286607 -0.0346102533287427 0.05252444848800795 0.09610953450907254 0.07238407503464146 -0.1201289165250557 -0.04920343363068215 0.01488118529158761 0.04112710074782694 0.04678199609209322 -0.007803598231185357
 0.01084452056744656 -0.003156621710811185 -0.0192131637671633 -0.0844144987774742 0.01445491030619362 -0.1384515461680512 -0.02694249870109389 0.007177293545398372 -0.01032601059685768 0.01972143014433286 0.03957145125335854 -0.0272640990171078 0.1179133681901289 0.01545637646611279 -0.06773387192465741
 0.04835303530201601 -0.03715227880971233 -0.022317577798836 -0.2559488477094802 0.03220284532600034 -0.1675747496137949 -0.1911692374217094 0.003945690380414422 0.03625965927242998 0.08308179970942596 0.1279350354336912 -0.1563268842770525 0.1545437871550169 0.05914784620457971 -0.2382548008930804
 0.01458041129264166 0.08265413533239108 -0.07355751125270854 0.07523625597334513 0.06498632499124785 0.05864341705692129 0.03902531315396686 0.1022609501145042 -0.09536437521065906 0.06568158831233654 -0.1345790826293929 -0.05296382113642308 -0.0120318564503001 -0.01170121443353216 -0.1091455523133383
 0.007167751392158033 0.02011017789099244 0.01680980210472779 0.006808534905663131 -0.07333248955299752 -0.04948148667124341 0.03142141200513042 -0.04216255021479213 -0.05044060274131806 -0.02872854529901087 -0.07425480212021841 0.06873775321640517 0.06031480305792064 -0.05426086811843907 0.08526075779248554
 -0.05463792403829468 0.07837051433466376 0.01104793272598772 0.04714234818831453 -0.04005172143494774 0.02436445056005988 0.0368547704398367 -0.02538273206485071 -0.04185060554380185 -0.1007067453241542 -0.05334015003073494 0.07015912743465624 -0.01609008260444046 -0.003619678024022729 0.09455599390448149
 0.01422669241359505 -0.122923682185142 -0.01010056365849929 0.05234092568152968 0.02377219728756018 0.04214662730797929 0.02934714393322197 -0.030302796715467 0.005812370177216843 0.004569540834120972 -0.0744226991769829 0.04258667195605434 -0.07370702780289771 0.02962376287213259 0.06453284636041302
 0.01716441138486125 0.004674139307929159 -0.0410841643353051 -0.07542195188257531 0.1069452491673001 -0.01198138601422081 -0.1165932407847706 0.05688734516541246 0.0114631889482022 0.0857291906296144 0.0466652610140053 -0.2419774747921635 -0.01802857215404533 0.07527354337043256 -0.2796514377504977
 0.05623310217021845 -0.0992138011906237 0.03673155555549623 0.04992553331144507 -0.05248888671474625 0.02816622831938878 0.08120188029524983 -0.03105959836638226 0.06771490471611488 0.03515168109020844 -0.07751888294626409 0.1054017228156967 -0.02015070726855828 -0.08052267643297707 0.182552616195833
 -0.1381890008180255 0.04540524343410696 -0.01355880828677658 0.07666565563947786 0.06877111335033098 -0.02331656013827916 0.07923127486623552 0.0429608173995145 0.1071182972700676 -0.1234420043446922 0.2045033410735478 0.04528657381777308 -0.0239297742907299 0.09754203100152105 0.06930929885736666
 0.08973395436377188 -0.04654424178679744 -0.009727184336270183 -0.1377911572241193 0.06144836471107014 -0.05886878992962307 -0.1334561237329674 0.02074305972365303 0.06775695025667555 0.1672211599877669 -0.01789248650821607 -0.2096588292621521 0.03016658287586324 -0.01311255046642854 -0.307265061373976


# name: iter
# type: scalar
426


# name: c
# type: matrix
# rows: 1
# columns: 15
 0.503362776676651 0.5600569029521717 0.4687614160447736 0.4286710586438507 0.5766638869683763 0.368961477125978 0.2802808995448326 0.713246379891326 0.3838798431231883 0.5293666870568927 0.4799479435792923 0.1061717501262799 0.3997138601120934 0.6066938047532419 0.185803119406259


# name: mean_corr
# type: matrix
# rows: 21
# columns: 1
 -0.03860353801274904
 -0.0340969000529843
 -0.02549091898228633
 -0.02268342008234288
 -0.01256673553663121
 0.005023860553561026
 0.03858533993987232
 0.09009061269759271
 0.1277753328774488
 0.1472045573006715
 0.1502869221392602
 0.09103303091652407
 0.0913087429067919
 0.1027694358655504
 0.1034827678141283
 0.1034622194080165
 0.1081261142284991
 0.1084201310537302
 0.108687411474726
 0.1274934130056954
 0.4394387870670139


# name: mean_error
# type: matrix
# rows: 21
# columns: 1
 1.465349843678032
 1.463083740222222
 1.45836411758788
 1.457300337669154
 1.451362045249519
 1.439209741381201
 1.420233031468214
 1.384573578816923
 1.370469643813254
 1.357759813787403
 1.356060598525656
 1.346821816271046
 1.347852986274245
 1.337701807348415
 1.334694419923422
 1.327196730628615
 1.323465629465011
 1.32321358670652
 1.324581765921467
 1.323525425790055
 1.226617509873


# name: iter_improve
# type: matrix
# rows: 21
# columns: 1
 1
 7
 22
 28
 38
 71
 77
 94
 99
 131
 163
 186
 237
 259
 277
 309
 319
 386
 387
 413
 426


# name: optim_start
# type: scalar
426


# name: optim_steps
# type: scalar
21


# name: VPVP_params
# type: scalar struct
# ndims: 2
 1 1
# length: 8
# name: lambda
# type: scalar
300000000


# name: downsample
# type: scalar
10


# name: MaxIter_X
# type: scalar
200


# name: MaxIter
# type: scalar
50


# name: optTol_X
# type: scalar
1e-06


