# Created by Octave 3.8.1, Sat Jan 06 20:37:56 2018 ART <gabrevaya@ws9.labo2>
# name: y_start
# type: matrix
# rows: 10
# columns: 1
 0.1574291824259612
 0.518798453931098
 0.7957058437724218
 0.8215004835167786
 -0.264165076586422
 -2.125591957083238
 -0.2876774636715381
 0.1605685289771352
 0.526537120039163
 1.143648433845244


# name: alphas
# type: cell
# rows: 1
# columns: 3
# name: <cell-element>
# type: matrix
# rows: 10
# columns: 1
 0.7370812096941051
 0.578
 0.3612424114855515
 0.5054294228789713
 0.578
 0.578
 0.2646149150660018
 0.3876970160628383
 0.6170934285653598
 0.578



# name: <cell-element>
# type: matrix
# rows: 10
# columns: 1
 1.237691737663493
 1
 1.109379375579145
 0.8371445205673325
 1
 1
 0.807210531988209
 0.9414914095895012
 1.235928654193352
 1



# name: <cell-element>
# type: matrix
# rows: 10
# columns: 1
 11.28265187669845
 11.38
 11.24727527962765
 11.70664292413541
 11.38
 11.38
 11.38197106870611
 10.98883539030601
 11.44815718736051
 11.38





# name: W
# type: matrix
# rows: 10
# columns: 10
 0 0 0 0 0 0 0 0 0 0
 0 0 0 0 0 0 0 0 0 0
 0 0 0 0 0 0 0 0 0 0
 0 0 0 0 0 0 0 0 0 0
 0 0 0 0 0 0 0 0 0 0
 0 0 0 0 0 0 0 0 0 0
 0 0 0 0 0 0 0 0 0 0
 0 0 0 0 0 0 0 0 0 0
 0 0 0 0 0 0 0 0 0 0
 0 0 0 0 0 0 0 0 0 0


# name: iter
# type: scalar
680


# name: c
# type: matrix
# rows: 1
# columns: 10
 0.01503535204591375 0.2713982516142062 0.1193053790145574 0.3189362732342063 0.6240136506658135 0.04778558178977704 0.4293752793290235 -0.04809610807808675 0.2426782959948054 0.06899286374367279


# name: mean_corr
# type: matrix
# rows: 17
# columns: 1
 -0.04204473364822477
 -0.02432682898406145
 0.004052362578851436
 0.03364609366527168
 0.04206938805766484
 0.053014183008687
 0.09304543119434958
 0.1196138761059048
 0.1204972634727499
 0.1209561223849044
 0.1256192358912572
 0.1630092908986389
 0.1635268397057659
 0.1634067254027537
 0.1637522728126724
 0.2100192183296555
 0.2105855401682358


# name: mean_error
# type: matrix
# rows: 17
# columns: 1
 1.464404917349447
 1.455749980832795
 1.440847908355688
 1.422016976598496
 1.42053356325055
 1.420388165385249
 1.38721854701209
 1.37595140877923
 1.366619299012102
 1.365966844820934
 1.360985263725469
 1.342545212970907
 1.338865112808067
 1.331761015245592
 1.330780214789612
 1.295266069830209
 1.293484890856171


# name: iter_improve
# type: matrix
# rows: 17
# columns: 1
 1
 11
 14
 21
 29
 47
 95
 107
 121
 205
 273
 277
 340
 347
 362
 428
 455


# name: optim_start
# type: scalar
680


# name: optim_steps
# type: matrix
# rows: 0
# columns: 0


# name: VPVP_params
# type: scalar struct
# ndims: 2
 1 1
# length: 8
# name: lambda
# type: scalar
300000000


# name: downsample
# type: scalar
10


# name: MaxIter_X
# type: scalar
200


# name: MaxIter
# type: scalar
50


# name: optTol_X
# type: scalar
1e-06


# name: progTol_X
# type: scalar
1e-10


# name: optTol_aW
# type: scalar
0.0001


# name: progTol_aW
# type: scalar
1e-07




