# Created by Octave 3.8.1, Sat Jan 06 20:38:58 2018 ART <gabrevaya@ws9.labo2>
# name: y_start
# type: matrix
# rows: 10
# columns: 1
 0.1574291904052829
 0.5187984539768468
 0.7957058335714795
 0.8215004905260398
 -0.2641650625252804
 -2.125591946357138
 -0.2876774708809375
 0.1605685324360335
 0.5265371128046948
 1.143648441778478


# name: alphas
# type: cell
# rows: 1
# columns: 3
# name: <cell-element>
# type: matrix
# rows: 10
# columns: 1
 0.6737274116976891
 0.5811333308637345
 0.2106772947176495
 0.4367298267793034
 0.6479472583979203
 0.4272795195607549
 0.2794653882846385
 0.2884345126772557
 0.5676998774098
 0.600770920218455



# name: <cell-element>
# type: matrix
# rows: 10
# columns: 1
 1.380040957395106
 1.042813045675265
 1.146590792827554
 0.7840336310505357
 0.9703628739570918
 0.9764470847446306
 0.7802958141311144
 0.4167837773174675
 1.179856942955562
 0.8858095395953309



# name: <cell-element>
# type: matrix
# rows: 10
# columns: 1
 11.29876017027322
 11.38488934101734
 11.25580246440835
 11.70914474005137
 11.3800892630037
 11.39084870760337
 11.37687471912114
 10.95438563944424
 11.44285104380069
 11.36148706905832





# name: W
# type: matrix
# rows: 10
# columns: 10
 -0.1147528252265137 0.1397788592979289 -0.01111786761940495 -0.1716418055260878 -0.2631076233158844 -0.1453488638808344 -0.1784694550087011 -0.1679531876677375 -0.06644222886004163 0.3298042812383286
 -0.04737776269881041 0.02115148903085784 -0.1724062932409069 -0.04583164836557765 -0.05156920879768766 0.04681513860514575 0.1287954843481497 0.0191734652144161 0.09797681386538214 -0.06054216322138065
 -0.1845614047854795 -0.03765764125322715 -0.3136830552736191 0.1789941891799518 0.1571966613431201 0.0625595264695448 0.1607078832327649 0.175314615454366 0.3204225840698201 -0.3165497734186392
 -0.1790891707765889 -0.1094776624930172 0.2525059194775576 0.08355882536366931 0.1963019919850218 0.127115272963976 -0.2309324945395305 -0.04426351218389353 -0.1048830525780564 0.05587659143096835
 0.2117034734086771 -0.07433389396725537 0.155880686673849 0.1902860019000683 0.2106891527428989 -0.04084885723569018 0.0868301550101863 0.0305165246846472 0.04583664336989696 -0.06629338379506068
 0.09036713334648082 0.04567400089222109 -0.1490425011780877 0.04856082269611222 -0.04234518699671836 -0.2383331839146527 -0.04382995999532082 0.01275792983933281 0.1896005004129555 0.01781313896139801
 0.01941882028288987 -0.003895747593297265 0.0836173822906604 -0.009665531700722674 0.029390852534396 0.01982785068595267 0.02577445629755231 -0.02222242341921883 -0.04706198143176337 0.03047638962158311
 -0.02244826888758936 -0.04005640485643542 0.3459291006676979 0.06432089259349696 0.1659639205594001 0.02801531835522204 -0.390322058591684 -0.3050292834380071 -0.1150122106532199 0.2942790799540675
 -0.1122701116023752 0.02527466842371499 0.1408597204572344 -0.1835487072612593 0.01254529118503561 0.1751406321974451 0.09283561597208763 -0.1814126780407005 -0.07705997882549886 0.2910010240605215
 -0.1225955965752224 -0.01384519770508322 -0.2793200561382337 0.05666002953788707 0.001265928449944713 0.02332345546630859 0.3812688681158788 0.2361532600053603 0.06681673169673542 -0.4708766922626484


# name: iter
# type: scalar
680


# name: c
# type: matrix
# rows: 1
# columns: 10
 0.5451016279052883 0.4444178708129924 0.4558235024476657 0.4990186779850683 0.7076486580632185 0.1802989691846504 0.5022918434662319 0.1400406717792754 0.4086459455853812 0.2663284306406328


# name: mean_corr
# type: matrix
# rows: 18
# columns: 1
 -0.04204473364822477
 -0.02432682898406145
 0.004052362578851436
 0.03364609366527168
 0.04206938805766484
 0.053014183008687
 0.09304543119434958
 0.1196138761059048
 0.1204972634727499
 0.1209561223849044
 0.1256192358912572
 0.1630092908986389
 0.1635268397057659
 0.1634067254027537
 0.1637522728126724
 0.2100192183296555
 0.2105855401682358
 0.4149616197870404


# name: mean_error
# type: matrix
# rows: 18
# columns: 1
 1.464404917349447
 1.455749980832795
 1.440847908355688
 1.422016976598496
 1.42053356325055
 1.420388165385249
 1.38721854701209
 1.37595140877923
 1.366619299012102
 1.365966844820934
 1.360985263725469
 1.342545212970907
 1.338865112808067
 1.331761015245592
 1.330780214789612
 1.295266069830209
 1.293484890856171
 1.265459710978294


# name: iter_improve
# type: matrix
# rows: 18
# columns: 1
 1
 11
 14
 21
 29
 47
 95
 107
 121
 205
 273
 277
 340
 347
 362
 428
 455
 680


# name: optim_start
# type: scalar
680


# name: optim_steps
# type: scalar
18


# name: VPVP_params
# type: scalar struct
# ndims: 2
 1 1
# length: 8
# name: lambda
# type: scalar
300000000


# name: downsample
# type: scalar
10


# name: MaxIter_X
# type: scalar
200


# name: MaxIter
# type: scalar
50


# name: optTol_X
# type: scalar
1e-06


# name: progTol_X
# type: scalar
1e-10


# name: optTol_aW
# type: scalar
0.0001


# name: progTol_aW
# type: scalar
1e-07




