# Created by Octave 3.8.1, Wed Nov 29 00:04:14 2017 ART <gabrevaya@ws19.labo5>
# name: y_start
# type: matrix
# rows: 15
# columns: 1
 1.077780993644078
 -1.088737311330065
 -0.02569059882691881
 0.7918604841380247
 0.1107785766077697
 0.9918999482078522
 1.581526157955334
 0.3652824192841194
 -0.3592705697725034
 1.030023477838175
 1.976565608563141
 0.8358578766748925
 0.7359098193244895
 -0.6480720369255158
 -0.9644753332682552


# name: alphas
# type: cell
# rows: 1
# columns: 3
# name: <cell-element>
# type: matrix
# rows: 15
# columns: 1
 0.6782698048682818
 0.7797045960464672
 0.6851258504589803
 0.6724613128560438
 0.6063994146796227
 0.7816225343051091
 0.5704594280220756
 0.708568357701579
 0.4358609757625639
 0.2789905095093653
 0.6697456798732639
 0.535457825669873
 0.6655886195095926
 0.7062177010497821
 0.5582423299440501



# name: <cell-element>
# type: matrix
# rows: 15
# columns: 1
 0.7451893847145893
 1.132120719229798
 0.8175252032092677
 1.107443943214329
 0.9834900793117589
 0.8888825991737268
 1.088877785076714
 1.316466982233153
 1.0317900660577
 1.350428860927053
 0.6033602197444426
 1.068159673766293
 0.8109502962991791
 1.091308833069396
 0.9836338264252968



# name: <cell-element>
# type: matrix
# rows: 15
# columns: 1
 11.54289011676209
 11.0399268990886
 11.54648356114215
 11.44696368635532
 11.51104867049738
 11.17457704141004
 11.39777834423771
 11.61471599476225
 11.3276495996984
 11.43219307765784
 11.4040331383218
 11.38090044792006
 11.84008656650963
 11.3953621972386
 11.36703354309922





# name: W
# type: matrix
# rows: 15
# columns: 15
 0 0 0 0 0 0 0 0 0 0 0 0 0 0 0
 0 0 0 0 0 0 0 0 0 0 0 0 0 0 0
 0 0 0 0 0 0 0 0 0 0 0 0 0 0 0
 0 0 0 0 0 0 0 0 0 0 0 0 0 0 0
 0 0 0 0 0 0 0 0 0 0 0 0 0 0 0
 0 0 0 0 0 0 0 0 0 0 0 0 0 0 0
 0 0 0 0 0 0 0 0 0 0 0 0 0 0 0
 0 0 0 0 0 0 0 0 0 0 0 0 0 0 0
 0 0 0 0 0 0 0 0 0 0 0 0 0 0 0
 0 0 0 0 0 0 0 0 0 0 0 0 0 0 0
 0 0 0 0 0 0 0 0 0 0 0 0 0 0 0
 0 0 0 0 0 0 0 0 0 0 0 0 0 0 0
 0 0 0 0 0 0 0 0 0 0 0 0 0 0 0
 0 0 0 0 0 0 0 0 0 0 0 0 0 0 0
 0 0 0 0 0 0 0 0 0 0 0 0 0 0 0


# name: iter
# type: scalar
825


# name: c
# type: matrix
# rows: 1
# columns: 15
 0.1818852386416724 -0.02474830415454918 0.03095894401734643 0.1337531564472963 0.04386239495900075 -0.03001535270853082 -0.022036326591238 0.06194717017419273 0.1497729328605224 0.004738507225329402 0.1420350425439972 0.1028188269473889 0.08016047981690329 0.07002154059530025 0.02069248993758157


# name: mean_corr
# type: matrix
# rows: 17
# columns: 1
 -0.07241864894641824
 -0.07145859173211815
 -0.06178670510119698
 -0.05695448885639223
 -0.02263792269716284
 -0.01945559026682393
 -0.002106381459872865
 0.006835560511882778
 0.01152356707494942
 0.01205045656354234
 0.012040105528664
 0.02843215091257861
 0.04551835051454039
 0.04593637488009412
 0.06172658420952691
 0.06318174612854774
 0.06354548075942729


# name: mean_error
# type: matrix
# rows: 17
# columns: 1
 1.466479343250321
 1.466406145750661
 1.458159882235422
 1.455537318076485
 1.415701775504308
 1.415136557295948
 1.412599362636923
 1.407103351579629
 1.404027585595742
 1.408108248806597
 1.403367325106013
 1.397058372127476
 1.39586823447558
 1.388923202164085
 1.378228754836402
 1.37921157143681
 1.38133127830726


# name: iter_improve
# type: matrix
# rows: 17
# columns: 1
 1
 32
 46
 58
 62
 77
 247
 295
 302
 363
 379
 389
 470
 483
 505
 513
 741


# name: optim_start
# type: scalar
825


# name: optim_steps
# type: matrix
# rows: 0
# columns: 0


# name: VPVP_params
# type: scalar struct
# ndims: 2
 1 1
# length: 8
# name: lambda
# type: scalar
300000000


# name: downsample
# type: scalar
10


# name: MaxIter_X
# type: scalar
200


# name: MaxIter
# type: scalar
50


# name: optTol_X
# type: scalar
1e-06


# name: progTol_X
# type: scalar
1e-10


# name: optTol_aW
# type: scalar
0.0001


# name: progTol_aW
# type: scalar
1e-07




