# Created by Octave 3.8.1, Tue Nov 28 19:59:28 2017 ART <gabrevaya@ws16.labo1>
# name: y_start
# type: matrix
# rows: 15
# columns: 1
 -1.549682024313557
 0.4121844715993155
 0.43894807409485
 0.09541817609186178
 1.253557509065955
 -1.051356218769779
 -0.992781332428002
 -0.4255737916227454
 0.1618906931756359
 0.3532009866655473
 0.1934996543011493
 -1.855932554750568
 -1.446356544397351
 -1.139529864527258
 -1.443366386671414


# name: alphas
# type: cell
# rows: 1
# columns: 3
# name: <cell-element>
# type: matrix
# rows: 15
# columns: 1
 0.5671076844945586
 0.2777972549554373
 0.6702709995439473
 0.6700029264158008
 0.5104235864937483
 0.4818207851388926
 0.4314837118779097
 0.4991371132303494
 0.7955284787930237
 0.3070074086486102
 0.4532505930198908
 0.4824651404254347
 0.2574426935148371
 0.556096410902544
 0.78102832714126



# name: <cell-element>
# type: matrix
# rows: 15
# columns: 1
 0.7973952598952749
 0.8284036078303354
 1.046341777632397
 0.761036229381216
 0.7444407324460087
 1.131152348103108
 1.00479396728884
 0.9459067019075856
 1.055835962588634
 1.0452898028206
 0.7543001105409425
 0.9436388073643596
 1.260881137379407
 0.7395275776315472
 0.8988798915361914



# name: <cell-element>
# type: matrix
# rows: 15
# columns: 1
 11.78449139621159
 11.52132902891848
 11.33105847436541
 11.08160406518651
 11.34648534605912
 11.55901944705487
 11.57456635642399
 11.19532919665702
 11.41598718723092
 11.57149291509518
 11.46118715818202
 11.41346265058862
 11.64915212166854
 11.35803680521501
 11.25327183423599





# name: W
# type: matrix
# rows: 15
# columns: 15
 -0.1007686439423431 0.06741963288876401 0.01686747866958281 0.0836186511808631 -0.01830166960672171 0.08850064359102337 0.04679731632035862 -0.02352047343136563 -0.01876232552227307 -0.09000606595183611 -0.1054361203299761 0.04865756890646657 -0.1995119306944377 -0.06768847805600905 0.1054609833893564
 0.02409509162913727 -0.01124511690043987 -0.1089989488250003 -0.01084651436772816 0.1740454879269488 -0.1094998771555447 -0.03751944721152098 0.1719419712093225 0.01362106054113347 0.1636605306291168 0.2088962563790864 -0.1344148646590956 0.1973930682729017 0.1113840233528105 -0.2826071482829967
 0.04543494602503955 -0.06371373172422692 -0.005682574198185385 -0.08830646846277686 0.004816270014098827 -0.05376339911354944 -0.05786033082288801 -0.02888114987072471 -0.005151879067706299 0.03696825785837784 0.03875947257773651 -0.04635440498521066 0.08331873948745466 -0.001688294238664054 -0.06318293753275347
 0.1045249885078766 -0.003659700859904912 -0.06750057842840225 -0.1481116070552059 0.03344059022597685 0.04808997723222239 0.02594781745905343 0.1051544159250155 0.004952118450906331 0.02654152127650077 0.1164462315137408 -0.04386630568843661 0.1140757761084973 0.08138360160615647 -0.166067037251011
 -0.02040067773753537 0.1214299987639894 -0.06804983473550057 0.1227845679724158 -0.004024000714645299 0.1227134861820276 0.1513660268422798 0.1132328147179857 0.007431923712220249 -0.06650269109032197 -0.004155161342507914 0.1014609022893419 0.01974819419838054 0.1111472977255738 0.05238868111381071
 -0.03444266874901011 -0.04450856633477761 0.02139347914878571 0.0138198094611477 0.01998216371210586 -0.1491082818568517 -0.07818962256361491 -0.03782520313346169 0.0100365843376591 0.09511662402475113 0.01871493000926578 -0.05106892993857257 0.1142340192273091 -0.0317364546583898 -0.02958003974188347
 0.008012607900188075 -0.1262177509057341 -4.00517425281821e-05 -0.06538152765933473 0.06230334941257801 -0.166239721309792 -0.1663540708957227 -0.02638635635439701 -0.006074548280804235 0.1401698104834549 0.1343986189180541 -0.1734111028885807 0.1945682551500923 0.008367451736825668 -0.1888095397077854
 0.02937611766706025 0.08539340940176109 -0.07382942435337281 -0.02538319978614314 0.06333069368341571 0.05492035007368777 0.095186381681082 0.1645197592933651 0.03169602420237515 0.03023442600940827 0.02126953830031304 -0.00941855719418529 -0.07049214723887334 -0.05720064311934201 -0.06852598301738963
 0.02879762789888108 -0.05310580555145064 0.001009924608243652 -0.07208135829217702 -0.01558813232307978 -0.04771172047817909 -0.04625639567552217 -0.02220872995050828 -0.07653325381527741 0.03832910426298686 0.01695220427114877 -0.03775696137347362 0.06419542647776257 -0.01075124579735061 -0.01900727916087702
 0.1022546476948431 -0.002813372279643634 0.03733006549704714 -0.05559319081824618 -0.142653505384071 0.0974216672808534 0.08916826363485696 -0.04596588852164341 0.009641638054292825 -0.103911167851341 -0.1275326285934175 0.1526486091611838 -0.113632888648641 -0.04166136646086744 0.2527804979663518
 -0.1568388225592232 0.1891497028884206 -0.01103320917693214 0.3206056507072333 -0.01004078071797996 0.05741968614471227 0.1808578040089578 0.07344087623505396 0.03415811231053504 -0.05079454324312759 -0.1720115280650051 0.1682655322190483 -0.06972490442474406 -0.0328974317253654 0.2048210275831232
 -0.07784996615809066 -0.06732175638739069 -0.003999990833593718 -0.00591838140140765 0.0818780775120844 -0.03986657041336734 -0.146422678162888 -0.04010202522886707 -0.03881721556466571 0.03361719101430477 0.1294194071195319 -0.2035975317442127 0.07056085091890804 0.03971838804064222 -0.230340915798614
 0.02435105681989639 0.002327421828038718 0.05997308338521765 0.01045639205476471 -0.0945422217730289 -0.06717295431349191 0.0533838091621246 -0.04307537464240857 0.05007084869013959 0.02156440252188063 -0.1311033662342702 0.0947748346678027 0.007986515593901563 -0.1285583928953242 0.2076691817028358
 -0.171563239590408 0.1070683527458076 -0.01904970553579043 0.3096979535664071 0.07868843280447993 -0.03754406425422131 0.08642208313561293 0.04448975364525085 0.03969589766294552 0.01815663308878566 -0.01427349165161925 0.05007533949181067 0.106281476752657 0.04305335295408175 0.03990015569625901
 -0.0325630194661462 -0.05203009790422207 0.01038608893608658 -0.08225130467066136 0.08988816364585039 -0.03496881114267847 -0.1235440118214292 -0.0329926896945771 -0.01914920086536989 0.0281040576557225 0.1225675310577368 -0.1767218950856236 0.08330286582805119 0.02811156118030501 -0.2641921804737659


# name: iter
# type: scalar
705


# name: c
# type: matrix
# rows: 1
# columns: 15
 0.3449035679558967 0.4537169168771619 0.3582455385892535 0.3883317719942846 0.3671498481371747 0.3860662358945618 0.2041327321390276 0.5798198438034906 0.2837154652352433 0.3859136658515789 0.3393463076940096 0.08584876255146004 0.3125814437157051 0.6017156863281971 0.06812434825041155


# name: mean_corr
# type: matrix
# rows: 20
# columns: 1
 -0.07572163845719108
 -0.0691796121130938
 -0.03606030280266029
 -0.04101451817967507
 -0.02782842497953257
 -0.02659875057558531
 -0.02017078369182237
 -0.007790318735119827
 -0.007620373399119243
 0.007481868660553135
 0.04256956924850614
 0.06131739049813319
 0.07511741277268906
 0.0785605563290655
 0.09319604886753945
 0.0958699978628086
 0.09695631827485025
 0.1085745235525894
 0.1091683521786481
 0.3439741423344971


# name: mean_error
# type: matrix
# rows: 20
# columns: 1
 1.469299582540309
 1.466589681107128
 1.444908976580515
 1.485149426142334
 1.479983758940751
 1.480098317336338
 1.471723649556326
 1.469734284724387
 1.467851403278835
 1.453004683733289
 1.439701518173827
 1.424067929318276
 1.419221030264739
 1.41696489301062
 1.409822813779788
 1.407333754148127
 1.404147187568442
 1.393530596051743
 1.395262266217898
 1.31203623176649


# name: iter_improve
# type: matrix
# rows: 20
# columns: 1
 1
 20
 41
 62
 79
 80
 122
 127
 135
 156
 177
 184
 198
 210
 262
 417
 458
 476
 510
 705


# name: optim_start
# type: scalar
705


# name: optim_steps
# type: scalar
20


# name: VPVP_params
# type: scalar struct
# ndims: 2
 1 1
# length: 8
# name: lambda
# type: scalar
300000000


# name: downsample
# type: scalar
10


# name: MaxIter_X
# type: scalar
200


# name: MaxIter
# type: scalar
50


# name: optTol_X
# type: scalar
1e-06


# name: progTol_X
# type: scalar
1e-10


