# Created by Octave 3.8.1, Sat Jan 06 20:48:11 2018 ART <gabrevaya@ws9.labo2>
# name: y_start
# type: matrix
# rows: 10
# columns: 1
 0.6652342925290597
 1.063329023212214
 1.69197380652571
 -0.0773245774536198
 -0.5341567897794854
 -0.6292080970297185
 -0.3005832934587799
 -0.5862184164461841
 1.189910121592864
 1.030441642139183


# name: alphas
# type: cell
# rows: 1
# columns: 3
# name: <cell-element>
# type: matrix
# rows: 10
# columns: 1
 0.6488768931567789
 0.3724502588155093
 0.4255804454776965
 0.7727338550670476
 0.7052782978880211
 0.5227136699281884
 0.6123212220061882
 0.1535352136162541
 0.577654256530595
 0.7073503789838148



# name: <cell-element>
# type: matrix
# rows: 10
# columns: 1
 1.363684637491602
 0.9871237307040805
 0.8096577094018004
 0.8450120639963944
 0.9949928468866628
 0.9164834897447942
 0.7711598747957876
 0.5747432246786601
 1.266062626543051
 0.8611271711818534



# name: <cell-element>
# type: matrix
# rows: 10
# columns: 1
 11.41635057827339
 11.41428099158725
 11.20132042165429
 11.20347947055263
 11.45138053446779
 11.31064194116628
 11.40991647927081
 11.36896682175071
 11.23492614923181
 11.55115637569185





# name: W
# type: matrix
# rows: 10
# columns: 10
 -0.1185821075858597 0.1147751986897793 0.01896966421994439 -0.1437098399885761 -0.1935719918503674 -0.03849618022187112 -0.1067155789225446 -0.1088528356210463 -0.0296748907779523 0.1915768236427166
 -0.06983723355730127 0.02768559299674467 -0.119790266331683 -0.02644399077679757 -0.03501985800667686 0.03056436729179849 0.1045488039474824 0.009141304355793354 0.07814421578445074 -0.008676354814060894
 -0.1372830664677119 -0.1157038170161241 -0.1482992692724668 0.1060725830251357 0.1238640525890896 0.02391894545609372 0.1023166900696344 0.1877136570466302 -0.05608543206679812 -0.2718477127417636
 -0.1125513765697934 -0.06105995865039974 0.2134126007288274 -0.04787164971778115 0.1137931347173773 0.02252743308698382 -0.1625409394943789 -0.02673603367801706 -0.05635144653446299 0.01559141661275678
 0.1823640092576034 -0.05869808038453656 0.07124230944347477 0.0895372124013285 0.09647097272711078 0.0364550398591013 0.0994610295301212 -0.0700521063710655 -0.0005431952673785199 -0.04292660441894045
 0.03185284096358321 0.03154198316640269 -0.009137912370163506 0.00109629957790693 -0.05003785447489537 -0.06288237674709476 0.02721332197246576 0.01562251855803085 0.1199545280888032 -0.1118352050570196
 0.02967012258583998 0.008507898644626873 0.0961891347402524 0.002203021351499657 -0.007633613311890626 -0.01106204406594616 -0.09320649085163883 -0.04730484241947164 -0.02971039180774025 0.07401745735584665
 -0.01288582670005117 -0.02085453355053713 0.2318652294240446 -0.003045823884945507 0.0589386469285841 0.02608753580630468 -0.212793277613386 -0.1596840267467297 -0.08970831709201252 0.1581046716594178
 -0.2237469307754513 -0.01002632978138038 -0.05337374789339134 -0.05336709728133904 0.00745096515382732 0.05507084786340527 0.05211321321518357 -0.09161366753376442 -0.2203708239297979 0.1621937184400435
 -0.1200268903489067 -0.03444911854134126 -0.1498974449595711 0.07970142045085558 0.02583221674121882 -0.02323772117870626 0.225963294557947 0.09470248385915815 0.006574313384395603 -0.3392304595580746


# name: iter
# type: scalar
652


# name: c
# type: matrix
# rows: 1
# columns: 10
 0.508195454251039 0.3823298600816711 0.4388213013250269 0.4580307872207999 0.6658913793025276 0.2553830089240683 0.4967093289653596 0.5291617247163937 0.3443568105944468 0.192519173791802


# name: mean_corr
# type: matrix
# rows: 18
# columns: 1
 -0.03065285415211796
 -0.0233642866803835
 0.02809669802956099
 0.05485099857770179
 0.1076462769418028
 0.1100028774770971
 0.07771860806308148
 0.08025719430708926
 0.102081780105456
 0.1033345393454188
 0.1042613273404329
 0.1324133274434807
 0.1353200240406635
 0.1373572601399081
 0.1652067724969463
 0.1651373822663012
 0.1654149976915989
 0.4271398829173135


# name: mean_error
# type: matrix
# rows: 18
# columns: 1
 1.452435662011901
 1.446194233326072
 1.41708967621223
 1.399076441010646
 1.367510955303498
 1.36471385976748
 1.363742785831843
 1.36114548980749
 1.340078670335962
 1.33166406698523
 1.330750159681909
 1.319165671368983
 1.310699776248408
 1.303699292345966
 1.275632266491439
 1.273409037459252
 1.274617794122401
 1.216818830093187


# name: iter_improve
# type: matrix
# rows: 18
# columns: 1
 1
 9
 26
 40
 57
 107
 186
 197
 206
 267
 281
 303
 304
 309
 322
 480
 640
 652


# name: optim_start
# type: scalar
652


# name: optim_steps
# type: scalar
18


# name: VPVP_params
# type: scalar struct
# ndims: 2
 1 1
# length: 8
# name: lambda
# type: scalar
300000000


# name: downsample
# type: scalar
10


# name: MaxIter_X
# type: scalar
200


# name: MaxIter
# type: scalar
50


# name: optTol_X
# type: scalar
1e-06


# name: progTol_X
# type: scalar
1e-10


# name: optTol_aW
# type: scalar
0.0001


# name: progTol_aW
# type: scalar
1e-07




