# Created by Octave 3.8.1, Sat Jan 06 20:46:57 2018 ART <gabrevaya@ws9.labo2>
# name: y_start
# type: matrix
# rows: 10
# columns: 1
 0.6652342753853971
 1.063329041930364
 1.691973819524196
 -0.0773245750879297
 -0.5341568313325987
 -0.6292081044998431
 -0.3005832927065997
 -0.5862184055520745
 1.189910125924318
 1.030441634520488


# name: alphas
# type: cell
# rows: 1
# columns: 3
# name: <cell-element>
# type: matrix
# rows: 10
# columns: 1
 0.706906775434943
 0.3565244803242829
 0.4390433656443226
 0.8506098217041825
 0.6818405613064871
 0.5808542607096316
 0.6571046131997513
 0.1967664483956968
 0.7018997095648353
 0.7081804396484017



# name: <cell-element>
# type: matrix
# rows: 10
# columns: 1
 1.265219090215829
 0.9511183036892693
 0.8449506511636773
 0.89302388682611
 1.065520305075286
 0.9335622526234497
 0.6621493598354525
 0.9204140978680592
 1.267126873553702
 0.9654967439991642



# name: <cell-element>
# type: matrix
# rows: 10
# columns: 1
 11.40691270992947
 11.40672678986539
 11.2046630978194
 11.20907251253412
 11.46158600525318
 11.30904282240431
 11.40227995518037
 11.39499355060989
 11.2354782169688
 11.5644472187447





# name: W
# type: matrix
# rows: 10
# columns: 10
 0 0 0 0 0 0 0 0 0 0
 0 0 0 0 0 0 0 0 0 0
 0 0 0 0 0 0 0 0 0 0
 0 0 0 0 0 0 0 0 0 0
 0 0 0 0 0 0 0 0 0 0
 0 0 0 0 0 0 0 0 0 0
 0 0 0 0 0 0 0 0 0 0
 0 0 0 0 0 0 0 0 0 0
 0 0 0 0 0 0 0 0 0 0
 0 0 0 0 0 0 0 0 0 0


# name: iter
# type: scalar
652


# name: c
# type: matrix
# rows: 1
# columns: 10
 0.213667364996978 -0.05276431045614776 0.01754109576226795 0.2814668440774132 0.2574761273301771 0.2097763596064622 0.08198698318773233 -0.01715790132193298 0.2343667627386325 0.1135391556242043


# name: mean_corr
# type: matrix
# rows: 17
# columns: 1
 -0.03065285415211796
 -0.0233642866803835
 0.02809669802956099
 0.05485099857770179
 0.1076462769418028
 0.1100028774770971
 0.07771860806308148
 0.08025719430708926
 0.102081780105456
 0.1033345393454188
 0.1042613273404329
 0.1324133274434807
 0.1353200240406635
 0.1373572601399081
 0.1652067724969463
 0.1651373822663012
 0.1654149976915989


# name: mean_error
# type: matrix
# rows: 17
# columns: 1
 1.452435662011901
 1.446194233326072
 1.41708967621223
 1.399076441010646
 1.367510955303498
 1.36471385976748
 1.363742785831843
 1.36114548980749
 1.340078670335962
 1.33166406698523
 1.330750159681909
 1.319165671368983
 1.310699776248408
 1.303699292345966
 1.275632266491439
 1.273409037459252
 1.274617794122401


# name: iter_improve
# type: matrix
# rows: 17
# columns: 1
 1
 9
 26
 40
 57
 107
 186
 197
 206
 267
 281
 303
 304
 309
 322
 480
 640


# name: optim_start
# type: scalar
652


# name: optim_steps
# type: matrix
# rows: 0
# columns: 0


# name: VPVP_params
# type: scalar struct
# ndims: 2
 1 1
# length: 8
# name: lambda
# type: scalar
300000000


# name: downsample
# type: scalar
10


# name: MaxIter_X
# type: scalar
200


# name: MaxIter
# type: scalar
50


# name: optTol_X
# type: scalar
1e-06


# name: progTol_X
# type: scalar
1e-10


# name: optTol_aW
# type: scalar
0.0001


# name: progTol_aW
# type: scalar
1e-07




