# Created by Octave 3.8.1, Sun Jan 07 04:52:15 2018 ART <gabrevaya@ws9.labo2>
# name: y_start
# type: matrix
# rows: 10
# columns: 1
 0.9800866033516678
 0.07549902291443178
 1.409880047638554
 0.4430937905821313
 -1.424806211485294
 -3.474900807626962
 0.3828821576119177
 -0.9645394369239745
 2.326293516172221
 1.619284207444672


# name: alphas
# type: cell
# rows: 1
# columns: 3
# name: <cell-element>
# type: matrix
# rows: 10
# columns: 1
 -0.2925044810873813
 -0.01779569301949604
 -0.08080341900605574
 1.52514557775508
 0.247011952831587
 -0.260663122605153
 0.6628876553633256
 0.5908487777993777
 1.057596925508491
 0.3432181688034889



# name: <cell-element>
# type: matrix
# rows: 10
# columns: 1
 1.24586647259154
 1.053850017296553
 0.6039445958809835
 0.3088843018451923
 1.200229996298684
 0.5133884018672265
 0.7341029552549351
 0.5568999482139844
 1.608998520291911
 0.293793999071037



# name: <cell-element>
# type: matrix
# rows: 10
# columns: 1
 11.60463696541856
 11.85937432016973
 11.84745943537987
 11.08245144485496
 11.33866851780219
 10.97503400904401
 11.71664451641202
 10.3792685505487
 12.29518353227195
 10.82070781929283





# name: W
# type: matrix
# rows: 10
# columns: 10
 0.283385971119411 -0.08284764423214376 0.3648752793884359 -0.09153216778101743 -0.5051831634377129 0.2240805697042618 -0.4929031018484537 -0.9780468539452408 -0.5464715346474431 0.952143515014397
 -0.2252872781197005 0.3005119084720474 -0.4628404060384108 0.3634603552691578 -0.1938922280185998 0.4194012539073573 0.2631570956876846 -0.3489045976496089 0.2094439730057758 0.04391038043656706
 -1.042342524370995 -0.1167595143497971 -0.5570519209382264 -0.00573681773152312 0.1504835851656437 -0.1483371201731518 0.1202993641070371 0.4749308835887603 0.1503798976188707 -0.4809554891695276
 -1.165906148988523 -0.9685589788370202 0.715673066003877 0.1797949899252684 0.1457304898128295 -0.02677919812821796 -0.6969675691814901 -0.5113882369869245 -0.420572403668701 -0.4462359182710174
 0.2981731138069202 -0.2574998385187228 0.1809321633684101 0.08220577094036725 0.2108305865841339 0.1459876526082366 1.02567433179781 -0.7359081343896717 0.1020667657650741 -0.1475104441116946
 -0.1732088799251998 -0.1145824178653878 0.4510286634092494 -0.2869566520583876 0.5556910235540046 0.04346680200233973 -0.1161417432782155 -0.3054882848771952 0.1108860299772155 0.1728425992244042
 0.01693897474542454 0.1273208393425974 0.4025048755749783 0.07687933344803043 -0.0436478189427929 0.2520406335502683 -0.1238664854036118 -0.01048160242732745 0.01597863192970433 0.3627063018392166
 -0.08834084777557417 -0.3710769132053804 -0.08356065251984597 0.2205354652485333 -0.01693004268260553 0.3607429448025331 -0.2603874905452637 -0.1201173087152167 -0.5649107835502651 0.1275863270976134
 -0.3206644732632659 0.06346180658085512 -0.5461345211077221 -0.3153157696584739 -0.2450103769318705 0.3352048959723484 0.2745940184599412 -0.560762620513325 -0.4857194318565029 0.551941702928338
 -0.00841269460502593 0.02250282142498386 -0.4946599216125087 0.351985372566428 0.2254828035812001 -0.3365187009690354 1.005411938599241 0.399540371311851 0.5957237309000715 -0.4453119724429045


# name: iter
# type: scalar
100000


# name: c
# type: matrix
# rows: 1
# columns: 10
 NaN NaN NaN NaN NaN NaN NaN NaN NaN NaN


# name: mean_corr
# type: matrix
# rows: 503
# columns: 1
 -0.03065285415211796
 -0.0233642866803835
 0.02809669802956099
 0.05485099857770179
 0.1076462769418028
 0.1100028774770971
 0.07771860806308148
 0.08025719430708926
 0.102081780105456
 0.1033345393454188
 0.1042613273404329
 0.1324133274434807
 0.1353200240406635
 0.1373572601399081
 0.1652067724969463
 0.1651373822663012
 0.1654149976915989
 0.4271398829173135
 0.4029876262990381
 0.3683000483227694
 0.3693065499656866
 0.3659444011951048
 0.3673356551862259
 0.3653298709589941
 0.3671526401168997
 0.3595038863680834
 0.3608665633913285
 0.35971714790109
 0.3585063978532227
 0.361571482131209
 0.3580009411913327
 0.3553860222895423
 0.3536349878539867
 0.4792946170918266
 0.471473210489901
 0.4700326753940746
 0.4741537461629473
 0.4454004356965744
 0.4544075125155816
 0.4523754893999395
 0.443878907392876
 0.4106811730099166
 0.4222568067189491
 0.430171508720802
 0.4323931088341043
 0.4247534967271215
 0.4210643457442022
 0.4215655734782975
 0.4194056044439248
 0.4207879191037951
 0.4184605554789929
 0.4165998898455607
 0.4169810504792008
 0.4143963675701134
 0.4120169217084124
 0.4107166483480217
 0.409050273555693
 0.4018063104941658
 0.4014607639568655
 0.4031001575674747
 0.4062659003770184
 0.4024517640449226
 0.4013421050313557
 0.4025343037599567
 0.3962043692825232
 0.3964230891732481
 0.3968066654532685
 0.3954466528536381
 0.3934811763211152
 0.3968372816461824
 0.3913338533131492
 0.3914666858167832
 0.3884615807732165
 0.3882931649453251
 0.3858808290691482
 0.5061380107565894
 0.4989949951794004
 0.4874628697907545
 0.487847626127876
 0.487084358490631
 0.4863082409981551
 0.4797673696958131
 0.4757085574774587
 0.4788586571083439
 0.4781001882783814
 0.4737544455204586
 0.4699670825823307
 0.4771385130216286
 0.4776050566970609
 0.4585316462982807
 0.4602139348234724
 0.4617624998827519
 0.4609668506171291
 0.4593409745727898
 0.44255877223504
 0.44517504098006
 0.4440937427896219
 0.4472409122975106
 0.4495726512798999
 0.4495710225443067
 0.4490254303004967
 0.446667012516567
 0.4456582363603968
 0.4459374297126477
 0.4456318705510938
 0.4330328848158366
 0.4322929450768572
 0.4458628014853199
 0.4450797352853212
 0.4301366732009737
 0.4330535138215607
 0.4320880052706788
 0.4344412828898597
 0.4286888072439643
 0.4294233180993188
 0.4286812589047185
 0.4273432646725659
 0.4272174323006871
 0.425535663928
 0.4254444791271629
 0.4218235523305682
 0.4215576506977031
 0.5143381543759099
 0.5053226445188856
 0.5044498351033188
 0.5067366329166183
 0.4908910884422436
 0.4925046537476208
 0.4775781318660978
 0.4339014064837874
 0.4627595037907319
 0.4622036897804883
 0.4542995531902744
 0.4510811364904032
 0.4420109591696997
 0.4496475792271671
 0.4565618919809514
 0.4576098073673546
 0.4541414946450905
 0.4522272290263566
 0.4532296725199292
 0.452623371899288
 0.4607121969763739
 0.4346729877910085
 0.4346434884243722
 0.4361611360847403
 0.4362502712752975
 0.4464349717242522
 0.4468736017231448
 0.4480542801722399
 0.4477815889329103
 0.4429595454000085
 0.4368311472497347
 0.4350448289447571
 0.4344896408891136
 0.4332966433894129
 0.4379525187722684
 0.4321007596467729
 0.4366821076171074
 0.4363414675904128
 0.4355514657431717
 0.4382600187690128
 0.4421820126477968
 0.4463426299914142
 0.4458455528451969
 0.4458069472076864
 0.4461217574324735
 0.4387917102774467
 0.4532629394998275
 0.4565392381399351
 0.4564922990768674
 0.4497502613079581
 0.4460040951449828
 0.4444637914766399
 0.4432969818893915
 0.4486008570297656
 0.4436809261397738
 0.4422688085460359
 0.4419429087266041
 0.4457024947267383
 0.445352161817214
 0.4453089485722829
 0.4439429920086946
 0.4436591591155239
 0.4418257126256412
 0.4410006836088216
 0.4378181656111003
 0.4440373963295084
 0.4423228523563082
 0.4413818895611948
 0.4407013112344377
 0.4413328151294643
 0.4413310843390433
 0.4424270257705801
 0.4393162803807767
 0.438814918186034
 0.4421285599477079
 0.4414843226206847
 0.4446650499625757
 0.4430160232962183
 0.4437658078983483
 0.5161771175827521
 0.5018303952391514
 0.501333568810481
 0.5011674595396671
 0.4995042600143611
 0.5033233271588785
 0.5025012016422308
 0.4967825684737634
 0.4893077828768856
 0.4875719237039644
 0.452172295181508
 0.4546160788740011
 0.4674893953672339
 0.4647580510784101
 0.4632594780645986
 0.4560141604737392
 0.4480527490519043
 0.4459505934071347
 0.4434399844831528
 0.4361758639676786
 0.433894735764604
 0.432006930288705
 0.4312477568575708
 0.4212613253828184
 0.4212642180701369
 0.4223157528066843
 0.4206465528593574
 0.420082043657083
 0.4215891532444002
 0.421287131838698
 0.5202103321000673
