# Created by Octave 3.8.1, Tue Nov 28 19:55:32 2017 ART <gabrevaya@ws16.labo1>
# name: y_start
# type: matrix
# rows: 15
# columns: 1
 -1.549682025445458
 0.4121843839770108
 0.4389481129651783
 0.09541814979590003
 1.253557471636866
 -1.051356232032733
 -0.9927813922248001
 -0.4255739843847688
 0.1618907028194939
 0.3532009777179554
 0.1934996309336988
 -1.855932591364645
 -1.446356584077947
 -1.139529863539062
 -1.443366342772497


# name: alphas
# type: cell
# rows: 1
# columns: 3
# name: <cell-element>
# type: matrix
# rows: 15
# columns: 1
 0.6330362414612408
 0.3097143662157172
 0.6826000330285263
 0.7058776174529711
 0.5749623780053713
 0.5772020983330532
 0.5026899320996654
 0.4215246811143247
 0.8533626298672841
 0.3809756758394758
 0.5146761950971249
 0.5695121787031582
 0.2447874435602805
 0.5414942750746456
 0.7991306143376868



# name: <cell-element>
# type: matrix
# rows: 15
# columns: 1
 0.8207271987406308
 1.104118198578274
 1.053239663771486
 0.7767954286131817
 0.9235552158985307
 1.098959934384795
 0.9902573431701376
 1.036822621712899
 1.101750840624024
 1.184069839878954
 0.9380379321844301
 0.9165497837595558
 1.208665881024604
 1.094794889910597
 0.9767430863370634



# name: <cell-element>
# type: matrix
# rows: 15
# columns: 1
 11.78315467601636
 11.54438715921888
 11.33205204786539
 11.08519103966204
 11.3555877869112
 11.55383060983218
 11.57295259952538
 11.20193917018914
 11.42126903189391
 11.58362894503217
 11.47440477934969
 11.40776944092248
 11.64005725613163
 11.39278302731169
 11.25820928242929





# name: W
# type: matrix
# rows: 15
# columns: 15
 0 0 0 0 0 0 0 0 0 0 0 0 0 0 0
 0 0 0 0 0 0 0 0 0 0 0 0 0 0 0
 0 0 0 0 0 0 0 0 0 0 0 0 0 0 0
 0 0 0 0 0 0 0 0 0 0 0 0 0 0 0
 0 0 0 0 0 0 0 0 0 0 0 0 0 0 0
 0 0 0 0 0 0 0 0 0 0 0 0 0 0 0
 0 0 0 0 0 0 0 0 0 0 0 0 0 0 0
 0 0 0 0 0 0 0 0 0 0 0 0 0 0 0
 0 0 0 0 0 0 0 0 0 0 0 0 0 0 0
 0 0 0 0 0 0 0 0 0 0 0 0 0 0 0
 0 0 0 0 0 0 0 0 0 0 0 0 0 0 0
 0 0 0 0 0 0 0 0 0 0 0 0 0 0 0
 0 0 0 0 0 0 0 0 0 0 0 0 0 0 0
 0 0 0 0 0 0 0 0 0 0 0 0 0 0 0
 0 0 0 0 0 0 0 0 0 0 0 0 0 0 0


# name: iter
# type: scalar
705


# name: c
# type: matrix
# rows: 1
# columns: 15
 0.09465363532295035 -0.0498997022748668 0.09502891291535603 0.2576440482898291 -0.3233269735879009 0.2653688718604099 0.01435866658879611 0.5351239482356144 0.08270635644342654 -0.006775735778585362 -0.05319077739391627 0.04516696940260733 0.08875632532220912 0.1110586943304297 0.0580631543716395


# name: mean_corr
# type: matrix
# rows: 19
# columns: 1
 -0.07572163845719108
 -0.0691796121130938
 -0.03606030280266029
 -0.04101451817967507
 -0.02782842497953257
 -0.02659875057558531
 -0.02017078369182237
 -0.007790318735119827
 -0.007620373399119243
 0.007481868660553135
 0.04256956924850614
 0.06131739049813319
 0.07511741277268906
 0.0785605563290655
 0.09319604886753945
 0.0958699978628086
 0.09695631827485025
 0.1085745235525894
 0.1091683521786481


# name: mean_error
# type: matrix
# rows: 19
# columns: 1
 1.469299582540309
 1.466589681107128
 1.444908976580515
 1.485149426142334
 1.479983758940751
 1.480098317336338
 1.471723649556326
 1.469734284724387
 1.467851403278835
 1.453004683733289
 1.439701518173827
 1.424067929318276
 1.419221030264739
 1.41696489301062
 1.409822813779788
 1.407333754148127
 1.404147187568442
 1.393530596051743
 1.395262266217898


# name: iter_improve
# type: matrix
# rows: 19
# columns: 1
 1
 20
 41
 62
 79
 80
 122
 127
 135
 156
 177
 184
 198
 210
 262
 417
 458
 476
 510


# name: optim_start
# type: scalar
705


# name: optim_steps
# type: matrix
# rows: 0
# columns: 0


# name: VPVP_params
# type: scalar struct
# ndims: 2
 1 1
# length: 8
# name: lambda
# type: scalar
300000000


# name: downsample
# type: scalar
10


# name: MaxIter_X
# type: scalar
200


# name: MaxIter
# type: scalar
50


# name: optTol_X
# type: scalar
1e-06


# name: progTol_X
# type: scalar
1e-10


# name: optTol_aW
# type: scalar
0.0001


# name: progTol_aW
# type: scalar
1e-07




