# Created by Octave 3.8.1, Wed Nov 29 00:12:37 2017 ART <gabrevaya@ws19.labo5>
# name: y_start
# type: matrix
# rows: 15
# columns: 1
 1.077781001842775
 -1.088737311802435
 -0.02569059114809348
 0.7918604780892178
 0.1107785288121382
 0.9918999467387781
 1.581526126288219
 0.3652823840765616
 -0.3592705751178634
 1.030023469565981
 1.97656560815565
 0.8358578819595841
 0.7359098065003473
 -0.6480720484055418
 -0.9644753234771307


# name: alphas
# type: cell
# rows: 1
# columns: 3
# name: <cell-element>
# type: matrix
# rows: 15
# columns: 1
 0.582096433690329
 0.6487641565196984
 0.6133182915928894
 0.5155584682732353
 0.6027815709348028
 0.5789533077015394
 0.4689282367332384
 0.6856704855504544
 0.4374871959945676
 0.1658794283231103
 0.5418316886995072
 0.4305514102703994
 0.6439645867788062
 0.6079204513197374
 0.5678946916114836



# name: <cell-element>
# type: matrix
# rows: 15
# columns: 1
 1.29116704392914
 0.8531624373485407
 0.8874687042222755
 1.195191022588076
 1.204014976394891
 0.9413983043113522
 1.263867987788168
 1.200345324713619
 1.004099038170376
 1.336780069680398
 0.2829141853828756
 1.112028654270457
 0.7579799779282637
 0.9159063630194841
 0.9377084251300194



# name: <cell-element>
# type: matrix
# rows: 15
# columns: 1
 11.57415979530344
 11.01985350477855
 11.55143281470038
 11.45916506382167
 11.52275976410719
 11.18468820637017
 11.42466910385468
 11.59690989523492
 11.32494811208429
 11.43490182087832
 11.3709455341651
 11.38498768850988
 11.83555311117963
 11.36310652391568
 11.36122534744324





# name: W
# type: matrix
# rows: 15
# columns: 15
 -0.1457503910072835 -0.04821384960350827 0.0628262283019904 0.03323662870869828 -0.08485143692729247 0.07620657302912309 0.0646015760634579 -0.1724894698547434 -0.03857320572645687 -0.006053998865157914 -0.1052223344163603 0.07836130985485723 -0.1409519191448316 -0.0637193802540897 0.1282623872399745
 0.2378952718106004 -0.1619678334372411 -0.1983900509543414 -0.3035012056752954 0.1915996604765561 0.05033657201319619 -0.1254905728521472 0.1704262785787851 -0.04880492324110071 0.2403820940699107 -0.06981926466027724 -0.2234669705841483 0.1337297581008595 0.09118704780882381 -0.4364710191154895
 -0.1058928439456014 0.02848624018915098 -0.2100040301715873 -0.06427132393775957 -0.03600552591955803 -0.04363151104560473 0.0561531838038057 -0.0489853935253197 0.04212344369236325 -0.01066962921543655 -0.0440776326140466 0.03093544243137989 0.06581284730729488 -0.0325228473126797 -0.00436906658755884
 -0.07566953431468471 0.001122531345394149 -0.1081824200255745 -0.2962290663656506 0.2071273207677115 -0.1330937912094379 -0.04501506677160925 0.03498276823883446 0.08645546867142602 -0.1476399941218023 0.03228624135605498 -0.1303423782306257 0.1986489354205355 -0.03040098358943606 -0.126694697014839
 -0.1166146100435361 0.1360816510173534 -0.05270858437079055 0.09877556130549779 -0.01161747421607487 -0.01558021506909702 0.1638523864371079 0.2157649105730255 0.1138786748139949 -0.1045982965912955 -0.09725844037674587 0.07144640248100649 0.1206486949240141 -0.04808565054771711 0.02374689821950996
 0.01081553091541179 0.01916975097181177 -0.1066445103633908 -0.06956841319757527 -0.01136609939486408 -0.2988322935776303 -0.1462724362475422 -0.04796177872880241 0.02443816843077614 -0.09706342034504845 0.1644145072206589 -0.1171370354508167 0.1891244885875829 0.08006443892843494 -0.143888702209097
 0.03225326663247152 -0.1127876866550161 -0.06616359705906331 -0.3390163366983715 0.1571511840774782 -0.1646372431043591 -0.2583216810440253 -0.01192443938390161 0.01105751034601614 -0.01330153242306575 0.1410206425129141 -0.2670422669319488 0.1727669702855105 0.0164368434716601 -0.2509522904712676
 0.04115169438134544 -0.0444915154610122 -0.08000243501014692 0.08198217087181607 -0.004241690370451431 -0.1379575874879502 0.06653149718026857 0.05287100598898396 0.06852569713393408 0.1613552424044794 0.002476671619404934 0.04134776521319454 0.2094141653912087 -0.06421545462707959 -0.03825974236398744
 0.01716995259067598 -0.05555194898784848 0.01275342172746646 -0.08151952506565559 0.04338465847009776 -0.04702757914874672 -0.01958384674610664 0.03679019770195074 -0.0003277137003114659 -0.008758922718942488 -0.07597785287995815 -0.03084815112014609 0.04337273636326414 -0.02281052373824304 -0.01275320518269285
 -0.05950366924855937 -0.06620662868021517 0.1407887448310041 -0.02734554392105041 -0.05531289266426607 -0.03922340626612282 0.01316416738581651 -0.1176012772238803 0.04284582248748564 -0.1577508060438859 -0.03447492440341688 0.04914801680410616 -0.03966960455379912 -0.08868072128657484 0.2428489373693488
 -0.04250885475349166 -0.001181201569322228 0.03198216133973873 0.0183423270017288 -0.04187212755174619 -0.03751432867310256 -0.05168632500996562 -0.02337002456701957 -0.01380996453617152 -0.06337152079516158 -0.4463759987959002 -0.01980380112339875 -0.06836646467516817 0.05374052723652847 0.01604511491192788
 -0.03469149702979425 -0.09376537335456962 -0.03443319193367881 -0.2282926276974352 0.1044686335427646 -0.01328094133049981 -0.1995636002873921 -0.09851764700475366 -0.04222909438218109 -0.03894486843369372 0.07045820989458554 -0.2117917654711868 0.04115961680862776 0.04486342104485175 -0.2147755503921225
 -0.03578054825538705 0.1491354423798235 -0.02323963854094687 0.1841448657704238 -0.02412653460199538 -0.04919657925346255 0.1382217483075027 0.1771455362903279 0.05669362883024377 -0.002646547497346406 -0.01357127840308706 0.1352325226601321 -0.03839730718377789 -0.04629010167700354 0.1540492776862085
 -0.0777742173827919 0.2634112219732873 -0.09201205890215346 -0.04893797377675473 0.2474557502865432 0.2857506260852639 0.1528389861985927 0.1367507478406019 0.0002673148444477443 -0.03839880182725033 -0.1862385756716149 0.03246981933221839 -0.1505202688950627 -0.1077776038841848 0.02034952943354298
 -0.08462442100961305 -0.1523892489766773 -0.09876985237366764 -0.3659530712687825 0.08984553721357318 -0.09185408968177088 -0.1912763727401213 -0.1822841671068412 -0.03441700997734867 -0.0595671549851025 -0.000977260838892269 -0.234017984740639 0.1368944777383053 0.07995128556480036 -0.3820021867600992


# name: iter
# type: scalar
825


# name: c
# type: matrix
# rows: 1
# columns: 15
 0.4712797731011961 0.5013748800896548 0.4025024296936759 0.391679881690115 0.3599952491887618 0.2895584048363319 0.2521525317014076 0.703791726464888 0.2886952527813641 0.1435656951194636 0.3448514951265515 0.109518686807725 0.4166047249194548 0.4958024675932681 0.2097747705412199


# name: mean_corr
# type: matrix
# rows: 18
# columns: 1
 -0.07241864894641824
 -0.07145859173211815
 -0.06178670510119698
 -0.05695448885639223
 -0.02263792269716284
 -0.01945559026682393
 -0.002106381459872865
 0.006835560511882778
 0.01152356707494942
 0.01205045656354234
 0.012040105528664
 0.02843215091257861
 0.04551835051454039
 0.04593637488009412
 0.06172658420952691
 0.06318174612854774
 0.06354548075942729
 0.3587431979770052


# name: mean_error
# type: matrix
# rows: 18
# columns: 1
 1.466479343250321
 1.466406145750661
 1.458159882235422
 1.455537318076485
 1.415701775504308
 1.415136557295948
 1.412599362636923
 1.407103351579629
 1.404027585595742
 1.408108248806597
 1.403367325106013
 1.397058372127476
 1.39586823447558
 1.388923202164085
 1.378228754836402
 1.37921157143681
 1.38133127830726
 1.315586137356351


# name: iter_improve
# type: matrix
# rows: 18
# columns: 1
 1
 32
 46
 58
 62
 77
 247
 295
 302
 363
 379
 389
 470
 483
 505
 513
 741
 825


# name: optim_start
# type: scalar
825


# name: optim_steps
# type: scalar
18


# name: VPVP_params
# type: scalar struct
# ndims: 2
 1 1
# length: 8
# name: lambda
# type: scalar
300000000


# name: downsample
# type: scalar
10


# name: MaxIter_X
# type: scalar
200


# name: MaxIter
# type: scalar
50


# name: optTol_X
# type: scalar
1e-06


# name: progTol_X
# type: scalar
1e-10


# name: optTol_aW
# type: scalar
0.0001


