# Created by Octave 3.8.1, Sat Jan 06 20:39:43 2018 ART <gabrevaya@ws7.labo2>
# name: y_start
# type: matrix
# rows: 10
# columns: 1
 -0.8003092801296229
 -0.7475194456574304
 1.140010106796147
 1.476045807455753
 0.9205549900374165
 -0.04614329061304893
 0.4812581561670312
 -2.213282114361212
 -0.6157327457563199
 1.893298058146436


# name: alphas
# type: cell
# rows: 1
# columns: 3
# name: <cell-element>
# type: matrix
# rows: 10
# columns: 1
 0.6094291773112268
 0.627696273606288
 0.5731419714916267
 0.2798885669559905
 0.8138325245046336
 0.4931086080347499
 0.3190092384603644
 0.3972592220641577
 0.4893128817494009
 0.5427001549695376



# name: <cell-element>
# type: matrix
# rows: 10
# columns: 1
 0.6905674985547636
 1.205762637780317
 1.261122858020928
 0.642730338528702
 1.193828295703421
 1.002038403004396
 0.7699504423105439
 0.6163028861721694
 1.233335752200028
 0.1744019724623416



# name: <cell-element>
# type: matrix
# rows: 10
# columns: 1
 11.37556860183695
 11.5926613386495
 11.80756890779716
 11.05586293936334
 11.28835957000269
 11.4166366959477
 11.41397362011894
 11.04873097034913
 11.55120976159701
 11.57641744598835





# name: W
# type: matrix
# rows: 10
# columns: 10
 -0.105850082802445 -0.03788310398086197 0.3942555345257344 -0.08377151681258659 0.06687313052835668 0.002840336410675284 -0.04895594776884996 -0.3411697702785334 -0.3373984063398802 0.2686921933685646
 -0.01780204539092368 -0.05382814580609959 -0.1442299039174577 -0.01264398157204255 -0.003755455598117905 -0.01892271132105665 -0.0130379353699906 -0.1378325167059671 0.07087249972462742 0.06850363445849414
 0.1192657357394568 0.04668334803269216 -0.3050493183681463 0.0777866225726334 0.07509373635936048 0.1010310418293355 0.2224193656287296 0.1975799776398577 0.4282213626031945 -0.1240885170893263
 -0.2579691990810768 -0.001113537690306027 0.2090532755927029 0.06533020718574897 0.08914575127767002 -0.01400903279978847 -0.2526426440576595 0.09701590140714726 -0.03947289517049288 -0.257330988851816
 0.2349813101848731 -0.02263162265558288 0.1140330689759518 0.01675925978878457 0.04094076946389365 0.06059924876660029 0.315730760400036 0.1270467670806468 -0.02170940724217867 -0.0321768922729191
 0.08712893921457956 -0.02375261976592284 -0.08540174325394931 -0.004508959824317356 0.02162996326067831 -0.01644100738989272 0.1325392978051156 -0.002223263119797884 0.07624046212214218 0.06416920718065156
 0.008877197645013837 -0.01107009217632339 0.1789377415157638 -0.02437736269323789 0.05747247660903244 0.02340873967224615 -0.04065283349712887 0.004394501227974063 -0.115097455181083 -0.01324222158294603
 -0.238840230689145 -0.066439319804058 0.1130236197144684 -0.08882636538774276 0.1352205904938983 0.03587940507701777 -0.3450029716751792 -0.3560909209627962 0.02354279676291902 -0.02832613414092177
 0.09475125811459258 0.03320612402364778 0.1651461790753395 -0.2278378600049729 0.0372879558457174 0.107830238574676 -0.03081338790499791 -0.2725532926317071 -0.05029145134227216 0.1133141194006882
 0.03456829510633247 -0.004701708410664299 -0.05526593313143729 -0.002411234176203831 0.08192457533821308 0.08431227365960411 0.08594157873476919 -0.06172792314207914 0.158583107425342 -0.506123254987654


# name: iter
# type: scalar
503


# name: c
# type: matrix
# rows: 1
# columns: 10
 0.5814085465057395 0.484181737859104 0.4999154919577131 0.5590847670004114 0.7486950650758151 0.3116298489397028 0.4679689410783889 0.5899961684567729 0.3293248159501194 0.603109327608698


# name: mean_corr
# type: matrix
# rows: 23
# columns: 1
 -0.1901959081576122
 -0.1469729775418679
 -0.08750914795073106
 -0.0242790141575099
 -0.07906663202173722
 -0.07756077107374471
 -0.06629088534383584
 -0.002916008311150436
 0.002612275985058382
 -0.09008283578899139
 -0.06557431307763137
 -0.03140959689702742
 0.01111747175244197
 0.07069617278052449
 0.09806317055429105
 0.101168643402577
 0.1450188310428383
 0.1650039601816259
 0.1701850058760503
 0.1841636936135612
 0.184826245491238
 0.1848448816219546
 0.5175314710432466


# name: mean_error
# type: matrix
# rows: 23
# columns: 1
 1.491458411320052
 1.466695744753027
 1.448350529757759
 1.40756777289879
 1.425891743104868
 1.42499918715668
 1.420782785049942
 1.401228171743684
 1.400270843986469
 1.427637668538459
 1.414328627984486
 1.395238716578845
 1.365357156148322
 1.324667594690086
 1.313528210260029
 1.313733434286203
 1.304279071559276
 1.287446665687518
 1.273204933959264
 1.275270569810932
 1.271615830722856
 1.271481521340917
 1.179854224663357


# name: iter_improve
# type: matrix
# rows: 23
# columns: 1
 1
 5
 8
 25
 31
 46
 64
 70
 82
 155
 168
 169
 179
 253
 262
 267
 271
 273
 286
 290
 299
 311
 503


# name: optim_start
# type: scalar
503


# name: optim_steps
# type: scalar
23


# name: VPVP_params
# type: scalar struct
# ndims: 2
 1 1
# length: 8
# name: lambda
# type: scalar
300000000


# name: downsample
# type: scalar
10


# name: MaxIter_X
# type: scalar
200


# name: MaxIter
# type: scalar
50


# name: optTol_X
# type: scalar
1e-06


# name: progTol_X
# type: scalar
1e-10


# name: optTol_aW
# type: scalar
0.0001


# name: progTol_aW
# type: scalar
1e-07




