# Created by Octave 3.8.1, Sat Jan 06 20:37:30 2018 ART <gabrevaya@ws7.labo2>
# name: y_start
# type: matrix
# rows: 10
# columns: 1
 -0.8003092633880883
 -0.7475194432878554
 1.140010112345264
 1.476045804173337
 0.9205549863542971
 -0.04614329375838514
 0.4812581754800795
 -2.213282110350191
 -0.615732747510268
 1.893298060291255


# name: alphas
# type: cell
# rows: 1
# columns: 3
# name: <cell-element>
# type: matrix
# rows: 10
# columns: 1
 0.7287424364628925
 0.686603140689417
 0.6781181779678727
 0.3762634571414325
 0.8496529502862292
 0.5019530143023065
 0.3362614216656787
 0.500914470567715
 0.5174644235882297
 0.654754797340978



# name: <cell-element>
# type: matrix
# rows: 10
# columns: 1
 0.823042901439342
 1.293616847195257
 1.055473417289055
 0.8244135048432494
 1.109481745216645
 1.023296167238769
 0.8311815001336946
 0.9803148141745199
 1.235707689133452
 0.5706506722539586



# name: <cell-element>
# type: matrix
# rows: 10
# columns: 1
 11.38320712116619
 11.60168588704665
 11.77925106563779
 11.05202095476732
 11.27317151505071
 11.41899538375352
 11.43515736573143
 11.08431142627285
 11.5486558982228
 11.62625510276046





# name: W
# type: matrix
# rows: 10
# columns: 10
 0 0 0 0 0 0 0 0 0 0
 0 0 0 0 0 0 0 0 0 0
 0 0 0 0 0 0 0 0 0 0
 0 0 0 0 0 0 0 0 0 0
 0 0 0 0 0 0 0 0 0 0
 0 0 0 0 0 0 0 0 0 0
 0 0 0 0 0 0 0 0 0 0
 0 0 0 0 0 0 0 0 0 0
 0 0 0 0 0 0 0 0 0 0
 0 0 0 0 0 0 0 0 0 0


# name: iter
# type: scalar
503


# name: c
# type: matrix
# rows: 1
# columns: 10
 0.1322675320718067 0.3947968777644202 0.08625601604290574 0.1826378217460784 0.1061968264347312 0.08945146408471125 0.178867324356708 0.05426147550724322 0.1920845834062316 0.3074483648739704


# name: mean_corr
# type: matrix
# rows: 22
# columns: 1
 -0.1901959081576122
 -0.1469729775418679
 -0.08750914795073106
 -0.0242790141575099
 -0.07906663202173722
 -0.07756077107374471
 -0.06629088534383584
 -0.002916008311150436
 0.002612275985058382
 -0.09008283578899139
 -0.06557431307763137
 -0.03140959689702742
 0.01111747175244197
 0.07069617278052449
 0.09806317055429105
 0.101168643402577
 0.1450188310428383
 0.1650039601816259
 0.1701850058760503
 0.1841636936135612
 0.184826245491238
 0.1848448816219546


# name: mean_error
# type: matrix
# rows: 22
# columns: 1
 1.491458411320052
 1.466695744753027
 1.448350529757759
 1.40756777289879
 1.425891743104868
 1.42499918715668
 1.420782785049942
 1.401228171743684
 1.400270843986469
 1.427637668538459
 1.414328627984486
 1.395238716578845
 1.365357156148322
 1.324667594690086
 1.313528210260029
 1.313733434286203
 1.304279071559276
 1.287446665687518
 1.273204933959264
 1.275270569810932
 1.271615830722856
 1.271481521340917


# name: iter_improve
# type: matrix
# rows: 22
# columns: 1
 1
 5
 8
 25
 31
 46
 64
 70
 82
 155
 168
 169
 179
 253
 262
 267
 271
 273
 286
 290
 299
 311


# name: optim_start
# type: scalar
503


# name: optim_steps
# type: matrix
# rows: 0
# columns: 0


# name: VPVP_params
# type: scalar struct
# ndims: 2
 1 1
# length: 8
# name: lambda
# type: scalar
300000000


# name: downsample
# type: scalar
10


# name: MaxIter_X
# type: scalar
200


# name: MaxIter
# type: scalar
50


# name: optTol_X
# type: scalar
1e-06


# name: progTol_X
# type: scalar
1e-10


# name: optTol_aW
# type: scalar
0.0001


# name: progTol_aW
# type: scalar
1e-07




