# Created by Octave 3.8.1, Sun Jan 07 18:07:25 2018 ART <gabrevaya@ws4.labo2>
# name: y_start
# type: matrix
# rows: 10
# columns: 1
 -0.201852969469053
 -0.03917721441395767
 -0.3239475813510773
 0.1274306300954222
 -0.2510380153512347
 -1.342055921928456
 0.8075791672970263
 0.4995313196682733
 0.1318653367785965
 0.2400917204932034


# name: alphas
# type: cell
# rows: 1
# columns: 3
# name: <cell-element>
# type: matrix
# rows: 10
# columns: 1
 2.191040551045107
 0.5386444658809083
 1.418295895320257
 1.615858249753745
 0.2062626042020299
 -4.216166564149124
 0.6799895655636159
 0.2670708743766832
 0.7578009262433565
 1.219918043557088



# name: <cell-element>
# type: matrix
# rows: 10
# columns: 1
 0.1763536973883023
 0.8588584055119519
 1.779237431976781
 0.3547056776834488
 0.9854011151296023
 0.3935607909055956
 0.8629525322264011
 0.4651555530684768
 0.3705565271831883
 0.5014305330461387



# name: <cell-element>
# type: matrix
# rows: 10
# columns: 1
 11.97043765292351
 11.50704995213959
 9.240016306402309
 10.9300346016258
 10.1516852666688
 12.40040455456927
 10.99834647476292
 12.6992064106981
 11.08490335454097
 8.770218818712872





# name: W
# type: matrix
# rows: 10
# columns: 10
 -0.04148985749164375 0.04615024992597157 0.9184134875374995 0.117656149233991 0.8366626378463264 0.3394212539477565 -0.1778160571535405 -0.1919648119249036 0.4527649008801747 0.1569975133975733
 0.2653055551305532 -0.1915453202116647 -0.6484951867410395 0.5164891604133414 -0.04343947604853886 0.4300995791244617 -0.0399055031459708 -0.1127416033656735 0.4506133206330544 -0.3627531787840732
 0.6442176294120892 0.7432385034561301 0.02956518840432456 0.1259559006592674 0.7157703724413466 -0.2737796066337546 0.2566341183090292 0.308247181220272 0.9547741161037882 -0.07094444245630196
 0.3324075112381402 -0.4529330576918824 0.05229956983040532 0.2179816156781654 -0.1944337401491259 0.4409505501363377 -1.049245855551972 -0.3072091036838249 -0.6295393479662428 -0.759979257172964
 -0.1857808585475781 -0.5842532432879514 0.1985110309696825 0.394064858998508 0.213794556515004 -0.4331922082518718 0.3250391238296667 -0.6922077803298254 0.05024775399480577 0.1748829280056155
 1.227343646058685 0.06581298850013097 0.2345256091853432 0.01113565985767987 0.1678569768069969 -0.198461514036735 0.0007688170674256655 -0.4500783401069234 0.1351305805630139 0.2116034926883221
 1.026334040017809 -0.580401119880762 0.5837396883640442 -0.2130330981848535 -0.4026001754672023 0.3806096440325579 -0.6523392451738873 -0.03544490596476348 0.02761073379688139 1.002611602627927
 0.4579685513951661 -0.2144877430056753 -0.08322008859678241 -0.006692143870822375 -0.2183060243528614 0.415552932983582 -0.2050936862565766 -0.0376741448557486 -0.07891458263113495 -0.5017025165821147
 0.6180024596201048 -0.3878270667601026 0.5509510676878145 0.2275119509083694 0.9695404062062184 0.06695464502236259 -0.3815620225997782 0.42228625990726 -0.3067527087273522 0.5595937049316453
 -0.9716895524095792 -0.2158366868010292 -0.009481945485759875 -0.4531320204977599 0.03426893664791197 0.06993204845854363 0.845435379385325 0.148550675862024 0.3480960933423933 -0.7266520508981379


# name: iter
# type: scalar
100000


# name: c
# type: matrix
# rows: 1
# columns: 10
 0.6158321900959741 0.5622985363202802 0.6025096604654464 0.7582130324109067 0.7531927214067327 0.5724619119561193 0.5681851038403672 0.439705288877796 0.6471403211275099 0.6103667302564338


# name: mean_corr
# type: matrix
# rows: 1345
# columns: 1
 -0.1115498278539206
 -0.1092893083090563
 -0.09387858931412703
 -0.0922275163793774
 -0.07969953200925639
 -0.05252765652593352
 -0.01969070281850655
 0.0009072595611798156
 0.02804944655440529
 0.06293788778910989
 0.06515029058156938
 0.0684693106530498
 0.09527969613172194
 0.101873647713094
 0.1063282777228879
 0.107933340143861
 0.1362064226979505
 0.152423796217578
 0.1778305040986145
 0.1852398510828939
 0.2027939922647367
 0.2100944324896005
 0.2109515903897574
 0.3913800543518491
 0.3922298770219103
 0.387356989591996
 0.3797999190008603
 0.3798805838574327
 0.3767290666214597
 0.3726519715096589
 0.3409858753416118
 0.3413264443053785
 0.335089020587384
 0.3342561367985515
 0.35244771271527
 0.3522617171350056
 0.3612414266546612
 0.3515165342578122
 0.3514909395238653
 0.3502318497158226
 0.3256399524692017
 0.4336416964442226
 0.4329435300071247
 0.4317488465895144
 0.4262177149968303
 0.4241436890845972
 0.4252760859598819
 0.3697995753472875
 0.378922979811562
 0.3768549487507158
 0.373442100804137
 0.3736359593489338
 0.3691425259676953
 0.3688275001208621
 0.3691512746829855
 0.3702840592327073
 0.3692717207205499
 0.3667727672222847
 0.3701678632449467
 0.3701843043060388
 0.367195269130394
 0.365265077810103
 0.365370004864991
 0.3613494176727399
 0.3621115427521008
 0.3611854985179721
 0.3646461581716783
 0.3598967155642531
 0.3606301601730195
 0.367055859328779
 0.4411970669330578
 0.4391799415426837
 0.4434030402899158
 0.4432149012614001
 0.442873171751634
 0.4429057447754827
 0.4394174476138814
 0.436968559615199
 0.4368336017228509
 0.4342519024663954
 0.4346758774659584
 0.432659363272676
 0.4288766399904186
 0.4310095158669631
 0.4307978413155393
 0.430965312455367
 0.4324308242839507
 0.434424206504437
 0.4333778098017826
 0.4333090410552703
 0.4259934883201509
 0.4257397232738627
 0.4238078755767184
 0.4192261682677068
 0.4211003458423274
 0.4217059230702153
 0.4217329361630733
 0.4218282494720399
 0.4208922431678784
 0.4207815385555304
 0.4204709087436009
 0.4210097430180447
 0.4216707001483783
 0.421460751820959
 0.42152048785242
 0.422518306770672
 0.4207917889634391
 0.4166257722032246
 0.4160374581017833
 0.4162858929102541
 0.4163177302886121
 0.4171820937436277
 0.41769156232531
 0.4182282294631176
 0.4176725448923128
 0.4175378666839561
 0.4162132610164971
 0.4164651468837199
 0.4738743107972388
 0.4730679769124098
 0.4730318133016868
 0.4698442119976386
 0.4624509429978548
 0.4607373378391252
 0.4620109226616601
 0.4629076321631559
 0.4632284508855564
 0.4639195645448842
 0.4634742426808394
 0.4629691116754076
 0.4615445703100267
 0.4629219399134058
 0.4619972240919663
 0.4627948110646449
 0.4631306550530361
 0.4609534284962103
 0.4611000632690757
 0.4599723124288342
 0.4587624469611361
 0.4571463511648935
 0.4583212373590371
 0.458121350150911
 0.449707356698099
 0.4502714815042465
 0.4461925926916587
 0.4453713735508951
 0.4444281539027122
 0.4449522967796474
 0.4453465582880866
 0.4458148181459491
 0.4848400804343521
 0.4845251200415023
 0.4812790784353897
 0.4802203559590478
 0.4769839904065288
 0.4769595838850954
 0.4764771234380481
 0.4767308400093855
 0.4700909994661884
 0.4704511808066984
 0.4718949864135867
 0.4729299654262089
 0.466973897868493
 0.4668062902709499
 0.4595171874031614
 0.4598289502954651
 0.4601472050799154
 0.4597974397770686
 0.4594463658387237
 0.4626442438290125
 0.4625870323482932
 0.4966058470272201
 0.4960032768040132
 0.4960845839079546
 0.4851412315393683
 0.4848434302330383
 0.4847196298700611
 0.479983670565463
 0.4795605554914671
 0.4777389771534809
 0.4793880464060464
 0.4697865519052404
 0.4684857477636165
 0.4665817930815918
 0.4644303985873456
 0.4645809286487742
 0.4664454190623086
 0.4663895354281015
 0.4662647588727117
 0.4660930454185076
 0.4654393553094925
 0.4653631665948364
 0.5036770811219009
 0.5031440340118556
 0.4982810276740128
 0.4979913110967774
 0.4979879030569367
 0.498683098659454
 0.4982057358312353
 0.4976358114461091
 0.4962078352191123
 0.4952282843950478
 0.4953593561526388
 0.4951127748623154
 0.4931460178935994
 0.4910318533774202
 0.4909840645446016
 0.4917248040842815
 0.4937838004360383
 0.4929952759957227
 0.4926118101059459
 0.4927367847561701
 0.4931736781285056
 0.4913386751010494
 0.4914322024445791
 0.4873153350968557
 0.4860858785299065
 0.5170280882762404
 0.5098047362529607
 0.5097294238190428
 0.5097132517347702
 0.5013192052152089
 0.5021860928167514
 0.5042377871721555
