# Created by Octave 3.8.1, Wed Nov 29 00:11:47 2017 ART <gabrevaya@ws20.labo5>
# name: y_start
# type: matrix
# rows: 15
# columns: 1
 0.1979030097484088
 0.3027403824503849
 -1.094321146557182
 -0.06845776564332645
 -1.672429279189292
 -0.588592860437295
 1.691364861346692
 -0.5479203720663647
 -0.01980289198750654
 1.143079283544867
 -0.2709059204574408
 1.066377721559364
 0.4605333866673717
 -0.5953463647206815
 1.064663260960297


# name: alphas
# type: cell
# rows: 1
# columns: 3
# name: <cell-element>
# type: matrix
# rows: 15
# columns: 1
 0.6515685691846211
 0.4026682832752578
 0.3709701450794375
 0.1878472482870837
 0.304902230386199
 0.5759281757183329
 0.5759051620329155
 0.5465456681771327
 0.5911154205691578
 0.4391443646855905
 0.4407288826998539
 0.5376546471108956
 0.555724423959896
 0.5391905717159998
 0.4964274422968116



# name: <cell-element>
# type: matrix
# rows: 15
# columns: 1
 0.8026238036705493
 0.9818615133711848
 0.9726060978674493
 1.170133809993629
 0.9823617692824819
 1.146971912601943
 1.158326691705426
 0.995345155917839
 0.9723057406324968
 1.151602605958226
 1.222454715881119
 0.9877522603059848
 1.114548225294341
 0.8877817158995116
 0.9428675729606264



# name: <cell-element>
# type: matrix
# rows: 15
# columns: 1
 11.16741957147363
 11.46626359102597
 11.17071609603133
 11.29189964238962
 11.27537857167034
 11.53693126526283
 11.22444049629325
 11.46618088126865
 11.4857425527882
 11.36366788484402
 11.58875989476959
 11.34157526437679
 11.57631248211692
 11.50168438210455
 11.43349562971586





# name: W
# type: matrix
# rows: 15
# columns: 15
 -0.03190824809504053 0.06919774884902825 0.02639182465241918 0.1654025296647714 -0.02249714417681555 0.1183028601999164 0.09387028145963916 0.0241264979369803 0.02225714174741327 -0.09776488491717841 -0.1480092398381681 0.08820843345027306 -0.138617437451356 0.03223044774872503 0.1206438449703727
 0.05110983339370189 -0.0724420726489732 -0.09183514052065264 -0.1105869001076382 0.1773961163804649 -0.09066762167751817 -0.05487534079933711 0.1919481806733629 -0.0002941387572824804 0.1537111140877077 0.2524484493889155 -0.1369484065412032 0.1699271902876899 0.04484123183110815 -0.3299323235765849
 -0.005551276702911877 -0.05980600250648078 -0.01715538590222186 -0.09649730500712422 -0.08362595767495158 -0.1072838766282929 -0.02876707819636543 -0.05983187236271661 0.02624045176120349 0.09455929315149511 0.07700483194818065 0.01200984103632011 0.1065367721463118 -0.01228942680003644 0.0006311299161381641
 0.0341839675807362 -0.02408225436901817 -0.02136808292641044 -0.1348281967673622 0.07554998459460072 -0.09794707772509038 -0.05825802286920317 0.05406323570987349 0.01080952964315885 0.05764123415076863 0.109300411284145 -0.1134584801410691 0.1380750163189851 0.003946330468022959 -0.1575068599462931
 -0.1236265068885427 0.1040360749154029 -0.05108177042419083 0.07426804209018245 -0.01034126555839514 0.03262303563444804 0.1156602697784089 0.08921179830364712 0.02043746726081114 0.01257551039938763 0.0195255678708389 0.0258179354861836 0.001341760538440097 0.00867752756384557 0.0236712655521596
 -0.004551204725164312 -0.04402697542437053 -0.02635578894747635 -0.1019094106247194 -0.017729374346069 -0.0960995231895207 -0.0494869796167014 -0.02647467408714957 -0.00991937690393683 0.06992859096979291 0.1086318484517768 -0.03328021896407545 0.0860856231067374 0.01174246675277673 -0.05541174781929495
 0.03816785710625581 -0.1256126813207603 0.01374609178923746 -0.1551583928560391 0.0480429037207738 -0.06898242425934006 -0.2476124815696873 -0.02713693914259623 -0.01190005134489675 0.01628303914597123 0.09573612755551633 -0.1909046967013046 0.06785913439869265 0.01379470536007922 -0.2299249556242821
 0.07336321760838768 0.06719018200787337 -0.07194110046253163 0.05484985744240076 0.09076852964709846 0.03465255757935341 0.1196782465007769 0.06590869833130519 -0.01558006118795664 0.05450029323526023 0.02670778520724436 0.02404727814069277 0.01932632788977681 -0.002412980321473497 -0.04627736577385885
 0.07668849546189202 -0.01293337912317531 0.02003367340541546 -0.03933624376327916 0.02667406796426994 -0.02014109057822501 -0.02070895590363683 -0.005969938514560802 -0.0359702893060064 0.01028079841222115 0.03597076172833644 -0.02783300351079374 0.02518943286544763 -0.00152717187004993 -0.02742027613211714
 0.05983001817084137 0.01188275686934916 0.1020183938478772 0.09677401272939815 -0.01739877816293211 0.09642177057997083 0.00945023432708765 -0.0382990830736783 0.02470069262631995 -0.1537742100880864 -0.2146284699233879 0.04959474471360203 -0.1285682176269365 -0.02040229615094294 0.1489755667224894
 -0.03760390628164454 0.1354452822084205 0.005180893455794033 0.1714370026114827 0.07673653271744781 0.1077949562382262 0.1430010476316034 0.1183160267899705 0.03337408562595247 -0.104980484358836 -0.164321176978084 0.09037387088121221 -0.06730220015408778 -0.02562696433006942 0.1130244787675123
 -0.01430920772896433 -0.05662279535983721 -0.02302670140045582 -0.07858872283094041 0.05304898964843945 0.01095956089148363 -0.1762389416625472 -0.008031988087311363 -0.04280994802630954 -0.05056510425905099 0.01546397078192808 -0.2198642132761278 -0.03730533112055275 0.008720623728664504 -0.225167327075572
 0.0552767194678616 0.05335779263573203 0.07583595899346955 0.1101667285330616 -0.01754973137625647 0.06659835412702514 0.08970403451501625 0.02787793570253809 0.04214789287862961 -0.05915120369550866 -0.1043379571517824 0.09087719291892239 -0.06548958702764915 -0.01671309426768032 0.1544807219147135
 -0.2347977473757961 0.08211980580977463 -0.06906453400584378 0.01844721703417946 -0.06433413489697937 -0.00359606522783192 -9.277672100543215e-05 -0.06271296570459468 -0.0408618877663672 -0.01715655377542715 0.02717895693268232 0.0390200372848068 -0.0187597591219781 -0.1897402026038966 0.03747475921097634
 0.05413079465310246 -0.1004885980227564 0.007165683791136744 -0.1252564681170274 0.05159718798827046 -0.05938587524807022 -0.2094081307767534 -0.03517940349057611 -0.01987917341047506 -0.02006960775750174 0.04595625713747774 -0.18706952345759 0.02677331756745864 0.01936615416016861 -0.2567840495713571


# name: iter
# type: scalar
618


# name: c
# type: matrix
# rows: 1
# columns: 15
 0.4275555031544558 0.4805862056964389 0.4763053968417228 0.346362826963619 0.4393945030239536 0.4092253072710729 0.05882540130685739 0.6211018196645079 0.2892377087444027 0.1578821019981594 -0.0008520479035449079 0.1030445370305711 0.3738894282041327 0.3450616323797575 0.1880864882004121


# name: mean_corr
# type: matrix
# rows: 17
# columns: 1
 -0.08409824801154753
 -0.0756725896514522
 -0.06786071811654093
 -0.05043123833260962
 -0.02881584270807739
 -0.02441188845688248
 -0.01571425534702615
 -0.004910260403956614
 0.0008973281611287481
 0.01806091678175793
 0.023590381923303
 0.02451589417818547
 0.02956005188045837
 0.04117142337542246
 0.05444943549626273
 0.05465032953120816
 0.314380454171768


# name: mean_error
# type: matrix
# rows: 17
# columns: 1
 1.457292198623511
 1.452947942211966
 1.447716808450152
 1.456849014040123
 1.44478659544581
 1.445762330058096
 1.44770529802231
 1.441633087088346
 1.43301504777182
 1.42918888117383
 1.418088879913058
 1.416554370047116
 1.409927856530186
 1.406397999822614
 1.403122899632832
 1.402389488141105
 1.298280077440173


# name: iter_improve
# type: matrix
# rows: 17
# columns: 1
 1
 23
 61
 62
 121
 128
 150
 174
 199
 210
 289
 322
 381
 390
 410
 555
 618


# name: optim_start
# type: scalar
618


# name: optim_steps
# type: scalar
17


# name: VPVP_params
# type: scalar struct
# ndims: 2
 1 1
# length: 8
# name: lambda
# type: scalar
300000000


# name: downsample
# type: scalar
10


# name: MaxIter_X
# type: scalar
200


# name: MaxIter
# type: scalar
50


# name: optTol_X
# type: scalar
1e-06


# name: progTol_X
# type: scalar
1e-10


# name: optTol_aW
# type: scalar
0.0001


# name: progTol_aW
# type: scalar
1e-07




