# Created by Octave 3.8.1, Tue Nov 28 19:58:07 2017 ART <gabrevaya@ws10.labo1>
# name: y_start
# type: matrix
# rows: 15
# columns: 1
 0.6077367021437253
 -0.251487792976256
 0.4704012643723076
 0.1235665827103357
 -0.5318695511117479
 1.75533228973565
 -0.01745541735978979
 -1.050115538796781
 0.5343282492256521
 -0.6640796860092155
 -0.5990589944665707
 0.1752898791902974
 -0.2662497145737211
 1.461008850727762
 -1.559880485535234


# name: alphas
# type: cell
# rows: 1
# columns: 3
# name: <cell-element>
# type: matrix
# rows: 15
# columns: 1
 0.6911436820950199
 0.7247511409829679
 0.5778849276779401
 0.4382819728258297
 0.5708568701404538
 0.4654678958386878
 0.5200938503541529
 0.5664367753248789
 0.560848506478106
 0.5562873139428146
 0.4277481431595284
 0.4961204411708198
 0.5845751690052595
 0.4976063056560183
 0.5641083871491896



# name: <cell-element>
# type: matrix
# rows: 15
# columns: 1
 0.7623679322780864
 0.8176910376459392
 1.026765996688819
 1.149203269960081
 0.8633367749088379
 0.8638957444622005
 1.02154474960474
 0.9671277691015663
 0.9958248490446157
 0.7908913393830947
 0.8457488266770323
 1.055632520492495
 0.882502605950218
 0.7589908184593726
 0.936395245929883



# name: <cell-element>
# type: matrix
# rows: 15
# columns: 1
 11.11333174380472
 11.23228556666783
 11.38270066836488
 11.28263122313926
 11.36559365996223
 11.16583849484212
 11.38255694556083
 11.38315385056062
 11.38066754054923
 11.30515982495062
 11.31766339623587
 11.38504219379198
 11.41180003213309
 11.43993302376685
 11.37514388387422





# name: W
# type: matrix
# rows: 15
# columns: 15
 -0.001246215559061496 0.06849265288325383 0.002155236924309575 0.1690503199871325 -0.02290292230545819 0.03441743334042933 0.0804683061186965 0.01121205584188969 -0.008666253745898181 -0.02214560534133659 -0.07740882210077235 0.08628589428306406 -0.05560932557742006 -0.03714633745163433 0.1103102215430467
 -0.002727823777907805 -0.09670534046452932 -0.06688184291011381 -0.129425869497181 0.1206140497290086 -0.0136113111995986 -0.07753831446662367 0.09847426357336683 0.01916123241614465 0.06182281673375294 0.16707922925817 -0.1192053541946439 0.1167115518691927 0.1145062792494302 -0.2641716047188301
 0.05868346482362607 -0.06678253234455842 0.00668078242401832 -0.10227254210989 -0.008688990417838577 -0.02900143389297615 -0.04139821658603861 -0.01767024475909552 0.01459765069305227 0.06187888447684661 0.01368680049516133 -0.03526869575660602 0.05332806627366369 -0.02425595423093917 -0.01731814903845601
 0.01802549721936766 -0.09123121499722757 0.003496696570292109 -0.2197898438189297 0.03913272229826686 -0.01227222270886339 -0.07158338345900878 0.007764843138022643 0.03762612618494295 0.06371302071706778 0.07406283054411097 -0.09371593592325228 0.0982678379137279 0.02625312880815136 -0.1369396871760373
 -0.1263983709423008 0.09976220160812276 -0.02192492519929275 0.05387716017623327 0.04146160264731524 0.07878396073559127 0.06526586664943128 0.061649766015878 0.02043975138518339 -0.08852515544730913 -0.006932209323297939 0.03074665487980985 -0.02530661141294638 0.07516588000439668 -0.02795243060765806
 0.09886813008526894 -0.01500199145226758 -0.02479222541332073 -0.03520800940093727 0.03600894677470421 -0.1695657943633492 -0.05764007946448689 0.0217269807675111 -0.05599648866130707 0.1330695557473136 0.09361960862617173 -0.05537991299420439 0.05892555023019225 -0.03001738008346651 -0.05319040801159271
 0.05054836490952198 -0.125916175585 -0.02024687223866102 -0.1982356810643343 0.04836379162651041 -0.02786301613936576 -0.1411730848109064 -0.002382606818149204 -0.008775324064059897 0.07251550325026877 0.1353886651002706 -0.1515825156784799 0.08585827277919458 0.05595725112835924 -0.2013583698852847
 0.009148886721904092 0.04947345711561828 -0.01361032383319585 0.08563772295989645 0.02642280666429321 0.08816069904796596 0.0508276908880716 0.04592885985550345 0.0338261895430015 -0.0184443461277748 -0.007916501873665247 0.02376177398615495 0.02598204039219887 0.05454140606710118 -0.09291153659787103
 0.07386368051828955 -0.02485269745656846 -0.01070125322702467 -0.02339617791916419 0.01008109396694257 -0.05896196527584152 -0.02663724622478244 0.01003361048674163 -0.02047913529221121 0.07612272919948282 0.04175080547099241 -0.02741465077200006 0.04525206298279344 -0.02286727204791244 -0.01428035202096626
 -0.04124678465782755 0.02561743708283459 0.009774356821073102 0.03718854093324585 -0.0217425435596831 0.03960238297131119 0.02669487310526266 -0.01878944148062631 0.005342051772998204 -0.06560130963553543 -0.04324331283380743 0.03451321184965431 -0.05624573923247193 0.01599904749501811 0.04365046915654328
 -0.1881151580083423 0.1588541623796703 0.006917189480211286 0.1422784873434575 -0.0180705566840797 0.1298841118677383 0.158865873117383 0.03399967810566512 0.05100617907866598 -0.1874581650348617 -0.1594717800420774 0.1532492053518193 -0.1143174430255144 0.009841496599690303 0.1676332663778228
 0.001663642913226504 -0.09317522699525567 -0.01745773102800209 -0.1371075714471603 0.04455788028667075 0.01037659080474545 -0.1503370119512601 -0.03431956245077997 -0.04059882059119119 0.009933410414009155 0.1255787399468743 -0.160909332941623 0.01390115254461884 0.08452066355647961 -0.2118016264586274
 -0.03012864860887405 0.06994614204484416 0.008163720018653602 0.1167030498894228 -0.02817755469493663 0.04754390108017767 0.1220073561907128 0.03209852459111631 0.04269505652990181 -0.05408126466158874 -0.1071635837007415 0.1211168180114324 -0.04489184532367137 -0.04514507178717797 0.1524267121755961
 -0.2154131246869105 0.1467152394199725 -0.04731398112618074 0.1349217315700449 0.06591230192221258 0.003878256546271813 0.1253494008511573 0.1084305077387349 -0.004417017109197263 -0.1190486497790056 -0.03118133728437113 0.1047051459394686 -0.0632607181516542 -0.04470046510096267 0.1901697624785713
 0.04813264481000156 -0.1040228609305588 0.003261844307967946 -0.1847712035694699 0.03954131705393906 0.004954374091897055 -0.162714976930181 -0.05320493485128282 -0.02540610013440358 0.0532466884437918 0.119100122166019 -0.1774233550785941 0.03970683909083635 0.0798437399318624 -0.2836994989242763


# name: iter
# type: scalar
619


# name: c
# type: matrix
# rows: 1
# columns: 15
 0.3855553416374632 0.4283019934399213 0.4441302819016109 0.2629249150662218 0.5200829403992714 0.09909027599784472 0.1370532848579025 0.5656970754922174 0.3121447452374086 0.5051493525666637 0.2893491162957001 0.1111222222859602 0.4204853768678085 0.3859484769142565 0.148090323579607


# name: mean_corr
# type: matrix
# rows: 14
# columns: 1
 -0.03996885750902734
 -0.03884351619969546
 -0.01484572492334925
 0.009422947738607997
 0.01198888364054382
 0.05457190928824805
 0.07730956116747625
 0.07829389547691261
 0.08134987784304519
 0.09979709323779823
 0.1062683895562121
 0.1094780288530096
 0.1298617931789639
 0.3343417148359906


# name: mean_error
# type: matrix
# rows: 14
# columns: 1
 1.476300912743328
 1.480060286652123
 1.463747882607204
 1.448353467061263
 1.447945916970956
 1.415925815562072
 1.404505804829431
 1.402773978184528
 1.399129638487041
 1.392359069100056
 1.387107436501886
 1.377978582102627
 1.365631554680978
 1.306507563047844


# name: iter_improve
# type: matrix
# rows: 14
# columns: 1
 1
 12
 46
 55
 64
 75
 105
 233
 322
 329
 387
 393
 421
 619


# name: optim_start
# type: scalar
619


# name: optim_steps
# type: scalar
14


# name: VPVP_params
# type: scalar struct
# ndims: 2
 1 1
# length: 8
# name: lambda
# type: scalar
300000000


# name: downsample
# type: scalar
10


# name: MaxIter_X
# type: scalar
200


# name: MaxIter
# type: scalar
50


# name: optTol_X
# type: scalar
1e-06


# name: progTol_X
# type: scalar
1e-10


# name: optTol_aW
# type: scalar
0.0001


# name: progTol_aW
# type: scalar
1e-07




