# Created by Octave 3.8.1, Wed Nov 29 00:02:59 2017 ART <gabrevaya@ws20.labo5>
# name: y_start
# type: matrix
# rows: 15
# columns: 1
 0.1979030073029315
 0.3027403708627869
 -1.094321139323229
 -0.06845776149608321
 -1.672429285807012
 -0.5885928597356508
 1.691364874039515
 -0.5479203908742024
 -0.01980289100392189
 1.143079297189379
 -0.2709059112610969
 1.066377719322393
 0.4605333936631867
 -0.5953463630078636
 1.064663262457971


# name: alphas
# type: cell
# rows: 1
# columns: 3
# name: <cell-element>
# type: matrix
# rows: 15
# columns: 1
 0.6664032067267864
 0.4674224059279527
 0.3934470721601653
 0.2620229968877865
 0.343583198625086
 0.6426762553589623
 0.6853807799714199
 0.5496121988451436
 0.6188541469176154
 0.5445690028026454
 0.4714998348451008
 0.6381504326452651
 0.6044905106596585
 0.6733030135282045
 0.476357789615184



# name: <cell-element>
# type: matrix
# rows: 15
# columns: 1
 0.8575958406325951
 1.141362893887759
 0.9570392238662219
 1.02197386486034
 1.072054364894039
 1.086378929037984
 1.15818696473577
 0.97214249702426
 0.9528041557557081
 1.216930165043644
 1.292959380450216
 0.9582329452492194
 1.109907557994457
 0.67946227660295
 1.022648738223736



# name: <cell-element>
# type: matrix
# rows: 15
# columns: 1
 11.17833169583371
 11.47524333416117
 11.16953759203571
 11.27320426508268
 11.27859558351388
 11.53840470674992
 11.22679896759025
 11.4553198730755
 11.48390990218384
 11.36524495843673
 11.60485946625441
 11.33370685308957
 11.57759899874747
 11.49365885804103
 11.43767576189158





# name: W
# type: matrix
# rows: 15
# columns: 15
 0 0 0 0 0 0 0 0 0 0 0 0 0 0 0
 0 0 0 0 0 0 0 0 0 0 0 0 0 0 0
 0 0 0 0 0 0 0 0 0 0 0 0 0 0 0
 0 0 0 0 0 0 0 0 0 0 0 0 0 0 0
 0 0 0 0 0 0 0 0 0 0 0 0 0 0 0
 0 0 0 0 0 0 0 0 0 0 0 0 0 0 0
 0 0 0 0 0 0 0 0 0 0 0 0 0 0 0
 0 0 0 0 0 0 0 0 0 0 0 0 0 0 0
 0 0 0 0 0 0 0 0 0 0 0 0 0 0 0
 0 0 0 0 0 0 0 0 0 0 0 0 0 0 0
 0 0 0 0 0 0 0 0 0 0 0 0 0 0 0
 0 0 0 0 0 0 0 0 0 0 0 0 0 0 0
 0 0 0 0 0 0 0 0 0 0 0 0 0 0 0
 0 0 0 0 0 0 0 0 0 0 0 0 0 0 0
 0 0 0 0 0 0 0 0 0 0 0 0 0 0 0


# name: iter
# type: scalar
618


# name: c
# type: matrix
# rows: 1
# columns: 15
 -0.08516610719034234 -0.1480388548654494 0.07627717762053532 -0.04302853257920095 0.1006228259365837 0.1519799000978615 -0.07006979960169585 0.5801087676342286 0.1949522449399979 0.0175521709576831 -0.1022510815792307 0.05951220645876765 -0.03933060594310604 0.06724960635762582 -0.02344532524681662


# name: mean_corr
# type: matrix
# rows: 16
# columns: 1
 -0.08409824801154753
 -0.0756725896514522
 -0.06786071811654093
 -0.05043123833260962
 -0.02881584270807739
 -0.02441188845688248
 -0.01571425534702615
 -0.004910260403956614
 0.0008973281611287481
 0.01806091678175793
 0.023590381923303
 0.02451589417818547
 0.02956005188045837
 0.04117142337542246
 0.05444943549626273
 0.05465032953120816


# name: mean_error
# type: matrix
# rows: 16
# columns: 1
 1.457292198623511
 1.452947942211966
 1.447716808450152
 1.456849014040123
 1.44478659544581
 1.445762330058096
 1.44770529802231
 1.441633087088346
 1.43301504777182
 1.42918888117383
 1.418088879913058
 1.416554370047116
 1.409927856530186
 1.406397999822614
 1.403122899632832
 1.402389488141105


# name: iter_improve
# type: matrix
# rows: 16
# columns: 1
 1
 23
 61
 62
 121
 128
 150
 174
 199
 210
 289
 322
 381
 390
 410
 555


# name: optim_start
# type: scalar
618


# name: optim_steps
# type: matrix
# rows: 0
# columns: 0


# name: VPVP_params
# type: scalar struct
# ndims: 2
 1 1
# length: 8
# name: lambda
# type: scalar
300000000


# name: downsample
# type: scalar
10


# name: MaxIter_X
# type: scalar
200


# name: MaxIter
# type: scalar
50


# name: optTol_X
# type: scalar
1e-06


# name: progTol_X
# type: scalar
1e-10


# name: optTol_aW
# type: scalar
0.0001


# name: progTol_aW
# type: scalar
1e-07




