# Created by Octave 3.8.1, Sat Jan 06 20:47:15 2018 ART <gabrevaya@ws4.labo2>
# name: y_start
# type: matrix
# rows: 10
# columns: 1
 -0.2632256187990826
 1.013074912730498
 1.547809281431305
 0.6294934156599417
 -1.353552754550757
 -0.9783479486523204
 1.880630599867434
 0.05420624585512211
 0.6295250075078845
 -0.08235279287635666


# name: alphas
# type: cell
# rows: 1
# columns: 3
# name: <cell-element>
# type: matrix
# rows: 10
# columns: 1
 0.7189055938873949
 0.588889207467533
 0.6858202178188781
 0.8450685293194328
 0.7056033919176646
 0.2605116665492174
 0.5124509697032807
 0.3201663944789527
 0.642425895138291
 0.6624635945627295



# name: <cell-element>
# type: matrix
# rows: 10
# columns: 1
 0.712546339593594
 1.043547820968002
 1.227844615412229
 0.7809239919102018
 0.9823089483111642
 0.8743973183714741
 0.7177301409012861
 0.5380781054285988
 0.7865655626715231
 0.9022358221962045



# name: <cell-element>
# type: matrix
# rows: 10
# columns: 1
 11.4137935952292
 11.27923014026204
 11.13884650847818
 11.62341629009676
 11.30165689840271
 11.31625070204403
 11.42974677434027
 11.26717088646076
 11.09157144974081
 11.02299636750082





# name: W
# type: matrix
# rows: 10
# columns: 10
 -0.0385354038681688 -0.00586896079338202 0.2219663520017618 -0.02392949007175189 0.006635143828078813 -0.001936298154469709 -0.000104081118341945 -0.2535230488631553 -0.05518952602286804 0.09348046983797348
 0.1016670679775702 -0.03836074202425072 -0.0920844086398464 -0.001808289529419961 0.04633816005103138 0.03005809694977067 0.1022434249207131 0.02607323272216808 0.08730286729229896 -0.06662879903126347
 0.08032338635606545 0.001693513776837871 -0.2807956335297045 0.03592692394838792 0.04031115576336297 0.03765431976277739 0.1189649145628168 0.06518340536732212 0.1353428638528774 -0.09648523181176023
 -0.1308504421504511 -0.01519115902723494 0.07365075642584841 -0.005360956994467338 0.06686524003289214 0.02182196698295052 -0.1630926508876751 0.031713117571743 -0.07977379796233178 0.06122363900439785
 -0.0742240985255843 0.04909098806808222 0.08031959821185759 0.07441817824229066 -0.05511142561362268 -0.05427124041796883 0.04052902387997816 -0.2434276950672888 0.02582229042729079 -0.03410518343482179
 0.02733952641587918 0.01082149642185012 -0.04658250013778109 0.01844276734211463 -0.0313460443271645 -0.02636226184769302 0.09080825320241866 -0.1086737072295689 0.04095106597366115 -0.03545643183236816
 -0.04407940626579328 -0.01808814020924574 0.094844038135043 -0.007195688477221141 0.04164381776077383 0.02135033717487239 -0.088556393695552 0.03742503958967775 -0.04954462778518134 0.0579282077568429
 0.01352789779697772 -0.03249507188431527 0.03123222361625878 -0.038191534708088 0.02759499192288576 0.01972628273293388 -0.03799631040428732 -0.08465282615390443 -0.04488616253660679 0.06067328872774534
 -0.05214770658748904 -0.01990100942077761 0.1831027946229341 -0.02372282259919397 0.07502883032917283 0.03949510389800775 -0.0899502237388617 -0.0783330871671733 -0.06580868891812583 0.1555642127557197
 0.07021332975170513 -0.04468661655186804 -0.1503236444534311 0.1089000462763969 0.02600729033643763 -0.03291383101513561 0.2245830115810388 -0.06103651887914222 0.1595898893920608 -0.3172073807646187


# name: iter
# type: scalar
698


# name: c
# type: matrix
# rows: 1
# columns: 10
 0.4592203060480223 0.3907737949198922 0.2289438750026748 0.4588786623025287 0.5754745144315144 0.303899934540261 0.392782493990141 0.5220202830763568 0.3764577088780457 0.2053489703290539


# name: mean_corr
# type: matrix
# rows: 24
# columns: 1
 -0.1115498278539206
 -0.1092893083090563
 -0.09387858931412703
 -0.0922275163793774
 -0.07969953200925639
 -0.05252765652593352
 -0.01969070281850655
 0.0009072595611798156
 0.02804944655440529
 0.06293788778910989
 0.06515029058156938
 0.0684693106530498
 0.09527969613172194
 0.101873647713094
 0.1063282777228879
 0.107933340143861
 0.1362064226979505
 0.152423796217578
 0.1778305040986145
 0.1852398510828939
 0.2027939922647367
 0.2100944324896005
 0.2109515903897574
 0.3913800543518491


# name: mean_error
# type: matrix
# rows: 24
# columns: 1
 1.473078745130385
 1.467884569921325
 1.464322941398981
 1.462503503248744
 1.455580307530491
 1.42172971420938
 1.400078745946651
 1.392732617802853
 1.370916504675645
 1.364129604636786
 1.363956199284444
 1.362655956952283
 1.366128599274673
 1.351897064570086
 1.349525791438378
 1.334580431807042
 1.337961927952399
 1.33308520302935
 1.320491650810292
 1.314263972460558
 1.297822375921648
 1.293715070897633
 1.291253120603635
 1.243861108530773


# name: iter_improve
# type: matrix
# rows: 24
# columns: 1
 1
 3
 28
 72
 125
 155
 196
 233
 238
 246
 264
 266
 270
 282
 289
 293
 375
 380
 425
 432
 447
 455
 621
 698


# name: optim_start
# type: scalar
698


# name: optim_steps
# type: scalar
24


# name: VPVP_params
# type: scalar struct
# ndims: 2
 1 1
# length: 8
# name: lambda
# type: scalar
300000000


# name: downsample
# type: scalar
10


# name: MaxIter_X
# type: scalar
200


# name: MaxIter
# type: scalar
50


# name: optTol_X
# type: scalar
1e-06


# name: progTol_X
# type: scalar
1e-10


# name: optTol_aW
# type: scalar
0.0001


# name: progTol_aW
# type: scalar
1e-07




