# Created by Octave 3.8.1, Tue Nov 28 19:53:22 2017 ART <gabrevaya@ws10.labo1>
# name: y_start
# type: matrix
# rows: 15
# columns: 1
 0.6077367260834603
 -0.2514878090061951
 0.4704012593519002
 0.1235665911495918
 -0.5318695542453896
 1.755332294896598
 -0.01745540719668031
 -1.05011555105363
 0.5343282507489078
 -0.6640796752884397
 -0.5990589939179256
 0.1752898830015533
 -0.2662497208338356
 1.46100887158332
 -1.559880494470714


# name: alphas
# type: cell
# rows: 1
# columns: 3
# name: <cell-element>
# type: matrix
# rows: 15
# columns: 1
 0.695145305408001
 0.7942995424975966
 0.578
 0.5363308537518761
 0.578
 0.5606675822801557
 0.578
 0.578
 0.578
 0.5866708919563572
 0.4851510438454693
 0.578
 0.6149883282455992
 0.5607570133624548
 0.578



# name: <cell-element>
# type: matrix
# rows: 15
# columns: 1
 0.7261725731254379
 1.13857602932816
 1
 1.124451565834701
 1
 0.7999250004381624
 1
 1
 1
 0.8495335944015282
 0.9625643483565216
 1
 0.8995920882149377
 0.9661327244815928
 1



# name: <cell-element>
# type: matrix
# rows: 15
# columns: 1
 11.11193984247356
 11.26087704682
 11.38
 11.27931670659567
 11.38
 11.15683418795801
 11.38
 11.38
 11.38
 11.31192266982337
 11.32872457568442
 11.38
 11.41559472816169
 11.44720455588262
 11.38





# name: W
# type: matrix
# rows: 15
# columns: 15
 0 0 0 0 0 0 0 0 0 0 0 0 0 0 0
 0 0 0 0 0 0 0 0 0 0 0 0 0 0 0
 0 0 0 0 0 0 0 0 0 0 0 0 0 0 0
 0 0 0 0 0 0 0 0 0 0 0 0 0 0 0
 0 0 0 0 0 0 0 0 0 0 0 0 0 0 0
 0 0 0 0 0 0 0 0 0 0 0 0 0 0 0
 0 0 0 0 0 0 0 0 0 0 0 0 0 0 0
 0 0 0 0 0 0 0 0 0 0 0 0 0 0 0
 0 0 0 0 0 0 0 0 0 0 0 0 0 0 0
 0 0 0 0 0 0 0 0 0 0 0 0 0 0 0
 0 0 0 0 0 0 0 0 0 0 0 0 0 0 0
 0 0 0 0 0 0 0 0 0 0 0 0 0 0 0
 0 0 0 0 0 0 0 0 0 0 0 0 0 0 0
 0 0 0 0 0 0 0 0 0 0 0 0 0 0 0
 0 0 0 0 0 0 0 0 0 0 0 0 0 0 0


# name: iter
# type: scalar
619


# name: c
# type: matrix
# rows: 1
# columns: 15
 0.2474517327030019 -0.05068537842898527 0.2849552785272034 0.1791175746532042 0.2124927155708517 0.09451497439907545 -0.0509438988237611 0.4974596978500905 0.1716564889064764 0.3613789836369609 -0.02604460089365465 0.09751817871750747 -0.05708394029287597 0.03490878973491628 -0.05120952218887181


# name: mean_corr
# type: matrix
# rows: 13
# columns: 1
 -0.03996885750902734
 -0.03884351619969546
 -0.01484572492334925
 0.009422947738607997
 0.01198888364054382
 0.05457190928824805
 0.07730956116747625
 0.07829389547691261
 0.08134987784304519
 0.09979709323779823
 0.1062683895562121
 0.1094780288530096
 0.1298617931789639


# name: mean_error
# type: matrix
# rows: 13
# columns: 1
 1.476300912743328
 1.480060286652123
 1.463747882607204
 1.448353467061263
 1.447945916970956
 1.415925815562072
 1.404505804829431
 1.402773978184528
 1.399129638487041
 1.392359069100056
 1.387107436501886
 1.377978582102627
 1.365631554680978


# name: iter_improve
# type: matrix
# rows: 13
# columns: 1
 1
 12
 46
 55
 64
 75
 105
 233
 322
 329
 387
 393
 421


# name: optim_start
# type: scalar
619


# name: optim_steps
# type: matrix
# rows: 0
# columns: 0


# name: VPVP_params
# type: scalar struct
# ndims: 2
 1 1
# length: 8
# name: lambda
# type: scalar
300000000


# name: downsample
# type: scalar
10


# name: MaxIter_X
# type: scalar
200


# name: MaxIter
# type: scalar
50


# name: optTol_X
# type: scalar
1e-06


# name: progTol_X
# type: scalar
1e-10


# name: optTol_aW
# type: scalar
0.0001


# name: progTol_aW
# type: scalar
1e-07




