# Created by Octave 3.8.1, Sat Jan 06 20:45:59 2018 ART <gabrevaya@ws4.labo2>
# name: y_start
# type: matrix
# rows: 10
# columns: 1
 -0.2632256213240285
 1.013074926171919
 1.547809289072696
 0.6294934330298447
 -1.353552777254397
 -0.9783479531060852
 1.880630607190786
 0.05420625836866153
 0.629525011378372
 -0.08235279890971164


# name: alphas
# type: cell
# rows: 1
# columns: 3
# name: <cell-element>
# type: matrix
# rows: 10
# columns: 1
 0.7393117643107501
 0.6299398562830542
 0.76127930582224
 0.8833319665993481
 0.7981290334428225
 0.2860255637347594
 0.5494675123213691
 0.3337783391940431
 0.6838739648753411
 0.6745541483415199



# name: <cell-element>
# type: matrix
# rows: 10
# columns: 1
 0.8038326759543417
 1.053493878395128
 1.185735034817556
 0.8627093788819411
 1.053079360910339
 0.9108861707169235
 0.7832850747604235
 0.6262376752731216
 0.7910347040716945
 0.9616748230444865



# name: <cell-element>
# type: matrix
# rows: 10
# columns: 1
 11.42363574773544
 11.27766825218394
 11.1289630708225
 11.62839164484633
 11.30285583350914
 11.31691250742925
 11.43173367420844
 11.27683293791772
 11.09067473140963
 11.02789160898444





# name: W
# type: matrix
# rows: 10
# columns: 10
 0 0 0 0 0 0 0 0 0 0
 0 0 0 0 0 0 0 0 0 0
 0 0 0 0 0 0 0 0 0 0
 0 0 0 0 0 0 0 0 0 0
 0 0 0 0 0 0 0 0 0 0
 0 0 0 0 0 0 0 0 0 0
 0 0 0 0 0 0 0 0 0 0
 0 0 0 0 0 0 0 0 0 0
 0 0 0 0 0 0 0 0 0 0
 0 0 0 0 0 0 0 0 0 0


# name: iter
# type: scalar
698


# name: c
# type: matrix
# rows: 1
# columns: 10
 0.1376052909433855 0.1922483334115971 0.1449411126667031 0.3022848336596303 0.2708955548090877 0.2023116283819165 0.2123499646253386 0.243837003346114 0.2783238724352 -0.1428287116808686


# name: mean_corr
# type: matrix
# rows: 23
# columns: 1
 -0.1115498278539206
 -0.1092893083090563
 -0.09387858931412703
 -0.0922275163793774
 -0.07969953200925639
 -0.05252765652593352
 -0.01969070281850655
 0.0009072595611798156
 0.02804944655440529
 0.06293788778910989
 0.06515029058156938
 0.0684693106530498
 0.09527969613172194
 0.101873647713094
 0.1063282777228879
 0.107933340143861
 0.1362064226979505
 0.152423796217578
 0.1778305040986145
 0.1852398510828939
 0.2027939922647367
 0.2100944324896005
 0.2109515903897574


# name: mean_error
# type: matrix
# rows: 23
# columns: 1
 1.473078745130385
 1.467884569921325
 1.464322941398981
 1.462503503248744
 1.455580307530491
 1.42172971420938
 1.400078745946651
 1.392732617802853
 1.370916504675645
 1.364129604636786
 1.363956199284444
 1.362655956952283
 1.366128599274673
 1.351897064570086
 1.349525791438378
 1.334580431807042
 1.337961927952399
 1.33308520302935
 1.320491650810292
 1.314263972460558
 1.297822375921648
 1.293715070897633
 1.291253120603635


# name: iter_improve
# type: matrix
# rows: 23
# columns: 1
 1
 3
 28
 72
 125
 155
 196
 233
 238
 246
 264
 266
 270
 282
 289
 293
 375
 380
 425
 432
 447
 455
 621


# name: optim_start
# type: scalar
698


# name: optim_steps
# type: matrix
# rows: 0
# columns: 0


# name: VPVP_params
# type: scalar struct
# ndims: 2
 1 1
# length: 8
# name: lambda
# type: scalar
300000000


# name: downsample
# type: scalar
10


# name: MaxIter_X
# type: scalar
200


# name: MaxIter
# type: scalar
50


# name: optTol_X
# type: scalar
1e-06


# name: progTol_X
# type: scalar
1e-10


# name: optTol_aW
# type: scalar
0.0001


# name: progTol_aW
# type: scalar
1e-07




