# Created by Octave 3.8.1, Wed Nov 29 00:08:33 2017 ART <gabrevaya@ws18.labo5>
# name: y_start
# type: matrix
# rows: 15
# columns: 1
 0.5299236358525858
 -0.1038990862579633
 1.079670463293896
 0.5552816801016195
 1.638590625320185
 0.8252145460140189
 -0.5070118584676923
 0.2827372233606697
 -0.07635706347688208
 0.9208789483654324
 -1.188019848376725
 0.5543085811354757
 1.528128686628614
 0.4165684979527143
 -0.6295645812010939


# name: alphas
# type: cell
# rows: 1
# columns: 3
# name: <cell-element>
# type: matrix
# rows: 15
# columns: 1
 0.5482608008088667
 0.5649342451198214
 0.5215632691800512
 0.4916740214961467
 0.2454664364169403
 0.6055412373128117
 0.239638916890173
 0.5701271017246462
 0.5537135348799783
 0.4889560050285405
 0.5766327914207925
 0.4562333743691295
 0.4662781301130763
 0.5142302746281463
 0.5430023655365867



# name: <cell-element>
# type: matrix
# rows: 15
# columns: 1
 1.355625916462521
 0.8931810748810729
 1.06752088979281
 1.157720995239421
 0.7814976170944504
 0.8566615217230804
 1.146847941447826
 0.8654829725555807
 0.9725413329795127
 1.218876363123174
 0.9012885541090955
 1.024035936966056
 0.7266086079871601
 0.7691491495534206
 0.9182347819970073



# name: <cell-element>
# type: matrix
# rows: 15
# columns: 1
 11.37408366911835
 11.26900103806238
 11.39155048270988
 11.4295502582559
 11.40739980584481
 11.47898657064651
 11.34224703828043
 11.27722450357775
 11.37764208120988
 11.20204604179698
 11.31776498717327
 11.38209138836186
 11.56815799594638
 11.35979789896854
 11.35300897091912





# name: W
# type: matrix
# rows: 15
# columns: 15
 -0.02031186367792483 -0.07485784404858473 0.1507230527768231 -0.0380371793017628 -0.09443556637764483 0.06310089939513898 -0.05448211917589355 -0.2047469726674987 -0.02084133646424088 -0.02214121098287372 -0.1782978250629751 0.08195053183570022 -0.07836518868213027 -0.0420003500637436 0.1695659271429817
 0.2541672661458362 -0.1024011872796228 -0.1355401928380272 -0.1894145967563918 0.2112085603664381 0.03479530477314441 -0.09366533228312504 0.265996965315057 -0.01004467901492159 0.2302786466168816 0.1947443989846289 -0.1975167240275784 0.09712495638360613 0.09781031202960849 -0.2891962561286085
 -0.1372577889769148 -0.1191884825620328 -0.0557352217148152 -0.1313355471065214 -0.05140555695209812 -0.1122020982056245 -0.01343343198273002 0.006783116223030759 -0.01348679501496179 -0.03891453989841431 0.07321083652697924 -0.05591105996187971 0.0778556928592341 -0.03297496532174007 -0.05911174410342872
 -0.1248977091943747 0.0276929322311535 -0.02844655426111593 -0.2939327924423059 0.05118798886866425 -0.07534870700237607 0.03218637800565585 0.1718880938443308 0.07988477971966479 0.09700638087541483 0.1197972671858338 -0.1073186072682244 0.175786344537339 -0.06479870335901033 -0.126503789956278
 -0.1003840160321219 0.2346169174970954 -0.1697550384530362 0.2339075185828513 -0.02829026529823883 0.08546463088271326 0.1906466487506078 0.08058838636664521 0.02216291086921355 -0.1438960060753319 0.03851534278994997 -0.006278737997528517 -0.1723588665465177 0.008200061759230293 0.04827412221337828
 -0.06925136424921567 -0.1414288103443211 -0.06352874961838834 -0.07555159885697645 -0.05685327478687308 -0.2162699610367587 -0.04370366520092754 -0.01310678905027251 -0.02416896661674964 -0.07971457040064912 0.1581092845594987 -0.1297330581910144 0.09022289840972125 0.02499598118142893 -0.1337726298333664
 0.1808774918272637 -0.04556519089981966 -0.01651559746311049 -0.3232676112288635 0.03384575643544566 -0.08917885360109476 -0.1499923785931832 0.02476649906297259 0.0290892668968806 0.2139039853539495 0.1317805685973074 -0.1741978993656237 0.1518914110125519 -0.007489633877057134 -0.2038134033483823
 0.1911368776681341 0.09818733719182762 -0.1166394419160337 0.2392565753008132 0.0374473618886495 0.03628788601703556 0.01351852870910302 0.01726985076949735 0.004651815600297866 0.02703373860975562 0.05960391635021721 -0.09835150698185813 0.132103246381841 -0.0384087198404847 -0.1230419157962539
 0.0240477068780081 -0.06078361578132564 -0.03373383426059976 -0.06909585951257137 -0.0004413524284455515 -0.0558291511706479 -0.01074903493497703 -0.0004475320831373192 -0.03069065042921405 0.03071860155495332 0.006345017921948478 -0.01918095793085221 0.07140070588496591 0.01220132279905168 -0.0269485687438595
 -0.1494992987973248 -0.07522021160129309 0.01673027926045595 0.1442766229024439 -0.1978007198182851 -0.07544966414878267 0.08785068249756162 -0.1429657765107889 0.02016737453459265 -0.188146622316081 -0.09248907425779876 0.09555360919138864 -0.0634471977081954 -0.1140195155830813 0.2393153510545838
 0.09722723831783195 0.3363661929678988 0.02390726784946637 0.1662476407762837 0.03471111308449366 0.2126468090653465 0.1553449721893379 0.06022321694266733 0.04235283500866122 0.03988853871991856 -0.3221636830488206 0.2040353826438841 -0.2106997526258159 0.004092321864702705 0.2551623255238338
 -0.09531369253092233 -0.03141157535351974 -0.02075634137780469 -0.1871700901386273 0.03373330589316331 0.002589194445260547 -0.1435979311407397 0.02379802631377761 -0.04224663495670048 -0.03671635438117265 0.1559848628419026 -0.2459964809362065 0.0657469816041755 0.04537054686901997 -0.2370970803316501
 0.07586873608076576 0.1138984477015874 -0.07377512774334691 0.1958849043097118 -0.0169520042997043 0.008172796417654992 0.1421245559454661 0.05918139861540701 0.03695284149753686 -0.002433660109919873 -0.03839190426355791 0.1102250172027326 -0.04157414585883804 -0.0370751535269465 0.1264600456534782
 -0.1627404783014662 0.307189191998929 -0.07364973563672693 0.06218769465477603 0.02180272052612579 0.2158340544769237 0.1896210330130302 0.1115578931560314 0.03562749221342359 -0.1010317912396624 -0.03387860709486775 0.0771473630065297 -0.2712083576899068 -0.04744329620434397 0.1668241257738177
 -0.1398363337102951 -0.1332722808514067 0.04221963266399825 -0.3290809648415597 0.04001097084063492 -0.08806596999945053 -0.1570247401772613 0.05446247482680704 -0.02279950090079194 -0.00203075271985372 0.1484189023217125 -0.1917500373939619 0.2069763806006732 -0.0001382765958393385 -0.3995378997800517


# name: iter
# type: scalar
760


# name: c
# type: matrix
# rows: 1
# columns: 15
 0.4853554459858511 0.5119897171735536 0.3992574652085309 0.3541486342387388 0.5000936173695067 0.2540894159396727 0.352889837111083 0.7297413454397584 0.2857093458680784 0.2661841904254371 0.2909075078484837 0.1123679249987599 0.3762030754623316 0.5131474584119365 0.2281087938763746


# name: mean_corr
# type: matrix
# rows: 26
# columns: 1
 -0.1439492082358595
 -0.1033433687113182
 -0.08501026329562537
 -0.0796898143291056
 -0.03549711986279757
 -0.02489448152465641
 -0.0007838503917891816
 0.007300542591390955
 0.007467966914599539
 0.01962802817475666
 0.04383450303404774
 0.04616840241111467
 0.05091829233032211
 0.05717657996264437
 0.07852743200467799
 0.08145016177125895
 0.09829894514109921
 0.1073046296757502
 0.1121388082791962
 0.115443312069236
 0.1201235726904814
 0.1210909958324575
 0.121366788363451
 0.1222159345028907
 0.1223142008196239
 0.3773462516905398


# name: mean_error
# type: matrix
# rows: 26
# columns: 1
 1.478290380763863
 1.468137659462466
 1.451918309428909
 1.447812949335224
 1.423083186493276
 1.421590422935774
 1.407708434357672
 1.396435854154835
 1.395415698354447
 1.393190323531908
 1.385410857110078
 1.373877649397093
 1.372032309407732
 1.373721689420345
 1.381491991869506
 1.380047124053394
 1.373573545710786
 1.369710990178884
 1.369641972663892
 1.367625631274911
 1.363107441342181
 1.358557878946826
 1.359383813100694
 1.349384877845211
 1.347998205030036
 1.294579044591175


# name: iter_improve
# type: matrix
# rows: 26
# columns: 1
 1
 12
 20
 25
 41
 46
 90
 157
 172
 179
 207
 249
 267
 281
 298
 304
 340
 346
 359
 376
 461
 504
 543
 645
 648
 760


# name: optim_start
# type: scalar
760


# name: optim_steps
# type: scalar
26


