# Created by Octave 3.8.1, Wed Nov 29 00:05:37 2017 ART <gabrevaya@ws18.labo5>
# name: y_start
# type: matrix
# rows: 15
# columns: 1
 0.5299236744842327
 -0.1038990801152775
 1.079670407177023
 0.5552817156117169
 1.638590612950574
 0.8252145319104567
 -0.5070118366326331
 0.2827372174783589
 -0.07635705644345749
 0.9208789870426979
 -1.188019855245999
 0.5543085714591625
 1.528128713728893
 0.4165684999938428
 -0.6295645893418796


# name: alphas
# type: cell
# rows: 1
# columns: 3
# name: <cell-element>
# type: matrix
# rows: 15
# columns: 1
 0.5621797836111815
 0.6595345638613593
 0.578
 0.6183099236327225
 0.3713180113162554
 0.7277836949353758
 0.3034225636850922
 0.6181477866583589
 0.578
 0.5925490021203594
 0.7064906530931192
 0.578
 0.4869921681038042
 0.578
 0.5690423520828092



# name: <cell-element>
# type: matrix
# rows: 15
# columns: 1
 1.199326631587664
 0.7741865537814893
 1
 1.137593713270204
 0.8872394549420276
 0.7624718017263394
 1.06234894902309
 0.8641121167757603
 1
 1.280295826121918
 0.9346910758922951
 1
 0.727739599191048
 1
 0.9713496872802799



# name: <cell-element>
# type: matrix
# rows: 15
# columns: 1
 11.3600251948117
 11.2796207385025
 11.38
 11.42562856607031
 11.40692119671678
 11.46981844110784
 11.33502546938067
 11.28233053273348
 11.38
 11.20425605871049
 11.32668172086692
 11.38
 11.56511449144277
 11.38
 11.36162451718222





# name: W
# type: matrix
# rows: 15
# columns: 15
 0 0 0 0 0 0 0 0 0 0 0 0 0 0 0
 0 0 0 0 0 0 0 0 0 0 0 0 0 0 0
 0 0 0 0 0 0 0 0 0 0 0 0 0 0 0
 0 0 0 0 0 0 0 0 0 0 0 0 0 0 0
 0 0 0 0 0 0 0 0 0 0 0 0 0 0 0
 0 0 0 0 0 0 0 0 0 0 0 0 0 0 0
 0 0 0 0 0 0 0 0 0 0 0 0 0 0 0
 0 0 0 0 0 0 0 0 0 0 0 0 0 0 0
 0 0 0 0 0 0 0 0 0 0 0 0 0 0 0
 0 0 0 0 0 0 0 0 0 0 0 0 0 0 0
 0 0 0 0 0 0 0 0 0 0 0 0 0 0 0
 0 0 0 0 0 0 0 0 0 0 0 0 0 0 0
 0 0 0 0 0 0 0 0 0 0 0 0 0 0 0
 0 0 0 0 0 0 0 0 0 0 0 0 0 0 0
 0 0 0 0 0 0 0 0 0 0 0 0 0 0 0


# name: iter
# type: scalar
760


# name: c
# type: matrix
# rows: 1
# columns: 15
 0.04214510543115037 0.1727360484821845 0.2879349959483896 0.1795638643225426 0.1852835009255384 0.07620674075791287 0.02809230916022928 0.05240535277345695 0.2305173571203797 0.03140811707524033 0.01120500153349284 0.1050110280897669 0.2648259597485242 0.1107628254213912 0.06348516609480534


# name: mean_corr
# type: matrix
# rows: 25
# columns: 1
 -0.1439492082358595
 -0.1033433687113182
 -0.08501026329562537
 -0.0796898143291056
 -0.03549711986279757
 -0.02489448152465641
 -0.0007838503917891816
 0.007300542591390955
 0.007467966914599539
 0.01962802817475666
 0.04383450303404774
 0.04616840241111467
 0.05091829233032211
 0.05717657996264437
 0.07852743200467799
 0.08145016177125895
 0.09829894514109921
 0.1073046296757502
 0.1121388082791962
 0.115443312069236
 0.1201235726904814
 0.1210909958324575
 0.121366788363451
 0.1222159345028907
 0.1223142008196239


# name: mean_error
# type: matrix
# rows: 25
# columns: 1
 1.478290380763863
 1.468137659462466
 1.451918309428909
 1.447812949335224
 1.423083186493276
 1.421590422935774
 1.407708434357672
 1.396435854154835
 1.395415698354447
 1.393190323531908
 1.385410857110078
 1.373877649397093
 1.372032309407732
 1.373721689420345
 1.381491991869506
 1.380047124053394
 1.373573545710786
 1.369710990178884
 1.369641972663892
 1.367625631274911
 1.363107441342181
 1.358557878946826
 1.359383813100694
 1.349384877845211
 1.347998205030036


# name: iter_improve
# type: matrix
# rows: 25
# columns: 1
 1
 12
 20
 25
 41
 46
 90
 157
 172
 179
 207
 249
 267
 281
 298
 304
 340
 346
 359
 376
 461
 504
 543
 645
 648


# name: optim_start
# type: scalar
760


# name: optim_steps
# type: matrix
# rows: 0
# columns: 0


# name: VPVP_params
# type: scalar struct
# ndims: 2
 1 1
# length: 8
# name: lambda
# type: scalar
300000000


# name: downsample
# type: scalar
10


# name: MaxIter_X
# type: scalar
200


# name: MaxIter
# type: scalar
50


# name: optTol_X
# type: scalar
1e-06


# name: progTol_X
# type: scalar
1e-10


# name: optTol_aW
# type: scalar
0.0001


# name: progTol_aW
# type: scalar
1e-07




