# Created by Octave 3.8.1, Sun Jan 07 07:59:30 2018 ART <gabrevaya@ws13.labo2>
# name: y_start
# type: matrix
# rows: 10
# columns: 1
 1.678557116797082e-05
 -1.383245969713618e-05
 5.115122981634771e-06
 2.72611495003591e-06
 5.411871526114932e-06
 -1.147320737352655e-05
 2.862383063426906e-05
 -3.868663806499911e-07
 -5.722549192437029e-06
 1.530957337566777e-05


# name: alphas
# type: cell
# rows: 1
# columns: 3
# name: <cell-element>
# type: matrix
# rows: 10
# columns: 1
 0.7903545289817205
 0.6354338447830407
 1.486434873978261
 -0.1294988676085962
 0.555328068007963
 0.1610114323189916
 1.102957817406649
 0.886824241340281
 0.4020559865663789
 0.8199102589389526



# name: <cell-element>
# type: matrix
# rows: 10
# columns: 1
 0.7716138899500381
 1.068400578004379
 1.299672723130671
 0.9538201336133429
 1.083637633320795
 1.594224145266776
 1.417900783228842
 0.4923796268146569
 1.058859337667321
 1.144932152307357



# name: <cell-element>
# type: matrix
# rows: 10
# columns: 1
 10.70107228578271
 10.95743831550065
 11.31186080228304
 12.93264535384233
 11.61742507628375
 10.48325301456107
 10.30808798390646
 11.36025250879739
 11.42460808253542
 11.5306462616752





# name: W
# type: matrix
# rows: 10
# columns: 10
 0.05845733566311389 -0.2283414612645279 0.648975754372809 0.03039722112359607 -0.02970840172934563 -0.01076569673089685 -0.1947654261582639 -0.5863060815835077 -0.6914103674985488 0.5065973975439
 0.1119440334019733 -0.1291814520052594 -0.008667035146628746 -0.06031492096142265 -0.01732880707664106 -0.139825886766781 -0.3770971341854393 0.01500318584158992 0.3024699773115082 -0.1679055029176832
 -0.2053941707340378 -0.07484498998870409 -0.3161858249531804 0.09415509700254976 0.5807931512015437 0.227366449959775 0.2207071262633654 0.2351831959156455 1.150671351637871 -0.3121350262045977
 -0.4914995482069192 -0.1699247274030271 0.6170796609573627 0.2327285341706739 0.6108539782597081 0.3071022146526084 -0.2671086650501135 -0.08543223535576888 0.3691530202135823 0.3121906334876747
 0.2382101228637049 -0.3577200259597212 0.02152017262796285 0.4600973679589871 0.09247395883876848 0.3379360321969522 0.8330058164515027 -0.600417076377579 -0.2956876641353837 -0.278955763477017
 0.2735437350344611 -0.04198690798634711 0.05444144318330507 -0.2693229728711445 -0.01382916062190984 -0.04703311756668425 -0.3161080255995015 -0.3370411554660056 0.1614362978875371 0.1196166810707772
 0.2165299423207658 0.08636584355274979 0.1287462431427203 -0.3185785720512088 -0.2058756308795646 -0.07170401804327432 -0.2865253822538713 -0.2406500444045855 -0.1183420491084301 0.8250703858998056
 -0.3867711680671995 -0.02640761714299518 0.3293368584085832 -0.1930729773081637 -0.0898441882904556 0.1740334326638023 -0.3336742101658765 -0.4055215168062974 -0.1441157257670042 0.7801496969358602
 0.2216794813271185 0.02548618024409574 0.05970503974408466 -0.3291709398492622 0.08721215531699948 0.2516042928798313 -0.09406464883011996 -0.5373818915895368 -0.04326188260910915 0.7383734564868347
 0.2268003569047059 0.1253968580231808 -0.3862807988812231 -0.2474496627178256 -0.3546158640353002 -0.2565132178207269 -0.359830331790525 0.27651887585814 0.5656644871572083 -0.9053337612409217


# name: iter
# type: scalar
100000


# name: c
# type: matrix
# rows: 1
# columns: 10
 NaN NaN NaN NaN NaN NaN NaN NaN NaN NaN


# name: mean_corr
# type: matrix
# rows: 346
# columns: 1
 -0.04575014930473044
 -0.04187302369823223
 -0.03734521961530998
 -0.06100369676586372
 -0.04739430943265538
 -0.01330901436811814
 0.02343196503978234
 0.03543631511892797
 0.05100955332822281
 0.07230247722938783
 0.07233358236350571
 0.08439273887316232
 0.1036904671069739
 0.1038717993937375
 0.1043487888924339
 0.3581453040137849
 0.3587047455714683
 0.3560266774220952
 0.3574221955364438
 0.3437622923853799
 0.3460080913492913
 0.3369431073887119
 0.3220548005572944
 0.3245041393768343
 0.3182855174091264
 0.3205645757258709
 0.3164093170180319
 0.3038168657440304
 0.3111722850360242
 0.3077872667149269
 0.3163901644844386
 0.3190360780115443
 0.3200156137988606
 0.3231758931094627
 0.3226205980499506
 0.339716160360214
 0.3229660357234351
 0.326131119303823
 0.3278038052982102
 0.3192099646887691
 0.3180310392826624
 0.3038952424203909
 0.303803338883534
 0.3070228460572355
 0.3042827787643077
 0.303072746606185
 0.3056069389442992
 0.3061639860270801
 0.3095783183338646
 0.3012719537549641
 0.2960331451443892
 0.4694951192951916
 0.4505226269690999
 0.4513435505545297
 0.444624023016151
 0.4457432064639044
 0.4418403464114539
 0.4333353185746542
 0.4293437717111052
 0.4276101264005779
 0.4278609420746203
 0.4262519730730652
 0.4244363026668639
 0.4279084295478276
 0.42361364249623
 0.4173492466449045
 0.4069770351266612
 0.4083874642819205
 0.4148363734233982
 0.4129711580140661
 0.4096073891455331
 0.409917936702256
 0.4074184246036979
 0.4113177392410032
 0.4101802301650849
 0.4086229704480199
 0.4088660269130443
 0.4061616871082693
 0.4093767863709207
 0.4113476202539105
 0.4051645652097207
 0.4042239555487873
 0.4056855770366126
 0.4064118187153415
 0.4072606569872758
 0.4816052625791712
 0.4674705201989064
 0.4711423900324176
 0.4768010054216705
 0.4561452311485875
 0.4619085214762898
 0.4576201253436465
 0.448721988890099
 0.4523321734295985
 0.4454834895180939
 0.4417876798914365
 0.4406511972625433
 0.4416237286812761
 0.4418376469422374
 0.4408889489931805
 0.447781526224824
 0.4458011259363329
 0.4470567194933726
 0.4433174400708789
 0.4445913674742295
 0.4453948798501849
 0.4224515430708154
 0.4235716593272094
 0.4236003184716464
 0.4256645446082413
 0.4185625970749373
 0.4238361486037011
 0.4117124553113949
 0.4063098297579559
 0.4028848934037002
 0.3975154654297933
 0.4028974172781689
 0.4073031849851844
 0.4077782583927044
 0.406126652200358
 0.4090691391733771
 0.4063507625131593
 0.4039457651347605
 0.4024805932803804
 0.4997055376933213
 0.4987061602492375
 0.4990682210471981
 0.4810315388519081
 0.5022519868535748
 0.4962957874669766
 0.4677757808235513
 0.4850748980318832
 0.4846443317044871
 0.4808300374033846
 0.4766235305593112
 0.4434269044701059
 0.4424292980236513
 0.4959700651647644
 0.5023448375896533
 0.4835914155059077
 0.484005122334665
 0.4854625199551103
 0.4935677457467881
 0.4932534721872467
 0.4815964168093791
 0.4981387868004098
 0.4933611385878982
 0.4937870027872077
 0.4573084757170303
 0.4717485486715615
 0.4517874101921926
 0.4525833296011145
 0.4601646099077347
 0.449897439678406
 0.456340262727592
 0.4695521704381421
 0.4683450444682503
 0.4684820161582464
 0.464530390527822
 0.4629104265173839
 0.4602898566341628
 0.4591858981977545
 0.4652881361219207
 0.4589485378803327
 0.461933685686262
 0.4731193508640859
 0.456475477537411
 0.5018100104644539
 0.4639092190776641
 0.4650857636807479
 0.5144474413198991
 0.497216428542999
 0.4978251310414968
 0.4941342332345444
 0.4902605086127626
 0.4898468201182672
 0.4930654036846819
 0.4751602709063355
 0.4522077864328943
 0.4602796910223851
 0.468928237735344
 0.4721163240748384
 0.4495042250554463
 0.518583240949111
 0.5212074237970994
 0.5247800838919994
 0.4914380287031504
 0.5104499546965375
 0.5016538744318488
 0.5119390578184329
 0.5045840285710352
 0.503103675331708
 0.4862832171967602
 0.4874496710023343
 0.4845629377137567
 0.5055676209087132
 0.5048891436189407
 0.4983411440850428
 0.4976269423419944
 0.4932484088099745
 0.4928006039570912
 0.4734681862627474
 0.4718810616214867
 0.4853844390057793
 0.4771020429748187
 0.4774429514685025
 0.4699291350769846
 0.4747386971973288
 0.4746508807958372
 0.4774597443328469
 0.4684342131045236
 0.4503602405697138
 0.4513548633180007
 0.4340702985080654
 0.4308141626780849
 0.4291744257706361
 NaN
 NaN
 NaN
 NaN
 NaN
 NaN
 NaN
 NaN
 0.5350614018484994
 0.5070536593303672
 0.4682925279359211
 0.4930215738533703
 0.4946620654681809
 0.4857021085642034
 0.4797382031939333
 0.4887404712605964
 0.4844527060435289
 0.4861340725005451
 0.4892249436492349
