# Created by Octave 3.8.1, Sat Jan 06 20:48:46 2018 ART <gabrevaya@ws13.labo2>
# name: y_start
# type: matrix
# rows: 10
# columns: 1
 0.278816572963985
 0.3448613424122184
 -0.6349988073360603
 0.2386848548079931
 -1.452897062609619
 0.9628868560278672
 0.4980231105988633
 0.283915169935276
 -1.197874237419698
 -0.9806325058586955


# name: alphas
# type: cell
# rows: 1
# columns: 3
# name: <cell-element>
# type: matrix
# rows: 10
# columns: 1
 0.8549320276961025
 0.67170443379192
 0.3842272325506941
 0.4056650658894516
 0.5045475761343267
 0.5524728448531553
 0.571084926372521
 0.5014087498610887
 0.826402555332082
 0.5864359787698799



# name: <cell-element>
# type: matrix
# rows: 10
# columns: 1
 0.8104221953573197
 1.073681053774218
 1.124579172949136
 0.9758387492018831
 0.9507998550392539
 1.047544501919727
 1.245846600265045
 0.9155359181583467
 1.313817725109429
 0.9207331660068216



# name: <cell-element>
# type: matrix
# rows: 10
# columns: 1
 11.16064764813854
 11.30631525812693
 11.37582098365899
 11.63961356678756
 11.56143135079057
 11.22031945853296
 11.34454752531654
 11.48208262603513
 11.33330508924507
 11.44098554555727





# name: W
# type: matrix
# rows: 10
# columns: 10
 -0.0500557644670282 0.00630519853998924 0.2100109315928593 -0.0150317898240058 -0.02294412447607826 -0.004524110785551193 -0.1129734764888774 -0.1532741751636875 -0.2975169115074741 0.1951394672342766
 0.1153995620568558 -0.03631895844321077 -0.09585667159644944 -0.03610558383742919 0.02046720986556111 -0.02031210469539006 -0.05904021810973105 0.05589715879865963 0.1521602479304865 -0.06080255060351669
 0.006747314377234102 -0.02452745016054037 -0.2177142967069938 0.08164423111175506 0.08872907198629011 0.05383768921784492 0.1324139793462787 0.1653202021333555 0.4570003801357477 -0.2378070060245472
 -0.1240954443981152 -0.07002253074196109 0.244036216452597 0.05604879746830887 0.2286285875130321 0.04627860787993968 -0.05194141681058811 -0.07303111257770756 0.1512929023860821 0.1212398542550164
 -0.03135130702434249 -0.08240380466835806 -0.01148926745884477 0.1584899546363376 -0.05673774645873395 0.1168076374230958 0.3123138065563926 0.04133552653905091 -0.1405917152301893 -0.113745051881475
 0.1807202209441648 -0.02963817669041925 0.05095043530259701 -0.03842312795274264 0.09962834951094458 -0.1088457236784874 -0.08164813744243134 0.06966829490080703 0.07619250381520733 -0.05761805089548871
 0.06533052389242414 0.1167885363369137 0.1295265970397733 -0.2033067901500946 -0.09917520126321322 -0.04195194870986099 -0.352499351077989 -0.190704522191547 -0.1382751652821919 0.3093239035777139
 -0.3305603532677877 -0.02719299702051433 0.237246002806329 0.06955615980810297 0.03917921115842481 0.120166358860255 0.0459250078779846 -0.340873082159481 -0.09968063834014618 0.3849105006684637
 0.0752942688179192 0.05667554905110415 0.1287766238084085 -0.0641621751136441 -0.02495762624497088 0.08156162331858081 0.001790763491744879 -0.2355783385332258 -0.1179668166222175 0.3585198749236333
 0.111824295269639 0.02881978227224662 -0.203815142788385 -0.03312655283449674 -0.00755682560053789 -0.08714385888177963 -0.08654607121867583 0.2639271849040463 0.1956706209696872 -0.4543014288249681


# name: iter
# type: scalar
763


# name: c
# type: matrix
# rows: 1
# columns: 10
 0.4348723595068059 0.4424140013418887 0.4760783372140243 0.4731582817889557 0.5870735818920152 0.2894264552267422 0.2974190234066554 0.07910148429392624 0.3484823184431679 0.1534271970236674


# name: mean_corr
# type: matrix
# rows: 16
# columns: 1
 -0.04575014930473044
 -0.04187302369823223
 -0.03734521961530998
 -0.06100369676586372
 -0.04739430943265538
 -0.01330901436811814
 0.02343196503978234
 0.03543631511892797
 0.05100955332822281
 0.07230247722938783
 0.07233358236350571
 0.08439273887316232
 0.1036904671069739
 0.1038717993937375
 0.1043487888924339
 0.3581453040137849


# name: mean_error
# type: matrix
# rows: 16
# columns: 1
 1.466133897253314
 1.469201541066461
 1.467360977383996
 1.464199431027052
 1.459072403221903
 1.438669073424553
 1.406797905545492
 1.40954071164736
 1.383406704747006
 1.371284186076813
 1.366411412695862
 1.354177248983647
 1.340614680337145
 1.335329358335911
 1.334978509658413
 1.26654530813749


# name: iter_improve
# type: matrix
# rows: 16
# columns: 1
 1
 3
 29
 31
 88
 90
 92
 134
 142
 178
 185
 253
 261
 386
 405
 763


# name: optim_start
# type: scalar
763


# name: optim_steps
# type: scalar
16


# name: VPVP_params
# type: scalar struct
# ndims: 2
 1 1
# length: 8
# name: lambda
# type: scalar
300000000


# name: downsample
# type: scalar
10


# name: MaxIter_X
# type: scalar
200


# name: MaxIter
# type: scalar
50


# name: optTol_X
# type: scalar
1e-06


# name: progTol_X
# type: scalar
1e-10


# name: optTol_aW
# type: scalar
0.0001


# name: progTol_aW
# type: scalar
1e-07




