# Created by Octave 3.8.1, Tue Nov 28 20:04:21 2017 ART <gabrevaya@ws2.labo2>
# name: y_start
# type: matrix
# rows: 15
# columns: 1
 0.4521995650504522
 -0.7324006704714211
 0.09605743555551077
 0.5214125762022099
 0.3746287048500839
 -0.2267260293629466
 0.3520863372940222
 -1.230583872145264
 -0.3584829917016413
 0.2234808423209789
 -0.1306152625391247
 0.5082086462830957
 -1.989669238700613
 -0.07569241655892303
 0.9456155405013634


# name: alphas
# type: cell
# rows: 1
# columns: 3
# name: <cell-element>
# type: matrix
# rows: 15
# columns: 1
 0.2796078038097513
 0.5397021389039027
 0.6188979497111744
 0.5153410736001158
 0.5207319930251277
 0.4558016008875675
 0.656432611936463
 0.5873167011857107
 0.5081969057051393
 0.7711054568492655
 0.5403289839782432
 0.785778232937028
 0.7059996652316537
 0.5125754259509498
 0.5522880290070566



# name: <cell-element>
# type: matrix
# rows: 15
# columns: 1
 1.147326897436155
 1.021349958852872
 1.087462032341217
 1.052198519620131
 0.9972817788160423
 1.132668608103175
 1.049300142270501
 1.065915862150909
 0.9853503918842538
 1.095465867768599
 0.8915302785343271
 0.7523364984139567
 0.890709629693532
 1.026685227739154
 0.9417083518406629



# name: <cell-element>
# type: matrix
# rows: 15
# columns: 1
 11.45969384567227
 11.32833163471801
 11.15933836270189
 11.40002982018803
 11.45939582511116
 11.32055845309968
 11.47767938449156
 11.19551593893627
 11.39455056856607
 11.30117206474828
 11.28460251609085
 11.33221123759282
 11.40276032933565
 11.44405256697111
 11.23487578618495





# name: W
# type: matrix
# rows: 15
# columns: 15
 0 0 0 0 0 0 0 0 0 0 0 0 0 0 0
 0 0 0 0 0 0 0 0 0 0 0 0 0 0 0
 0 0 0 0 0 0 0 0 0 0 0 0 0 0 0
 0 0 0 0 0 0 0 0 0 0 0 0 0 0 0
 0 0 0 0 0 0 0 0 0 0 0 0 0 0 0
 0 0 0 0 0 0 0 0 0 0 0 0 0 0 0
 0 0 0 0 0 0 0 0 0 0 0 0 0 0 0
 0 0 0 0 0 0 0 0 0 0 0 0 0 0 0
 0 0 0 0 0 0 0 0 0 0 0 0 0 0 0
 0 0 0 0 0 0 0 0 0 0 0 0 0 0 0
 0 0 0 0 0 0 0 0 0 0 0 0 0 0 0
 0 0 0 0 0 0 0 0 0 0 0 0 0 0 0
 0 0 0 0 0 0 0 0 0 0 0 0 0 0 0
 0 0 0 0 0 0 0 0 0 0 0 0 0 0 0
 0 0 0 0 0 0 0 0 0 0 0 0 0 0 0


# name: iter
# type: scalar
51


# name: c
# type: matrix
# rows: 1
# columns: 15
 -0.06270259868030735 -0.1977768617933785 -0.1457422443131038 0.03533906856137681 -0.1183756224822486 0.1816600579517855 0.003074079098004549 0.2794083754189974 0.2211814655643875 -0.2683045925174639 -0.03621209318536168 -0.03732081922131716 0.192837458801695 0.1095272546598922 0.1396239468088103


# name: mean_corr
# type: matrix
# rows: 5
# columns: 1
 -0.05343267049321036
 -0.04473610947720067
 -0.03462981641077751
 0.01231061204728395
 0.01794297455133048


# name: mean_error
# type: matrix
# rows: 5
# columns: 1
 1.464565416514619
 1.460785045465049
 1.452595874653648
 1.391002970287277
 1.398483874303768


# name: iter_improve
# type: matrix
# rows: 5
# columns: 1
 1
 3
 15
 31
 38


# name: optim_start
# type: scalar
51


# name: optim_steps
# type: matrix
# rows: 0
# columns: 0


# name: VPVP_params
# type: scalar struct
# ndims: 2
 1 1
# length: 8
# name: lambda
# type: scalar
300000000


# name: downsample
# type: scalar
10


# name: MaxIter_X
# type: scalar
200


# name: MaxIter
# type: scalar
50


# name: optTol_X
# type: scalar
1e-06


# name: progTol_X
# type: scalar
1e-10


# name: optTol_aW
# type: scalar
0.0001


# name: progTol_aW
# type: scalar
1e-07




