# Created by Octave 3.8.1, Sat Jan 06 20:47:40 2018 ART <gabrevaya@ws13.labo2>
# name: y_start
# type: matrix
# rows: 10
# columns: 1
 0.2788165688141636
 0.3448613611670788
 -0.6349988102018435
 0.2386848474491675
 -1.452897088547993
 0.9628868577984829
 0.4980231145111884
 0.2839151752518717
 -1.197874227219085
 -0.9806325100720404


# name: alphas
# type: cell
# rows: 1
# columns: 3
# name: <cell-element>
# type: matrix
# rows: 10
# columns: 1
 0.8843347861617101
 0.7103411557349312
 0.4790510924025527
 0.4460039084495514
 0.6369756716901764
 0.6411107393728215
 0.7721583168349511
 0.6189609418786277
 0.8980787471144178
 0.5957829880783503



# name: <cell-element>
# type: matrix
# rows: 10
# columns: 1
 0.8105164617759635
 0.9990072952270775
 1.048709158057025
 1.235848976185503
 0.9964338166424868
 0.9701740686323753
 1.330001806162234
 0.9042709184271702
 1.220668066850316
 0.920069281393218



# name: <cell-element>
# type: matrix
# rows: 10
# columns: 1
 11.1674461149877
 11.29900632404785
 11.3678457393687
 11.66309299088734
 11.5518174250356
 11.20792011135227
 11.35210396237282
 11.48027961193885
 11.31851988340259
 11.43860236762557





# name: W
# type: matrix
# rows: 10
# columns: 10
 0 0 0 0 0 0 0 0 0 0
 0 0 0 0 0 0 0 0 0 0
 0 0 0 0 0 0 0 0 0 0
 0 0 0 0 0 0 0 0 0 0
 0 0 0 0 0 0 0 0 0 0
 0 0 0 0 0 0 0 0 0 0
 0 0 0 0 0 0 0 0 0 0
 0 0 0 0 0 0 0 0 0 0
 0 0 0 0 0 0 0 0 0 0
 0 0 0 0 0 0 0 0 0 0


# name: iter
# type: scalar
763


# name: c
# type: matrix
# rows: 1
# columns: 10
 0.1204310931920903 0.2772820404193078 0.1007930645179976 0.02393793139846953 0.413858375500896 0.01686452173007951 0.03047394039450216 -0.0505199247644451 0.006198945163707878 0.04668955572879241


# name: mean_corr
# type: matrix
# rows: 15
# columns: 1
 -0.04575014930473044
 -0.04187302369823223
 -0.03734521961530998
 -0.06100369676586372
 -0.04739430943265538
 -0.01330901436811814
 0.02343196503978234
 0.03543631511892797
 0.05100955332822281
 0.07230247722938783
 0.07233358236350571
 0.08439273887316232
 0.1036904671069739
 0.1038717993937375
 0.1043487888924339


# name: mean_error
# type: matrix
# rows: 15
# columns: 1
 1.466133897253314
 1.469201541066461
 1.467360977383996
 1.464199431027052
 1.459072403221903
 1.438669073424553
 1.406797905545492
 1.40954071164736
 1.383406704747006
 1.371284186076813
 1.366411412695862
 1.354177248983647
 1.340614680337145
 1.335329358335911
 1.334978509658413


# name: iter_improve
# type: matrix
# rows: 15
# columns: 1
 1
 3
 29
 31
 88
 90
 92
 134
 142
 178
 185
 253
 261
 386
 405


# name: optim_start
# type: scalar
763


# name: optim_steps
# type: matrix
# rows: 0
# columns: 0


# name: VPVP_params
# type: scalar struct
# ndims: 2
 1 1
# length: 8
# name: lambda
# type: scalar
300000000


# name: downsample
# type: scalar
10


# name: MaxIter_X
# type: scalar
200


# name: MaxIter
# type: scalar
50


# name: optTol_X
# type: scalar
1e-06


# name: progTol_X
# type: scalar
1e-10


# name: optTol_aW
# type: scalar
0.0001


# name: progTol_aW
# type: scalar
1e-07




