# Created by Octave 3.8.1, Wed Nov 29 00:12:53 2017 ART <gabrevaya@ws5.labo5>
# name: y_start
# type: matrix
# rows: 15
# columns: 1
 -1.382348772464238
 -1.008585186944918
 -0.2614625917762515
 -0.9181928029981145
 -0.1946094535315596
 -0.7393531562567648
 -0.1976761342262582
 -0.06235952819621033
 -0.3491079206671668
 -0.6049568766176185
 -0.3752876163672682
 1.382821417443016
 2.009632566938894
 -0.3226804331337289
 -1.964313016819682


# name: alphas
# type: cell
# rows: 1
# columns: 3
# name: <cell-element>
# type: matrix
# rows: 15
# columns: 1
 1.089892366975496
 0.9516025930149208
 0.4718135576313681
 0.346196617926136
 0.4969050825408176
 0.8633375707336841
 0.6315532778956596
 0.4869288066902434
 0.5588542710216353
 0.6429497337138956
 0.5854826799691184
 0.7665578757937246
 0.1548862169504199
 0.5293474598604552
 0.8118640248080888



# name: <cell-element>
# type: matrix
# rows: 15
# columns: 1
 0.8451068844125281
 1.091221518265014
 1.250142228865434
 0.8205755628465526
 0.6808029800152268
 1.117653520283525
 1.014178228218143
 1.031323705423005
 0.9655544382187398
 0.9124455398586484
 0.9085054409450675
 0.676482681539157
 1.139389267110871
 1.02664368457734
 0.9890316041129485



# name: <cell-element>
# type: matrix
# rows: 15
# columns: 1
 11.4601182775524
 11.60689600943897
 11.39902887334195
 11.06477036730083
 10.91723747078565
 11.40009876285903
 11.3819534190823
 11.32476173394778
 11.30787776749883
 11.3120597842048
 11.20093680692604
 11.08414745230077
 11.74330374987888
 11.28511070603844
 11.25394292702022





# name: W
# type: matrix
# rows: 15
# columns: 15
 0 0 0 0 0 0 0 0 0 0 0 0 0 0 0
 0 0 0 0 0 0 0 0 0 0 0 0 0 0 0
 0 0 0 0 0 0 0 0 0 0 0 0 0 0 0
 0 0 0 0 0 0 0 0 0 0 0 0 0 0 0
 0 0 0 0 0 0 0 0 0 0 0 0 0 0 0
 0 0 0 0 0 0 0 0 0 0 0 0 0 0 0
 0 0 0 0 0 0 0 0 0 0 0 0 0 0 0
 0 0 0 0 0 0 0 0 0 0 0 0 0 0 0
 0 0 0 0 0 0 0 0 0 0 0 0 0 0 0
 0 0 0 0 0 0 0 0 0 0 0 0 0 0 0
 0 0 0 0 0 0 0 0 0 0 0 0 0 0 0
 0 0 0 0 0 0 0 0 0 0 0 0 0 0 0
 0 0 0 0 0 0 0 0 0 0 0 0 0 0 0
 0 0 0 0 0 0 0 0 0 0 0 0 0 0 0
 0 0 0 0 0 0 0 0 0 0 0 0 0 0 0


# name: iter
# type: scalar
676


# name: c
# type: matrix
# rows: 1
# columns: 15
 0.09216309747172212 -0.03117178175006143 0.1528658118781957 0.01864866659047549 -0.03056124413923912 0.2229498994572322 -0.01672827980322431 0.5956417018028932 0.2285240154482001 0.0420084597512868 -0.04352786571575286 -0.001794616182265019 0.1528485697205666 0.1774856192513437 0.01453002594603896


# name: mean_corr
# type: matrix
# rows: 23
# columns: 1
 -0.05512508595526497
 -0.05372480089332852
 -0.06957277221294519
 -0.0568027564747345
 -0.03401859827508747
 -0.01582601130935614
 -0.01067649011361988
 -0.006106109207744191
 0.01575240650865378
 0.01936574994608073
 0.01992237651352429
 0.04878350293557189
 0.0490324140668825
 0.05872951722265632
 0.06210491790196979
 0.06261354391031951
 0.07181042417729434
 0.08552879223638171
 0.1073982659972681
 0.1089209747432773
 0.1090220264528639
 0.1115250742646881
 0.1121251317380505


# name: mean_error
# type: matrix
# rows: 23
# columns: 1
 1.49654910430509
 1.494610935282707
 1.475280149023891
 1.470707722550445
 1.457396591393328
 1.444568896624153
 1.442139143750462
 1.442353284476005
 1.432743467786773
 1.432334942309972
 1.432160783769235
 1.405882200171543
 1.407124979561072
 1.403181660005186
 1.401984378034379
 1.401975082828388
 1.392476251020058
 1.379443533271979
 1.370994344522802
 1.362537951879734
 1.358982896533132
 1.36121901255915
 1.363730026265042


# name: iter_improve
# type: matrix
# rows: 23
# columns: 1
 1
 23
 31
 61
 69
 145
 162
 166
 170
 184
 247
 282
 354
 415
 426
 464
 468
 484
 487
 561
 566
 594
 669


# name: optim_start
# type: scalar
676


# name: optim_steps
# type: matrix
# rows: 0
# columns: 0


# name: VPVP_params
# type: scalar struct
# ndims: 2
 1 1
# length: 8
# name: lambda
# type: scalar
300000000


# name: downsample
# type: scalar
10


# name: MaxIter_X
# type: scalar
200


# name: MaxIter
# type: scalar
50


# name: optTol_X
# type: scalar
1e-06


# name: progTol_X
# type: scalar
1e-10


# name: optTol_aW
# type: scalar
0.0001


# name: progTol_aW
# type: scalar
1e-07




