# Created by Octave 3.8.1, Wed Nov 29 00:17:32 2017 ART <gabrevaya@ws5.labo5>
# name: y_start
# type: matrix
# rows: 15
# columns: 1
 -1.382348732823866
 -1.008585144726447
 -0.2614625995252057
 -0.9181928357220223
 -0.1946094838542361
 -0.7393531524282856
 -0.19767613718385
 -0.06235949529753779
 -0.3491079154882582
 -0.6049568694642063
 -0.3752876507368252
 1.382821423068481
 2.009632573913674
 -0.3226804605647113
 -1.964313023055047


# name: alphas
# type: cell
# rows: 1
# columns: 3
# name: <cell-element>
# type: matrix
# rows: 15
# columns: 1
 1.022554537680733
 0.839568112699938
 0.4920642027057662
 0.345240570028493
 0.4803124433498365
 0.7760076736553603
 0.5405712378452848
 0.5371673199094921
 0.538359707086363
 0.6119688844572779
 0.5276492558537096
 0.6966568707230917
 0.1372124363345133
 0.5904705437613689
 0.8096372245273847



# name: <cell-element>
# type: matrix
# rows: 15
# columns: 1
 0.8030559322442128
 0.9570573156625436
 1.241372545486122
 0.7275803576085517
 0.7899445866304357
 1.194016785366554
 1.063570007380088
 1.005413327202189
 0.9468366334059791
 0.7989922240133571
 0.7527855103816562
 0.7648778482126081
 1.121337636937063
 0.6454849981702965
 0.9195688120324116



# name: <cell-element>
# type: matrix
# rows: 15
# columns: 1
 11.45783490146457
 11.59371347078985
 11.39823979265166
 11.05435823506647
 10.91830873335056
 11.40871920250972
 11.38667894649766
 11.32257870830554
 11.30670690797881
 11.30008623351294
 11.18862691260068
 11.08992292708765
 11.74507547705608
 11.25320842722619
 11.24933457932624





# name: W
# type: matrix
# rows: 15
# columns: 15
 -0.1283071285969539 0.03447765089404146 -0.001051545234855989 0.09339911506791269 -0.0544706067369894 0.09412993014675616 0.04849322680411336 -0.02427436415579379 -0.01561855386085855 -0.1278055761618332 -0.1035715772196119 0.1238242494155517 -0.03903390320959389 -0.04761335303471154 0.06434955013875916
 -0.02887238290498467 -0.2055266100104259 -0.06247363377402416 -0.07110776576385587 0.1057066475251859 -0.2451892756893816 -0.1342461209228412 0.0675177663426003 -0.005503856355907577 0.0936329246854929 0.1758587019574467 -0.03501345015031144 0.2135624968267761 0.03756307959068463 -0.327321729459151
 -0.001945580288273671 -0.07084898966459514 0.03204705795104019 -0.03658544467437978 -0.02103877835281671 -0.03304451417575728 -0.0726558147749595 -0.0525860601450285 -0.01195683753625325 0.002381826976013636 0.01030419697819626 -0.008512353201112098 -0.004633875418107222 -0.002522524617895727 -0.04271204680926416
 0.01814261709482629 0.01413288123836723 0.003496210673354862 -0.05808706460345886 0.08546715693943385 -0.004662369438980988 -0.07005678560303903 0.04734413986869018 -0.01644643145238996 0.08516611302480254 0.1659809120961422 -0.05288373525073209 -0.03557681354487487 0.09415276134130689 -0.2109121010232681
 -0.1331572703539449 0.06893331424208268 -0.0206468940551728 0.1465559572894423 0.02516871877716458 0.02610978015023256 0.01877622264930813 0.05351359070708175 -0.01723365369451993 -0.09214747652450396 0.01986509317222512 0.03757951965362807 -0.02914776231900558 0.08016404124322367 -0.05881713724029712
 -0.0008271057257580481 -0.1008443356602525 -0.01262937635914249 -0.0379822523529675 -0.01406282268335791 -0.1806939979401936 -0.06637568576362826 -0.02743759739986715 -0.006783932103006375 0.007323712666470089 0.01798404539101173 -0.01468481449346758 0.1151936929415182 0.003309538827184523 -0.04083335482534952
 0.008313646549021935 -0.1612183864235278 0.01099227594423841 -0.1019190188674521 0.03099548428786211 -0.1760248853702249 -0.208651532287513 -0.04825459538580529 -0.02555895513307493 0.05914544681778459 0.1510674799826378 -0.05951632762959247 0.08835028846671776 0.04979529886635184 -0.2223924669856046
 0.03110086508309264 0.09780894977031585 -0.0557194988349369 -0.02675024379840128 0.0320254151486946 0.08164607855492609 0.08592827296070753 0.1090607711478188 0.02300229350054935 0.07382498928333807 0.02725146868527432 0.02628549065956808 0.0309408839521773 -0.05496002056277582 -0.03446550769187185
 0.01289409739839537 -0.04183011736713099 -0.01540673026364507 -0.06053415616004285 0.0008615200009774102 -0.05513815653555145 -0.02952929634823309 -0.0103381941658275 -0.02404295533692253 0.01935324584115223 0.003712588112572401 -0.01506618682819778 0.04276733807908123 -0.01306879061109435 -0.03748823128875539
 -0.04526011087978821 0.0237829427411156 -0.005187137905255087 0.06493119510353133 0.001652677081522622 0.03579026681910016 0.04163155959691021 -0.009073072415602772 0.003833068426333994 -0.0755746295929392 -0.0545924175486212 0.03328083687896356 -0.01249286207460712 -0.009184549871356057 0.06858503473482132
 -0.1740795181491084 0.09202773802726046 -0.03565531125103819 0.2659747370546991 0.02441674996728059 0.007338443394951754 0.1410624663398525 0.05078645826363941 0.02117893262791348 -0.1616256120039138 -0.1800937734570053 0.1528733286749732 0.01720461483967965 -0.04268309541619669 0.1489208738713943
 0.1699838526060212 0.04135715976602365 -0.003835473623701761 -0.1515831211860403 0.05858185715750255 0.04872621122700763 0.01443803102417974 0.03064147827805429 0.01416182917782666 0.133323078091244 0.03984882169925633 -0.2380457580467851 -0.05217343943787891 -0.0006427762336689848 -0.01094027083883878
 0.1100286371851012 0.03546687274027131 0.02167374519166849 -0.03636817094691224 -0.04053142190722063 0.01645430861473107 0.07733063522211445 -0.005086565627287292 0.0365358335788875 0.05729479196101363 -0.06952210652924026 -0.05295086044133233 -0.03980782729336701 -0.0639875379862582 0.1764989803305597
 -0.05484896571440785 0.09080573607226512 -0.002267947442725726 0.1731940942969455 0.05313131204358486 0.007617649355181227 0.0551074991405653 0.03219936731588371 0.013114274500791 -0.05871100305679528 0.06286885574888006 0.06143178747944587 -0.07122005371152144 0.1167613300028963 0.05756235714176155
 -0.04954872735004353 -0.07973044582911121 0.04173645243917941 -0.06548763040975392 0.02265029137452726 -0.03019844056958606 -0.128426510802557 -0.03578758408595218 -0.0278402886356148 0.02586531305926901 0.09464202814972035 -0.007177290126743343 -0.01854503077224739 0.0174994523132812 -0.2320303304664024


# name: iter
# type: scalar
676


# name: c
# type: matrix
# rows: 1
# columns: 15
 0.2891009063324336 0.3651120051972055 0.4651230612159137 0.4335724075921543 0.5282329751630037 0.361346587666759 0.1491119608123935 0.6751797124437399 0.2978698759164685 0.5102153273517481 0.3908353638964265 0.02106647656171966 0.3715181847528669 0.597567475543453 0.09120548041874345


# name: mean_corr
# type: matrix
# rows: 24
# columns: 1
 -0.05512508595526497
 -0.05372480089332852
 -0.06957277221294519
 -0.0568027564747345
 -0.03401859827508747
 -0.01582601130935614
 -0.01067649011361988
 -0.006106109207744191
 0.01575240650865378
 0.01936574994608073
 0.01992237651352429
 0.04878350293557189
 0.0490324140668825
 0.05872951722265632
 0.06210491790196979
 0.06261354391031951
 0.07181042417729434
 0.08552879223638171
 0.1073982659972681
 0.1089209747432773
 0.1090220264528639
 0.1115250742646881
 0.1121251317380505
 0.369803853391002


# name: mean_error
# type: matrix
# rows: 24
# columns: 1
 1.49654910430509
 1.494610935282707
 1.475280149023891
 1.470707722550445
 1.457396591393328
 1.444568896624153
 1.442139143750462
 1.442353284476005
 1.432743467786773
 1.432334942309972
 1.432160783769235
 1.405882200171543
 1.407124979561072
 1.403181660005186
 1.401984378034379
 1.401975082828388
 1.392476251020058
 1.379443533271979
 1.370994344522802
 1.362537951879734
 1.358982896533132
 1.36121901255915
 1.363730026265042
 1.27851425815176


# name: iter_improve
# type: matrix
# rows: 24
# columns: 1
 1
 23
 31
 61
 69
 145
 162
 166
 170
 184
 247
 282
 354
 415
 426
 464
 468
 484
 487
 561
 566
 594
 669
 676


# name: optim_start
# type: scalar
676


# name: optim_steps
# type: scalar
24


# name: VPVP_params
# type: scalar struct
# ndims: 2
 1 1
# length: 8
