# Created by Octave 3.8.1, Wed Nov 29 00:36:09 2017 ART <gabrevaya@ws16.labo7>
# name: y_start
# type: matrix
# rows: 15
# columns: 1
 0.5122146921369222
 0.3293379366339829
 0.2029508899488126
 -0.2407783514676362
 0.01991348268912634
 -1.039164148612189
 -0.5337251176170011
 -1.226261160711192
 -0.778199397316228
 -0.04529481577893408
 0.5854121457466139
 1.323585338692666
 0.4319055584221319
 -0.4474760800102749
 -1.834233193773732


# name: alphas
# type: cell
# rows: 1
# columns: 3
# name: <cell-element>
# type: matrix
# rows: 15
# columns: 1
 0.3247347982819396
 0.5547455540585495
 0.6648530417182378
 0.6791862940306993
 0.5050219459787457
 0.4052816391618833
 0.2601860785226799
 0.5322738243601151
 0.7605043955472528
 0.4632407716051187
 0.2976958503884162
 0.4366838953398028
 0.4614501174117093
 0.4639558122956522
 0.6126448682672511



# name: <cell-element>
# type: matrix
# rows: 15
# columns: 1
 1.389565001423098
 0.8220553072544408
 0.9487723479458334
 0.7218459655241034
 0.8214061603752523
 0.8158573164806064
 1.023162153694404
 0.9780342146140009
 0.9515180386297151
 0.7644445457049425
 0.6789457631172966
 1.153836188096399
 0.8114066120058466
 0.7609134465859977
 0.88871428635962



# name: <cell-element>
# type: matrix
# rows: 15
# columns: 1
 11.31672887640029
 11.33191636308018
 11.28544125990643
 11.67511087284728
 11.37022081074258
 11.25350376045459
 11.21457316037787
 11.38581863602448
 11.51462079648165
 11.58854119578494
 11.23395852900197
 11.36848247728932
 11.44947956794514
 11.38678780471793
 11.52049348891899





# name: W
# type: matrix
# rows: 15
# columns: 15
 -0.007291535985942832 -0.0568747730922267 0.07365281085316507 0.01120097622288317 -0.1061825608754483 0.02513628707797456 -0.05266421258756374 -0.159506298178694 -0.05053735270461083 -0.07603158146044528 -0.0634283920149763 -0.01205389101481509 -0.07542751131158049 -0.04901320911505117 0.1072974556380006
 0.1318253093186566 -0.04326830950454553 -0.07697455974918042 0.0005033133372710486 0.1432547119951601 -0.09287725999429317 -0.07822033429615266 0.1234787510063829 0.008911501846061383 0.09050972900737352 0.1759438879413501 -0.1282709361521794 0.1324607406868111 0.07255516387377753 -0.2564507862384342
 0.0008479127129700864 -0.0307195614617998 -0.05162240840263082 -0.0305246937093419 -0.02849354158218413 -0.03562964194175489 -0.03108586270133236 -0.03280088386434191 -0.005059502298586934 0.03777191108483826 -0.007088800994582472 -0.04983659265439142 0.04649807074233622 -0.04670106923510079 0.004222190000016857
 -0.06257392334411634 -0.002084359502422852 -0.07872763732680499 -0.1275761148345742 0.09494135772483515 -0.04108773213295953 -0.007847422532702274 0.1260452799122519 0.02778232573038552 0.09825602225359194 0.09775157337225161 -0.08388459509850157 0.08447311971639397 0.05944707497995618 -0.1554973098661097
 -0.06463576423665961 0.1276037408647808 -0.06519881299166885 0.1715065251252689 0.0745988312531598 0.01549074133644481 0.07893180858897068 0.1082024236480283 0.02705870310939119 -0.0663724621771286 0.004200335798759676 0.03307025590805302 -0.02060016883772932 0.03746128703033053 -0.03286639466603936
 -0.01558253497838675 -0.06791823271676055 -0.01473867102084323 -0.07395527790553416 0.02379367570638834 -0.06859144474027147 -0.1292166510965549 -0.05522180549010262 -0.04675564291249083 0.03007092162561645 0.1160850176500404 -0.1308912465593141 0.02859655492675691 0.04605812705635291 -0.1789885760550629
 0.0809850185375178 -0.1183240932626812 -0.006371628693455493 -0.08609590453728466 0.03628081030115587 -0.07703439668545707 -0.1373458154180876 -0.007501118775455532 -0.0270066197757551 0.08549723531584745 0.1153889067153427 -0.1918966573477174 0.09665905045960575 0.01129346052556046 -0.1791236756028042
 0.1405226687668606 0.07303118591414386 -0.03426022103587964 0.059518457288232 0.06043628438634611 -0.04238714287050677 0.03928667869901344 0.05888675613030981 0.01788954405365624 0.02300843887582165 0.009553978828078517 0.1038624530644435 0.05438183881825486 -0.01698557939949656 -0.1001619270285404
 0.06022818436519257 -0.04659887769005278 0.02084014499707456 0.003712052708561401 -0.02866224284615174 -0.01454853305371472 -0.0774459887066091 -0.08904018593073125 -0.1195984328588654 -0.03144251651956494 4.880508324168339e-06 -0.07386794591441452 -0.01408662288219503 -0.02958406019168767 -0.04699162630295133
 -0.004587707241769308 0.03924412872772352 -0.003548461706413811 0.03483456993995884 -0.008785483031111728 0.03642857546966301 0.04570943277053816 0.009891533836596167 -0.0006369772346193056 -0.04207447994192792 -0.0418180181854159 0.05425146586247715 -0.03807058780217219 0.001241418640049821 0.05517752879709788
 -0.01000828108277143 0.1783708889718035 -0.009883727357386688 0.2848751549364921 0.004572186434933321 0.1055461186699628 0.1621322520888498 0.06121248090699487 0.02979750924866467 -0.1665739698483206 -0.1568557544127163 0.1393380261194427 -0.119384039085953 -0.01844195570186915 0.1799737078526726
 -0.05929896813377449 -0.1276758348636346 0.01792473121728835 -0.03651725144385778 -0.01856370603295315 -0.03912967853366599 -0.1586858376152202 -0.1052284450420317 -0.07225123624682865 0.005205868070618232 0.06348276816599803 -0.2534947128439395 0.01587966026044929 0.007350094604517676 -0.1268770570429275
 0.02871462158541036 0.08010531092910786 -0.0113709935464804 0.04856388659085681 0.002038788774801601 0.04872852564847056 0.1249655351858303 0.07716090238071487 0.0419739809666959 -0.01785561863138833 -0.08293283969350683 0.1316658571414472 -0.0227189074676778 -0.02991997214076325 0.1281089097770448
 -0.05300473976813782 0.1624468740600261 -0.04117141468348134 0.3201548550222793 0.07217579108122195 0.01597922430053555 0.05552539982279446 0.04987166737422911 0.01140174974690647 -0.1522007346163231 -0.01037354232592398 -0.0006842436742791134 -0.05842901223027206 0.0104485823068841 -0.0059517436708596
 -0.07993165283718771 -0.08322294229602784 -0.03320694954427725 -0.0839684719635784 0.05013963233792185 -0.08350312194663297 -0.1521971676822177 -0.03544804121145715 -0.06595439102715718 0.08037370059646913 0.1157276118219407 -0.1939027858153038 0.08386717622088241 0.04374587454754802 -0.2768367433494759


# name: iter
# type: scalar
778


# name: c
# type: matrix
# rows: 1
# columns: 15
 0.4857970926734093 0.4712261445426139 0.4108423138106216 0.422064246596607 0.522233764595353 0.3496736304120101 0.1545419062151537 0.5857183200365841 0.239421843351447 0.4904620479064611 0.4514315932390687 0.06964474019456904 0.4105518440558061 0.5413878685167572 0.1260042146321549


# name: mean_corr
# type: matrix
# rows: 20
# columns: 1
 -0.08128821850477652
 -0.05708371304710531
 -0.01480621229370695
 -0.03779668021674752
 -0.02143616681436813
 -0.01800844741614139
 0.000401968985382765
 0.02646513810316688
 0.04208984327817102
 0.04771222394410225
 0.07094136573022901
 0.07599650701752883
 0.08144534346935289
 0.08540098141091826
 0.08700067021820912
 0.08815516193885159
 0.109591288380678
 0.1100835859890236
 0.1101354535934252
 0.3820667713852411


# name: mean_error
# type: matrix
# rows: 20
# columns: 1
 1.4690894381291
 1.453576010716184
 1.427989178934839
 1.444903768167071
 1.440795728820139
 1.441891931141537
 1.42587428199212
 1.407472168987525
 1.398592472625699
 1.395418645297548
 1.386932569951093
 1.383743693575832
 1.385499252084501
 1.372019741642823
 1.368472463311008
 1.369189625032539
 1.361334472449889
 1.363322291889219
 1.36289939380479
 1.29799660929265


# name: iter_improve
# type: matrix
# rows: 20
# columns: 1
 1
 10
 29
 31
 41
 61
 70
 134
 140
 161
 202
 334
 345
 401
 437
 446
 473
 573
 578
 778


# name: optim_start
# type: scalar
778


# name: optim_steps
# type: scalar
20


# name: VPVP_params
# type: scalar struct
# ndims: 2
 1 1
# length: 8
# name: lambda
# type: scalar
300000000


# name: downsample
# type: scalar
10


# name: MaxIter_X
# type: scalar
200


# name: MaxIter
# type: scalar
50


