# Created by Octave 3.8.1, Wed Nov 29 00:30:44 2017 ART <gabrevaya@ws16.labo7>
# name: y_start
# type: matrix
# rows: 15
# columns: 1
 0.5122146730152725
 0.3293379541829285
 0.2029508923480235
 -0.2407783228128004
 0.01991350071210649
 -1.039164154704066
 -0.5337251169693846
 -1.226261176229192
 -0.7781994040540074
 -0.04529481518445522
 0.5854121645141168
 1.323585337459196
 0.4319055634758497
 -0.4474760376944348
 -1.834233203185878


# name: alphas
# type: cell
# rows: 1
# columns: 3
# name: <cell-element>
# type: matrix
# rows: 15
# columns: 1
 0.3343385572220517
 0.5997372916623229
 0.7038550016874167
 0.7143369098910873
 0.4948781338539016
 0.4557471277548674
 0.316410470867481
 0.5423956130474483
 0.8468156115969683
 0.4832200344630728
 0.3516939020314525
 0.5456873390660278
 0.4763826075701478
 0.4669192432946749
 0.6143996792545835



# name: <cell-element>
# type: matrix
# rows: 15
# columns: 1
 1.408781100147403
 1.127639197510889
 0.9016787654743781
 0.7557447145551122
 0.9541175049115133
 0.8423420360418088
 1.073221261935768
 0.9763189231662956
 1.074348821176174
 0.8442657403576553
 0.9283360180350448
 1.237275829587658
 0.800106704523824
 1.125724134452681
 0.9575645753492098



# name: <cell-element>
# type: matrix
# rows: 15
# columns: 1
 11.32099685983625
 11.35872261388434
 11.28077916919833
 11.68243489213518
 11.38307670852262
 11.25456684390082
 11.21942413817082
 11.37859222914871
 11.52347583892461
 11.59700301615904
 11.24973836147825
 11.37657447772575
 11.44934848653617
 11.41971309596515
 11.52403292387067





# name: W
# type: matrix
# rows: 15
# columns: 15
 0 0 0 0 0 0 0 0 0 0 0 0 0 0 0
 0 0 0 0 0 0 0 0 0 0 0 0 0 0 0
 0 0 0 0 0 0 0 0 0 0 0 0 0 0 0
 0 0 0 0 0 0 0 0 0 0 0 0 0 0 0
 0 0 0 0 0 0 0 0 0 0 0 0 0 0 0
 0 0 0 0 0 0 0 0 0 0 0 0 0 0 0
 0 0 0 0 0 0 0 0 0 0 0 0 0 0 0
 0 0 0 0 0 0 0 0 0 0 0 0 0 0 0
 0 0 0 0 0 0 0 0 0 0 0 0 0 0 0
 0 0 0 0 0 0 0 0 0 0 0 0 0 0 0
 0 0 0 0 0 0 0 0 0 0 0 0 0 0 0
 0 0 0 0 0 0 0 0 0 0 0 0 0 0 0
 0 0 0 0 0 0 0 0 0 0 0 0 0 0 0
 0 0 0 0 0 0 0 0 0 0 0 0 0 0 0
 0 0 0 0 0 0 0 0 0 0 0 0 0 0 0


# name: iter
# type: scalar
778


# name: c
# type: matrix
# rows: 1
# columns: 15
 0.3501923583819768 -0.05768993165115983 0.221054029159036 0.176672531187162 0.2585221374254281 -0.054994280103886 0.02882161560857959 0.4854858972638784 -0.05193507568969021 0.1599059686599741 -0.0689008934791364 -0.03628248875292048 0.2544946151153162 -0.04712604666582909 0.02622203405725576


# name: mean_corr
# type: matrix
# rows: 19
# columns: 1
 -0.08128821850477652
 -0.05708371304710531
 -0.01480621229370695
 -0.03779668021674752
 -0.02143616681436813
 -0.01800844741614139
 0.000401968985382765
 0.02646513810316688
 0.04208984327817102
 0.04771222394410225
 0.07094136573022901
 0.07599650701752883
 0.08144534346935289
 0.08540098141091826
 0.08700067021820912
 0.08815516193885159
 0.109591288380678
 0.1100835859890236
 0.1101354535934252


# name: mean_error
# type: matrix
# rows: 19
# columns: 1
 1.4690894381291
 1.453576010716184
 1.427989178934839
 1.444903768167071
 1.440795728820139
 1.441891931141537
 1.42587428199212
 1.407472168987525
 1.398592472625699
 1.395418645297548
 1.386932569951093
 1.383743693575832
 1.385499252084501
 1.372019741642823
 1.368472463311008
 1.369189625032539
 1.361334472449889
 1.363322291889219
 1.36289939380479


# name: iter_improve
# type: matrix
# rows: 19
# columns: 1
 1
 10
 29
 31
 41
 61
 70
 134
 140
 161
 202
 334
 345
 401
 437
 446
 473
 573
 578


# name: optim_start
# type: scalar
778


# name: optim_steps
# type: matrix
# rows: 0
# columns: 0


# name: VPVP_params
# type: scalar struct
# ndims: 2
 1 1
# length: 8
# name: lambda
# type: scalar
300000000


# name: downsample
# type: scalar
10


# name: MaxIter_X
# type: scalar
200


# name: MaxIter
# type: scalar
50


# name: optTol_X
# type: scalar
1e-06


# name: progTol_X
# type: scalar
1e-10


# name: optTol_aW
# type: scalar
0.0001


# name: progTol_aW
# type: scalar
1e-07




