# Created by Octave 3.8.1, Sat Jan 06 20:37:52 2018 ART <gabrevaya@ws6.labo2>
# name: y_start
# type: matrix
# rows: 10
# columns: 1
 1.210726331811739
 0.920839401948921
 1.002494075005979
 -0.527886698179592
 0.4598422294106888
 0.4972824397188825
 -1.488973659497262
 0.3708841024700945
 0.9516888916164919
 -1.573420283753489


# name: alphas
# type: cell
# rows: 1
# columns: 3
# name: <cell-element>
# type: matrix
# rows: 10
# columns: 1
 0.5208281741683387
 0.4847495290400115
 0.494858945573756
 0.4931739126555851
 0.5452202230103794
 0.5469905314886191
 0.4905924237284401
 0.5416334609589339
 0.5015382178420805
 0.6950171760403767



# name: <cell-element>
# type: matrix
# rows: 10
# columns: 1
 0.684363810371749
 0.9819738127888655
 0.779600488011311
 0.7666819620525901
 0.7267154391279294
 0.9837229335840588
 0.8285642434410516
 0.6105484216124246
 0.7750003772703108
 0.8629146483716886



# name: <cell-element>
# type: matrix
# rows: 10
# columns: 1
 11.37760662951607
 11.3013455082457
 11.16054302952852
 11.5569745706903
 11.43360266114776
 11.48864047012015
 11.27221483601872
 11.10208664220983
 10.988333790483
 11.28916945252393





# name: W
# type: matrix
# rows: 10
# columns: 10
 -0.02794639446086647 -0.03181980403605905 0.0358546275869539 -0.02003241698203853 -0.0229689871587155 0.008224718359360913 0.0006176464612072858 -0.1524014320481371 -0.03020902013841084 0.2032125038106989
 0.07718162782041388 0.03098708873832545 -0.08311731641184207 -0.03313950743727298 -0.02615557098525305 0.01303186778734952 0.07121379046195339 9.185853393584194e-06 0.0698699624513226 -0.005107238652869037
 0.01897915157281403 -0.1113618856493791 -0.1545210805485675 0.1562073730706041 0.09337997238081816 -0.04290933756290428 0.1444597707327156 0.177059207960091 0.09104304703667844 -0.2308933954551353
 -0.1564085594451934 -0.05527175294493759 0.2030583716235668 0.09255803957616336 0.1667322626086372 0.01187830324187605 -0.1033765181193698 0.002558627748806103 -0.04763736739784197 -0.04712162865701124
 -0.02948706867421631 -0.07102135172022549 0.1301861017978474 0.09473932889946242 0.05932695922609844 -0.02937747934849349 -0.07254111565154239 0.06349403887138676 -0.01420003951512573 -0.1328868192498439
 0.07563153969106112 -0.008834659372585575 -0.08407963359383863 -0.0004353662093936078 -0.04366755933909084 -0.01475836469371208 0.0609574749016679 0.03138732496632392 0.04374325958463271 -0.02704586525638763
 -0.04745446412498321 0.0317085717941465 0.06109440389272318 -0.04453152509750799 -0.009139935139343804 0.01806376053483908 -0.09019079367893951 -0.06787540841840188 -0.05411712674856031 0.07830703302634824
 -0.2149064642257588 0.002648338230419536 0.2434675924867871 -0.0149743506154234 0.08906100918636391 0.05041870104059833 -0.135108813609756 -0.244232138543976 -0.1476636270524809 0.2430906671851608
 -0.0732092009733213 -0.03795792913688512 0.07555942411207336 0.02429036894021722 0.0435033548883401 0.03294507463508431 -0.002246455813319512 -0.1137889303485464 -0.0734194614754944 0.178180129668156
 0.1610342960293115 -0.01909334880584386 -0.08166501247092138 0.05402139599543759 0.1134408131069626 -0.02398148759569999 0.08744945831705253 0.1414946618048577 0.1880417227191522 -0.3307565279133481


# name: iter
# type: scalar
45


# name: c
# type: matrix
# rows: 1
# columns: 10
 0.3237054091209384 0.3775100938151413 0.4045768210753305 0.4952181698599969 0.6552119457768455 0.308464741776831 0.5273787378909569 0.4585172289059377 0.3429422126131866 0.1277407654393334


# name: mean_corr
# type: matrix
# rows: 6
# columns: 1
 -0.09365943722045508
 0.01117632548464237
 0.01894956513134805
 0.02817810480814556
 0.1024335561371336
 0.4021266126274498


# name: mean_error
# type: matrix
# rows: 6
# columns: 1
 1.470791601279471
 1.439223469104501
 1.435846640444873
 1.436884202836926
 1.350815522234214
 1.234942723712766


# name: iter_improve
# type: matrix
# rows: 6
# columns: 1
 1
 3
 10
 17
 31
 45


# name: optim_start
# type: scalar
45


# name: optim_steps
# type: scalar
6


# name: VPVP_params
# type: scalar struct
# ndims: 2
 1 1
# length: 8
# name: lambda
# type: scalar
300000000


# name: downsample
# type: scalar
10


# name: MaxIter_X
# type: scalar
200


# name: MaxIter
# type: scalar
50


# name: optTol_X
# type: scalar
1e-06


# name: progTol_X
# type: scalar
1e-10


# name: optTol_aW
# type: scalar
0.0001


# name: progTol_aW
# type: scalar
1e-07




