# Created by Octave 3.8.1, Sat Jan 06 20:36:40 2018 ART <gabrevaya@ws6.labo2>
# name: y_start
# type: matrix
# rows: 10
# columns: 1
 1.21072627320719
 0.9208394149474722
 1.002494127762231
 -0.5278866319778649
 0.4598422713679151
 0.4972824513803218
 -1.488973673018321
 0.3708841294776317
 0.9516888918561011
 -1.573420309095089


# name: alphas
# type: cell
# rows: 1
# columns: 3
# name: <cell-element>
# type: matrix
# rows: 10
# columns: 1
 0.5342023762802277
 0.4650000937622891
 0.5314361423679591
 0.4777732935938784
 0.5291505553058186
 0.5609455018032116
 0.5315744407329259
 0.6226776078289227
 0.5446321521356259
 0.6983950941981989



# name: <cell-element>
# type: matrix
# rows: 10
# columns: 1
 0.8311999467063107
 0.9721261965714767
 0.8482729750292032
 0.9480713506103662
 0.6656203281357026
 1.025685277107127
 0.9448508119643183
 1.001371646181883
 0.8312351547572724
 0.9264442368829562



# name: <cell-element>
# type: matrix
# rows: 10
# columns: 1
 11.39169122623135
 11.2973123755012
 11.17055315717598
 11.57359683161751
 11.43104173225854
 11.49200441771296
 11.28686236259859
 11.13059562829183
 10.99246643007675
 11.29012325025703





# name: W
# type: matrix
# rows: 10
# columns: 10
 0 0 0 0 0 0 0 0 0 0
 0 0 0 0 0 0 0 0 0 0
 0 0 0 0 0 0 0 0 0 0
 0 0 0 0 0 0 0 0 0 0
 0 0 0 0 0 0 0 0 0 0
 0 0 0 0 0 0 0 0 0 0
 0 0 0 0 0 0 0 0 0 0
 0 0 0 0 0 0 0 0 0 0
 0 0 0 0 0 0 0 0 0 0
 0 0 0 0 0 0 0 0 0 0


# name: iter
# type: scalar
45


# name: c
# type: matrix
# rows: 1
# columns: 10
 -0.1869284473871005 0.2942863102347148 -0.01884473694063288 0.3281825057128659 0.1412777507802362 0.2151059211211665 0.04482901955757159 -0.09984368622856807 0.2082688440118887 -0.1586615675054475


# name: mean_corr
# type: matrix
# rows: 5
# columns: 1
 -0.09365943722045508
 0.01117632548464237
 0.01894956513134805
 0.02817810480814556
 0.1024335561371336


# name: mean_error
# type: matrix
# rows: 5
# columns: 1
 1.470791601279471
 1.439223469104501
 1.435846640444873
 1.436884202836926
 1.350815522234214


# name: iter_improve
# type: matrix
# rows: 5
# columns: 1
 1
 3
 10
 17
 31


# name: optim_start
# type: scalar
45


# name: optim_steps
# type: matrix
# rows: 0
# columns: 0


# name: VPVP_params
# type: scalar struct
# ndims: 2
 1 1
# length: 8
# name: lambda
# type: scalar
300000000


# name: downsample
# type: scalar
10


# name: MaxIter_X
# type: scalar
200


# name: MaxIter
# type: scalar
50


# name: optTol_X
# type: scalar
1e-06


# name: progTol_X
# type: scalar
1e-10


# name: optTol_aW
# type: scalar
0.0001


# name: progTol_aW
# type: scalar
1e-07




