# Created by Octave 3.8.1, Sun Jan 07 12:59:32 2018 ART <gabrevaya@ws2.labo2>
# name: y_start
# type: matrix
# rows: 10
# columns: 1
 0.7580702411129163
 0.4555918706295175
 0.993128248049466
 0.4618412235011414
 0.8995139789614734
 0.441893414669047
 0.7201173544299136
 0.8753803326982923
 -0.7367281214137322
 0.6375599755518585


# name: alphas
# type: cell
# rows: 1
# columns: 3
# name: <cell-element>
# type: matrix
# rows: 10
# columns: 1
 -0.5120031965548025
 0.9538868419653068
 0.330709203575686
 0.03074622131211223
 0.6370580474666172
 0.4474254132777378
 0.6395289471814195
 0.198411310356569
 0.1872410261242731
 -0.5918849925975717



# name: <cell-element>
# type: matrix
# rows: 10
# columns: 1
 0.945029298817756
 1.019686870881672
 0.981473404714941
 0.7784776492734772
 0.8329656387653869
 0.747503629442323
 0.738424030916156
 0.3709198344122108
 1.634581935307474
 0.2872224131214067



# name: <cell-element>
# type: matrix
# rows: 10
# columns: 1
 12.28679872327035
 11.46490905914123
 11.37392681224567
 11.18012833196256
 11.31716553805541
 11.41688247733275
 11.3110015470996
 11.73018855093925
 11.01960174455445
 11.05957024877465





# name: W
# type: matrix
# rows: 10
# columns: 10
 0.5245400537607562 -0.195725287574673 0.6368915943808138 0.5108193415013046 -1.084985986958335 0.3530788065784778 -0.7635471986793135 -0.8118484925950883 -0.755148144327655 0.6914479621881626
 -0.1645692330977863 0.05805810567027354 -0.04697277419227043 0.1429364229237303 -0.216593200934245 0.1996936388965376 0.5405092165634481 -0.3573521090771907 0.495286542177612 -0.4591675759180487
 -0.8403160440855192 -0.2563715598632019 -0.1797908455898868 -0.2967082878469564 0.8812116798928668 -0.4483257035109448 0.5342690954484743 0.4937963118682238 0.7578375798730386 -0.3468049915174706
 -0.6163731474313269 -0.4953949049814654 1.030873235228436 -0.1468037418416086 0.4656795512723587 -0.3147780193602829 -0.4611371448307486 -0.4069421898399472 0.6507258196155691 -0.07236740635948535
 0.5208095274690639 -0.5439771252257317 0.3107941046684052 0.3918411698172085 0.4896259656161081 0.3958382944632061 0.4605924886310968 -0.04223855899971739 -0.4988426927488548 -0.3853177008891401
 -0.03085565552018124 -0.5915725155374145 0.4610755299986237 -0.03270070354545639 -0.1437255772296172 -0.5587379229044889 -0.2733426590951857 -0.5555004146602762 0.1810608913158354 0.4655944978256568
 0.2065058645341819 0.04095952257441423 0.4832473830514645 -0.008061159804966973 -0.01805398516448018 0.1457914338181879 -0.2763268612186808 -0.03210756405899223 0.09806283963488746 0.1078041696699856
 -0.3287384562297099 -0.5887059574951664 0.06368639204600947 0.08182759860191884 -0.5804679522664119 -0.227122746310088 -0.1978430963239553 -0.5505776552262426 -0.02947068114942996 -0.1566753579673518
 0.02158416116871112 -0.1313572051746816 0.2079386829392858 -0.7323396191553255 -0.6173468804534661 -0.02055877564691805 -0.2240611894693139 -1.0153702132001 0.1208262107858413 0.9684721452824843
 -0.1047916486216757 0.04896007840161617 -0.5027182533371882 -0.04562959930687519 0.3146606510452197 -0.3041221934062756 0.9700772078444623 0.3692391930543058 0.7387247523797635 -0.8138742026233049


# name: iter
# type: scalar
100000


# name: c
# type: matrix
# rows: 1
# columns: 10
 NaN NaN NaN NaN NaN NaN NaN NaN NaN NaN


# name: mean_corr
# type: matrix
# rows: 266
# columns: 1
 -0.1696899400867181
 -0.1640276719545199
 -0.1619067682990832
 -0.1289984722921564
 -0.163487012942319
 -0.1294287950080178
 -0.09664738348007629
 -0.07879699267348536
 -0.06202107329888257
 -0.03217247224204823
 -0.02397621694854864
 -0.02319706618799272
 -0.02283400320714453
 0.4473597952537608
 0.446484563940268
 0.4439132415990976
 0.442659930105926
 0.4436384834496188
 0.4328543169600484
 0.4378591668249562
 0.4246165156337861
 0.4030433938846733
 0.3861069589798978
 0.3783771390836343
 0.3799716345592513
 0.3757411393420084
 0.3742080807288665
 0.3778819147949891
 0.3806158704444337
 0.3847280798833568
 0.3599491265034032
 0.3580835554000125
 0.3572391610736935
 0.358543099292512
 0.3538371498005078
 0.3509570978328909
 0.3530483675138509
 0.3409099889614778
 0.3475729081597722
 0.3508135682082568
 0.3494883003279386
 0.3476927092759973
 0.3440691369103911
 0.3439307386860003
 0.3462385867555927
 0.3461852286197918
 0.3471995997364138
 0.3467884286879406
 0.3421562231281861
 0.4983099369283024
 0.4849609396029473
 0.4874369628344292
 0.4871721652578556
 0.4902641609724719
 0.4897309959647214
 0.4717800278792563
 0.4713141608954048
 0.4684466737296019
 0.4638326489210446
 0.457577815677623
 0.4568859293618129
 0.4571564904052552
 0.4563887037430681
 0.4582259034324322
 0.4565991195149793
 0.4501841340052735
 0.4494178195704115
 0.4517207931550135
 0.452841553449386
 0.445749282416213
 0.4471573001890287
 0.4499315725155126
 0.4493129538927721
 0.4469839546426631
 0.4444010749462212
 0.4422905553473163
 0.4414634825651088
 0.4512754371980764
 0.4532902974770351
 0.4535773945013051
 0.4523724165240798
 0.4518881489975389
 0.4452150197893138
 0.5318142297080907
 0.5134502541252117
 0.5133195416335424
 0.5076307290296894
 0.5078761654260461
 0.5123027289343822
 0.5129634563203537
 0.5127199397747645
 0.513719335470991
 0.51414277679642
 0.5145705205873456
 0.5124302409157252
 0.5122541204154338
 0.5069212248258226
 0.5045967603606077
 0.5062648647186698
 0.5076944411525663
 0.5073041337260586
 0.5023355229361235
 0.4947131913381953
 0.4932387572131272
 0.4934228605743162
 0.4917676810689359
 0.4906718433854643
 0.4914366474208468
 0.4909373135976267
 0.4925358486343289
 0.49334034075286
 0.4874065604026753
 0.5501926874292619
 0.5449263529232189
 0.5433789570816365
 0.544428814138936
 0.5227875915935678
 0.5220319994650097
 0.5224042169338385
 0.522496986030767
 0.5202575823362889
 0.5188703506073626
 0.5201881518135548
 0.5199383566220469
 0.5192564226663446
 0.5170559490795615
 0.5163370775268248
 0.5232399447450089
 0.5213446941315835
 0.5220225160458249
 0.5600482665746843
 0.5570586956972831
 0.5507982753415389
 0.5430889771780009
 0.545044223737373
 0.5359495095057542
 0.5330055035222292
 0.5342020679155086
 0.5317283272984663
 0.5351145481019928
 0.5335079487372126
 0.538899667008375
 0.5430051049577651
 0.5431005990230295
 0.5730703228469618
 0.5719984875428582
 0.5705762979823118
 0.5717448932157306
 0.5726037931822772
 0.5706959274951988
 0.563268338151666
 0.5645031364375461
 0.5663339164294251
 0.5664883928585439
 0.5666408510513784
 0.5666860820308084
 0.5637754113782943
 0.5625140496438354
 0.563046728867396
 0.5629766856917368
 0.5610245061855524
 0.5602621087758888
 0.559760650607636
 0.560410488883717
 0.5590163170776621
 0.5557518430116665
 0.5573448679745114
 0.5586619450819883
 0.5590673719572899
 0.5581046405734567
 0.5577197207836394
 NaN
 NaN
 NaN
 NaN
 NaN
 NaN
 NaN
 NaN
 NaN
 NaN
 NaN
 NaN
 NaN
 NaN
 NaN
 NaN
 NaN
 NaN
 NaN
 NaN
 NaN
 NaN
 NaN
 NaN
 NaN
 NaN
 NaN
 NaN
 NaN
 NaN
 NaN
 NaN
 NaN
 NaN
 NaN
 NaN
 NaN
 NaN
 NaN
 NaN
 NaN
 NaN
 NaN
 NaN
 NaN
 NaN
 NaN
 NaN
 NaN
 NaN
 NaN
 NaN
 NaN
 NaN
 NaN
 NaN
 NaN
 NaN
 NaN
 NaN
 NaN
 NaN
 NaN
 NaN
 NaN
 NaN
 NaN
 NaN
 NaN
 NaN
 NaN
 NaN
 NaN
 NaN
 NaN
 NaN
 NaN
 NaN
 NaN
 NaN
 NaN
 NaN
 NaN
 NaN
 NaN
 NaN
 NaN
 NaN
 NaN
 NaN
 NaN
 NaN
 NaN
 NaN
 NaN


