# Created by Octave 3.8.1, Sat Jan 06 20:12:25 2018 ART <gabrevaya@ws2.labo2>
# name: y_start
# type: matrix
# rows: 10
# columns: 1
 -0.1019818729329747
 0.3459300970926373
 1.622784747304751
 0.1733439051885696
 0.2664369133888184
 -0.429586314510563
 0.7554799315949567
 0.6929363667469361
 -0.8522309986803764
 -0.0005165625493827597


# name: alphas
# type: cell
# rows: 1
# columns: 3
# name: <cell-element>
# type: matrix
# rows: 10
# columns: 1
 0.8594419548003369
 0.5751067049538373
 0.4745982246148349
 0.4090116154066623
 0.5701916465497425
 0.7653887655918747
 0.6878835249552097
 0.7567252523261064
 0.3790557176103616
 0.4710344777418225



# name: <cell-element>
# type: matrix
# rows: 10
# columns: 1
 1.297235363220395
 1.080685804218619
 0.8548415890293788
 1.343701902718123
 0.863058656231187
 1.028488677688703
 0.8683690322022291
 0.8826331624455178
 1.162014022965571
 1.02330521220968



# name: <cell-element>
# type: matrix
# rows: 10
# columns: 1
 11.59556308588573
 11.26925968030593
 11.3800845541329
 11.61160183362036
 11.39149334092774
 11.59336688865005
 11.44897076353746
 11.33415411876078
 11.43018179038782
 11.34833087890089





# name: W
# type: matrix
# rows: 10
# columns: 10
 0 0 0 0 0 0 0 0 0 0
 0 0 0 0 0 0 0 0 0 0
 0 0 0 0 0 0 0 0 0 0
 0 0 0 0 0 0 0 0 0 0
 0 0 0 0 0 0 0 0 0 0
 0 0 0 0 0 0 0 0 0 0
 0 0 0 0 0 0 0 0 0 0
 0 0 0 0 0 0 0 0 0 0
 0 0 0 0 0 0 0 0 0 0
 0 0 0 0 0 0 0 0 0 0


# name: iter
# type: scalar
123


# name: c
# type: matrix
# rows: 1
# columns: 10
 0.1562205740910275 -0.04866435815016425 -0.08476906864751876 -0.05928983950399062 -0.02209630863297854 0.08267702875132275 -0.06423080818978108 -0.09368105148868977 -0.08119787425227665 -0.05387071882796497


# name: mean_corr
# type: matrix
# rows: 13
# columns: 1
 -0.1696899400867181
 -0.1640276719545199
 -0.1619067682990832
 -0.1289984722921564
 -0.163487012942319
 -0.1294287950080178
 -0.09664738348007629
 -0.07879699267348536
 -0.06202107329888257
 -0.03217247224204823
 -0.02397621694854864
 -0.02319706618799272
 -0.02283400320714453


# name: mean_error
# type: matrix
# rows: 13
# columns: 1
 1.525134147121358
 1.51985371313757
 1.520064046455409
 1.492941917291498
 1.51431676671272
 1.493423482056461
 1.480033616697525
 1.478913943575341
 1.467630275172387
 1.457385052065508
 1.453721167581114
 1.451254463370092
 1.438520578176315


# name: iter_improve
# type: matrix
# rows: 13
# columns: 1
 1
 12
 15
 29
 31
 32
 43
 52
 56
 70
 74
 105
 115


# name: optim_start
# type: scalar
123


# name: optim_steps
# type: matrix
# rows: 0
# columns: 0


# name: VPVP_params
# type: scalar struct
# ndims: 2
 1 1
# length: 8
# name: lambda
# type: scalar
300000000


# name: downsample
# type: scalar
10


# name: MaxIter_X
# type: scalar
200


# name: MaxIter
# type: scalar
50


# name: optTol_X
# type: scalar
1e-06


# name: progTol_X
# type: scalar
1e-10


# name: optTol_aW
# type: scalar
0.0001


# name: progTol_aW
# type: scalar
1e-07




