# Created by Octave 3.8.1, Sat Jan 06 20:13:36 2018 ART <gabrevaya@ws2.labo2>
# name: y_start
# type: matrix
# rows: 10
# columns: 1
 -0.1019818544238866
 0.3459300924556646
 1.622784736226884
 0.1733438834821529
 0.2664369254435611
 -0.4295863171181329
 0.7554799239731866
 0.6929363577500535
 -0.8522309960244117
 -0.0005165583920085546


# name: alphas
# type: cell
# rows: 1
# columns: 3
# name: <cell-element>
# type: matrix
# rows: 10
# columns: 1
 0.7843991684965973
 0.6172720734709197
 0.3595114617472829
 0.4099509090276919
 0.6038506256660121
 0.6708413463864729
 0.6354143418412144
 0.6453530955721034
 0.3787781085274157
 0.5233534481734202



# name: <cell-element>
# type: matrix
# rows: 10
# columns: 1
 1.403425009270526
 0.993195073095302
 1.14754091105556
 1.103354285162611
 0.8449201163971879
 0.5155422413230976
 0.7378913334816809
 0.5764850713837483
 1.232489391438558
 0.8537121447929228



# name: <cell-element>
# type: matrix
# rows: 10
# columns: 1
 11.60959883723637
 11.25825053676046
 11.40741654445522
 11.58531115314516
 11.38731280407598
 11.55117810690574
 11.43914517965283
 11.31896143548713
 11.44125030147646
 11.33081273355286





# name: W
# type: matrix
# rows: 10
# columns: 10
 -0.1555625320771852 0.1372478640610369 0.002830160679075561 -0.1147701434555829 -0.2279192304170353 0.05001110115567802 -0.1538982187550919 -0.140007846596408 -0.05611937686642707 0.221006130258793
 0.007121822680694916 0.0597002005512525 -0.03603892128193266 0.00843919747814725 -0.02965708479951409 0.003697362869502623 0.09833980534374259 -0.007371581818656772 0.1912532877161118 -0.06266924932895208
 -0.2178929321665215 -0.09134020023009766 -0.3451106782459672 -0.017439399692832 0.2383363949966548 -0.008382218976775746 0.2090598324273264 0.1228010345500388 0.1816202950678674 -0.2325483161346956
 -0.3165575297677721 -0.08747668161593405 0.2048337425716653 0.04378253572622855 0.2910803690720516 -0.04180017289455317 0.03616520748418992 -0.1813002778772855 0.063878377887187 0.2750808307080304
 0.158126721011192 -0.1467232632251182 0.1072248071304473 0.09326050643698587 0.167364755326217 0.0257078435139725 0.1126350328051216 0.08689659585918938 -0.1328304916188447 -0.1268904951474801
 0.04688103753521899 0.05073647395378039 0.1415239547955253 0.06354476415650222 -0.0806846262029853 -0.2556178313472043 -0.2452643621428753 -0.2951493859512611 -0.01968907508841815 0.4389181840125635
 0.01772359167378316 -0.01941211818553804 0.09487760106071824 0.008497507890504116 0.02179357491650858 0.01818470892425029 -0.1154164105960926 -0.07002503902687102 -0.08524189492928454 0.1087350682493364
 -0.03318667360818368 0.002031838105665963 0.1121382546338058 -0.0001520467604443049 0.008522195456388262 0.1475083099034261 -0.2603505779086152 -0.323800551766334 -0.04229098134670876 0.3040383106264322
 -0.035821500140463 0.09913705089368806 0.02268672929484928 -0.007761305891040234 -0.1099779414851413 0.05586645752153231 -0.04313517349324222 -0.2618822012637627 -0.00950811735846971 0.3805790664993475
 -0.04109444806899867 -0.01344465307322571 -0.2507483987978453 -0.05538634575769474 0.1124311637053015 -0.06784337055523054 0.3815635782915919 0.2349036529203175 0.1688448068057159 -0.4401096071637978


# name: iter
# type: scalar
123


# name: c
# type: matrix
# rows: 1
# columns: 10
 0.4502285156003212 0.4238694910739826 0.4009088240791374 0.4604878318956129 0.7179137800897319 0.4401242707019038 0.4593664117549572 0.4794024875735588 0.4018351554164658 0.2394611843519358


# name: mean_corr
# type: matrix
# rows: 14
# columns: 1
 -0.1696899400867181
 -0.1640276719545199
 -0.1619067682990832
 -0.1289984722921564
 -0.163487012942319
 -0.1294287950080178
 -0.09664738348007629
 -0.07879699267348536
 -0.06202107329888257
 -0.03217247224204823
 -0.02397621694854864
 -0.02319706618799272
 -0.02283400320714453
 0.4473597952537608


# name: mean_error
# type: matrix
# rows: 14
# columns: 1
 1.525134147121358
 1.51985371313757
 1.520064046455409
 1.492941917291498
 1.51431676671272
 1.493423482056461
 1.480033616697525
 1.478913943575341
 1.467630275172387
 1.457385052065508
 1.453721167581114
 1.451254463370092
 1.438520578176315
 1.196352403646246


# name: iter_improve
# type: matrix
# rows: 14
# columns: 1
 1
 12
 15
 29
 31
 32
 43
 52
 56
 70
 74
 105
 115
 123


# name: optim_start
# type: scalar
123


# name: optim_steps
# type: scalar
14


# name: VPVP_params
# type: scalar struct
# ndims: 2
 1 1
# length: 8
# name: lambda
# type: scalar
300000000


# name: downsample
# type: scalar
10


# name: MaxIter_X
# type: scalar
200


# name: MaxIter
# type: scalar
50


# name: optTol_X
# type: scalar
1e-06


# name: progTol_X
# type: scalar
1e-10


# name: optTol_aW
# type: scalar
0.0001


# name: progTol_aW
# type: scalar
1e-07




