# Created by Octave 4.2.1, Tue Nov 28 19:54:24 2017 ART <gabrevaya@ws1.labo4>
# name: y_start
# type: matrix
# rows: 15
# columns: 1
 0.1121669454854912
 1.074450573633381
 0.02406653031191139
 -2.814914696420812
 0.1974594983581896
 0.7040518790306447
 2.381105060339999
 -0.6774807609102206
 0.1992577046126078
 0.0003524876935710325
 0.3543420924972442
 0.4242885478989731
 -0.9759355188548745
 -0.8890987727615697
 -0.7345215516489711


# name: alphas
# type: cell
# rows: 1
# columns: 3
# name: <cell-element>
# type: matrix
# rows: 15
# columns: 1
 0.7886875963793502
 0.6590858225899285
 0.8307882158159506
 0.6065623411799348
 0.5239155387879124
 0.667772018866386
 0.5564998177240378
 0.578
 0.5187906671921191
 0.5530297604477241
 0.6236713011043666
 0.779592423746611
 0.4762535389505734
 0.8032302175538049
 0.7113226926385811



# name: <cell-element>
# type: matrix
# rows: 15
# columns: 1
 1.426165668372257
 0.7398256766510714
 1.019915901840496
 1.362485056267649
 1.219684559566767
 1.458283413996097
 1.081160498528304
 1
 1.05226593909636
 1.258834469387033
 0.9168573169851502
 1.419850961707233
 1.403649492869852
 0.9181808303765089
 1.460982205962589



# name: <cell-element>
# type: matrix
# rows: 15
# columns: 1
 11.03789393878588
 10.97003251024189
 11.07240995605247
 12.02900708831883
 11.64791963423464
 11.19965287441843
 11.54334932123755
 11.38
 11.58085484855989
 11.32539146363191
 11.51101134920902
 11.38364312906146
 11.42347909588138
 11.25750420792864
 11.02475835876809





# name: W
# type: matrix
# rows: 15
# columns: 15
 0 0 0 0 0 0 0 0 0 0 0 0 0 0 0
 0 0 0 0 0 0 0 0 0 0 0 0 0 0 0
 0 0 0 0 0 0 0 0 0 0 0 0 0 0 0
 0 0 0 0 0 0 0 0 0 0 0 0 0 0 0
 0 0 0 0 0 0 0 0 0 0 0 0 0 0 0
 0 0 0 0 0 0 0 0 0 0 0 0 0 0 0
 0 0 0 0 0 0 0 0 0 0 0 0 0 0 0
 0 0 0 0 0 0 0 0 0 0 0 0 0 0 0
 0 0 0 0 0 0 0 0 0 0 0 0 0 0 0
 0 0 0 0 0 0 0 0 0 0 0 0 0 0 0
 0 0 0 0 0 0 0 0 0 0 0 0 0 0 0
 0 0 0 0 0 0 0 0 0 0 0 0 0 0 0
 0 0 0 0 0 0 0 0 0 0 0 0 0 0 0
 0 0 0 0 0 0 0 0 0 0 0 0 0 0 0
 0 0 0 0 0 0 0 0 0 0 0 0 0 0 0


# name: iter
# type: scalar
715


# name: c
# type: matrix
# rows: 1
# columns: 15
 0.3060734465016802 0.265274530095064 0.1803786721199988 0.2041004485017495 0.03100916925665722 0.1636800899888554 -0.03074929878563931 0.5617102669213633 0.1767842821859107 0.02278654640845417 -0.04969378635613622 0.03877341837147213 0.006213895744991967 0.03626539963895758 0.2008638562565087


# name: mean_corr
# type: matrix
# rows: 79
# columns: 1
 -0.04330054015610101
 -0.05655745324051085
 -0.02370523780811234
 -0.004621822801807733
 -0.006480793513778626
 -0.03653716010380611
 -0.03419368556418314
 -0.04426700078997517
 -0.06040179089211873
 -0.05214625820022872
 -0.04792678775313927
 -0.03868276264816362
 -0.0133677914417282
 -0.01504231468138122
 0.006451670009770057
 0.02099019836548112
 0.03411622117670347
 0.03409134701237769
 0.03819727735941734
 0.03803104589882523
 0.04339238833300472
 0.04572339893749799
 0.04737170585756138
 0.04415189330656684
 0.04508697457830092
 0.04518166621551218
 0.04106741276552316
 0.06208360895456197
 0.07503261943528843
 0.05728560116427185
 0.05824467705029285
 0.05671844901820179
 0.05899952689247745
 0.05926531418890944
 0.08572970171988649
 0.1023316356311783
 0.09903002710186964
 0.09429069378159506
 0.09374817834697906
 0.1089809864624149
 0.1030784612424517
 0.1303629023807619
 0.1308021865631142
 0.132589324306676
 0.1309366063565091
 0.1191246689913291
 0.1291618832137135
 0.1275984362025654
 0.1264340074602252
 0.1193131811157112
 0.1213485662688015
 0.1229098886903744
 0.1235524187338789
 0.1215652711462517
 0.1220737305668483
 0.1165201090511327
 0.1165985236401622
 0.1166927521855183
 0.1176190502665207
 0.1205866124237706
 0.1229428181906063
 0.1382877260451682
 0.133280432056637
 0.1327541566445227
 0.1293087969014258
 0.1334853833209119
 0.1294320589455508
 0.1399548393499112
 0.1399870931438244
 0.1282231588634274
 0.1316997719972337
 0.1315695071238345
 0.1272886411961579
 0.1285950335922823
 0.1405796266498339
 0.1388403826879258
 0.1412186350433003
 0.1330730004738916
 0.1373216668288026


# name: mean_error
# type: matrix
# rows: 79
# columns: 1
 1.4534585649785
 1.463101944069972
 1.445842893371343
 1.432959279701564
 1.43069327546443
 1.443925020852715
 1.443176960367472
 1.445439331016476
 1.458100722353413
 1.449040972090139
 1.446310914300121
 1.440249957442829
 1.425912242024148
 1.428090761515006
 1.422218624244945
 1.414507866832822
 1.405799609837216
 1.405356578861461
 1.404523774158986
 1.399238778958245
 1.392244170954669
 1.390498114156593
 1.384711372470769
 1.386388093277195
 1.384380488115263
 1.384034631852009
 1.394480164091651
 1.384078849652498
 1.376055931758235
 1.383556100473558
 1.382538872903
 1.383617317487161
 1.381762834887304
 1.382496548354215
 1.367130048278481
 1.355200423885623
 1.361336534542368
 1.368469462424495
 1.371444403695748
 1.361972338233401
 1.362838750247935
 1.354978426699902
 1.353285331721821
 1.355055130727034
 1.354691127248589
 1.362394053669852
 1.349440384058
 1.350689642580256
 1.35123127887506
 1.357472584184726
 1.346140296375842
 1.347292083660154
 1.34656765539676
 1.345533885770416
 1.344567566071541
 1.350460504109364
 1.350289674402626
 1.350290522118309
 1.345551437182753
 1.343357037505446
 1.346764262454244
 1.336436404474114
 1.346456594085646
 1.346271969223219
 1.345554425388908
 1.342896152978363
 1.336135588722275
 1.334258887699239
 1.333100653237467
 1.346561791818458
 1.341643704800124
 1.342893668899516
 1.341950806659103
 1.341482159920009
 1.327927600399087
 1.325358104894319
 1.322119408995672
 1.326287078388448
 1.325065834989526


# name: iter_improve
# type: matrix
# rows: 79
# columns: 1
 1
 3
 4
 5
 7
 13
 17
 18
 22
 23
 32
 33
 34
 35
 36
 38
 39
 41
 42
 55
 64
 66
 70
 79
 85
 90
 100
 119
 134
 135
 140
 150
 152
 161
 162
 174
 221
 226
 231
 242
 246
 247
 250
 255
 257
 269
 294
 297
 298
 302
 306
 330
 334
 346
 356
 359
 363
 383
 415
 419
 430
 431
 438
 445
 451
 454
 457
 467
 477
 478
 480
 491
 498
 503
 507
 547
 579
 588
 638


# name: optim_start
# type: scalar
715


# name: optim_steps
# type: matrix
# rows: 0
# columns: 0


# name: VPVP_params
# type: scalar struct
# ndims: 2
 1 1
# length: 8
# name: lambda
# type: scalar
300000000


# name: downsample
# type: scalar
10


# name: MaxIter_X
# type: scalar
200


# name: MaxIter
# type: scalar
50


# name: optTol_X
# type: scalar
1e-06


# name: progTol_X
# type: scalar
1e-10


# name: optTol_aW
# type: scalar
0.0001


# name: progTol_aW
# type: scalar
1e-07




