# Created by Octave 3.8.1, Tue Nov 28 19:51:57 2017 ART <gabrevaya@ws6.labo1>
# name: y_start
# type: matrix
# rows: 15
# columns: 1
 0.4019399509009509
 -0.002565474694690005
 -0.4670334398687641
 -0.9586434945874067
 -0.1262970916719172
 0.4326417071248399
 -0.5352414798670883
 1.173890766577391
 0.5297823958855428
 1.535134559997633
 -1.407383277426161
 -0.4947405804338046
 1.788033414821606
 1.485294485599526
 -1.901236160015646


# name: alphas
# type: cell
# rows: 1
# columns: 3
# name: <cell-element>
# type: matrix
# rows: 15
# columns: 1
 0.6080415642128285
 0.6887166785273622
 0.2379719745675395
 0.5428787715596239
 0.4388264403023065
 0.4942411703246541
 0.6556905140612523
 0.5559398520316448
 0.6543795307695863
 0.6738129340596858
 0.4398246750940855
 0.6547666711204678
 0.3874397424802578
 0.5519807620018112
 0.5186604424349516



# name: <cell-element>
# type: matrix
# rows: 15
# columns: 1
 1.143169891326286
 1.111173129312883
 0.8456625863169044
 1.125842465375396
 0.8250698660126085
 1.104837925724172
 0.9709347425730509
 1.234612979281904
 1.101372892581497
 1.12720334932743
 0.8863267905618466
 0.9368279647926372
 0.8508034509212214
 0.8179170935475667
 0.9518135477786906



# name: <cell-element>
# type: matrix
# rows: 15
# columns: 1
 11.54081167885903
 11.3972381688445
 11.23189259136321
 11.44661465461918
 11.37314707037094
 11.13299591223663
 11.35931928770173
 11.47925838876237
 11.38984048467008
 11.37486640787402
 11.42875739163347
 11.33630553029943
 11.10755448833339
 11.19972825403175
 11.31772256136414





# name: W
# type: matrix
# rows: 15
# columns: 15
 0 0 0 0 0 0 0 0 0 0 0 0 0 0 0
 0 0 0 0 0 0 0 0 0 0 0 0 0 0 0
 0 0 0 0 0 0 0 0 0 0 0 0 0 0 0
 0 0 0 0 0 0 0 0 0 0 0 0 0 0 0
 0 0 0 0 0 0 0 0 0 0 0 0 0 0 0
 0 0 0 0 0 0 0 0 0 0 0 0 0 0 0
 0 0 0 0 0 0 0 0 0 0 0 0 0 0 0
 0 0 0 0 0 0 0 0 0 0 0 0 0 0 0
 0 0 0 0 0 0 0 0 0 0 0 0 0 0 0
 0 0 0 0 0 0 0 0 0 0 0 0 0 0 0
 0 0 0 0 0 0 0 0 0 0 0 0 0 0 0
 0 0 0 0 0 0 0 0 0 0 0 0 0 0 0
 0 0 0 0 0 0 0 0 0 0 0 0 0 0 0
 0 0 0 0 0 0 0 0 0 0 0 0 0 0 0
 0 0 0 0 0 0 0 0 0 0 0 0 0 0 0


# name: iter
# type: scalar
236


# name: c
# type: matrix
# rows: 1
# columns: 15
 -0.08272418521366827 -0.05491044038009257 0.2416442844688585 0.2306902396041506 0.03629571266187028 -0.09003688960329835 -0.09602974004317466 0.6027757740229148 0.1490224613640778 -0.1058792801852411 -0.01903711244214228 0.05082576997675749 -0.05753665961556188 -0.121453515060888 0.06018273109217252


# name: mean_corr
# type: matrix
# rows: 8
# columns: 1
 -0.1473043726021362
 -0.07769696687293104
 -0.002081961604214329
 0.03092595461192374
 0.03333192551690813
 0.03916640450310911
 0.04973912268191476
 0.05283196339533057


# name: mean_error
# type: matrix
# rows: 8
# columns: 1
 1.500245869271966
 1.473994042451509
 1.390325944812307
 1.377940212970834
 1.380364203658301
 1.376332621306585
 1.370219533953796
 1.370735351053398


# name: iter_improve
# type: matrix
# rows: 8
# columns: 1
 1
 7
 31
 46
 57
 101
 153
 189


# name: optim_start
# type: scalar
236


# name: optim_steps
# type: matrix
# rows: 0
# columns: 0


# name: VPVP_params
# type: scalar struct
# ndims: 2
 1 1
# length: 8
# name: lambda
# type: scalar
300000000


# name: downsample
# type: scalar
10


# name: MaxIter_X
# type: scalar
200


# name: MaxIter
# type: scalar
50


# name: optTol_X
# type: scalar
1e-06


# name: progTol_X
# type: scalar
1e-10


# name: optTol_aW
# type: scalar
0.0001


# name: progTol_aW
# type: scalar
1e-07




