# Created by Octave 3.8.1, Tue Nov 28 19:57:11 2017 ART <gabrevaya@ws6.labo1>
# name: y_start
# type: matrix
# rows: 15
# columns: 1
 0.4019399644773183
 -0.002565479625781586
 -0.4670334384136779
 -0.9586434982718086
 -0.126297099212313
 0.4326417021428552
 -0.5352414854883953
 1.173890765955866
 0.5297823936042281
 1.535134547343703
 -1.407383282117793
 -0.4947405802149041
 1.788033414121076
 1.485294447725195
 -1.901236150859103


# name: alphas
# type: cell
# rows: 1
# columns: 3
# name: <cell-element>
# type: matrix
# rows: 15
# columns: 1
 0.5650015492868912
 0.6397273239910515
 0.2547357664610446
 0.4559087693651233
 0.4390698855259283
 0.4402424837001331
 0.5862276061377611
 0.5676435298084395
 0.6206421223807664
 0.5803055520831644
 0.406289912605185
 0.5729131866152163
 0.3809611813464586
 0.5461262163403533
 0.5393777454497024



# name: <cell-element>
# type: matrix
# rows: 15
# columns: 1
 1.310748012330547
 0.9174053916630686
 0.903010559525646
 1.13302003099665
 0.895828865333576
 1.208051692307293
 1.024566105394066
 1.205215801457836
 1.093620948849206
 1.140284455613001
 0.9681703014878541
 0.9435928821978408
 0.766785571042633
 0.7648981035709866
 0.905524689140314



# name: <cell-element>
# type: matrix
# rows: 15
# columns: 1
 11.55756773121402
 11.37959964653325
 11.23639193327783
 11.44665472032379
 11.37851345565115
 11.14522635110845
 11.36414982858234
 11.47500243347024
 11.38928083050173
 11.3833532630022
 11.43377985084139
 11.33749458401041
 11.10241163546141
 11.20375212376742
 11.31707970058292





# name: W
# type: matrix
# rows: 15
# columns: 15
 -0.08224957098116886 -0.0008417215292358305 0.05073345003043972 -0.02858681251981333 -0.1285782538596366 0.05183184467253529 -0.00207630168156595 -0.05093780935716204 0.01835359976510985 -0.03210542361508538 -0.1579119569047145 0.05915146475016447 -0.07066722400535391 -0.02189786676273379 0.14584062452778
 0.1747485843433181 -0.07452084105983817 -0.07800304014764596 -0.0607167107700986 0.1841279543822223 -0.1071596654911617 -0.05929754581758197 0.1152784181306281 -0.01203798512246878 0.1234770128715504 0.247822111646293 -0.1461603346860866 0.1725138822302362 0.04864100377136787 -0.2915344018953275
 0.002043424726336248 -0.03549859135948177 0.02291046105186778 -0.1144388542300343 -0.03349997945505492 -0.04756126242618878 -0.01030114239151532 -0.01104190334501109 0.03688463879040788 0.07744306257015082 -0.0162286427904255 -0.0004653187401666048 0.07517925901745721 -0.02860872929803266 0.01127670977172988
 0.01600969035404841 -0.0383127494490853 -0.008760217242737175 -0.2031161508146206 0.04362512333102345 -0.1395742199377001 -0.03971941207738116 0.003463057259542667 0.03838481881483552 0.1293520022337661 0.08757014340006888 -0.07717125593333754 0.1082346795041455 0.01058469959573694 -0.1179823677754767
 -0.003037930370318346 0.1110961323795867 -0.04623348187021436 0.0965993037560038 0.06248863947151591 0.01468583495520882 0.06786996248962607 0.06474876665127091 -0.004302802926306046 -0.02924665147798753 -0.009367432927371926 0.01742174677130634 -0.05349476264304375 0.05656286140045336 -0.01941079718699138
 0.006122055630536659 -0.04798407657114706 -0.01576788569118448 -0.06455743085092637 0.03878391375276716 -0.06884647451368844 -0.07828623068801463 -0.04524339789882414 -0.03246842761761964 -0.004298580812241444 0.09307572371563354 -0.08399224844492702 0.0214564591582585 0.0355665836454671 -0.1002814721021621
 0.04887342196468283 -0.1006478593491834 -0.02658583450808198 -0.1852260003891091 0.05260696185136553 -0.1080552918560678 -0.1565005648590614 -0.01656600438739793 -0.01796191166900621 0.07993849441230488 0.1408527017082415 -0.1545152927527182 0.09083859566997912 0.07087871461867709 -0.2019865728548141
 0.04998659867355787 0.001709499236091182 -0.01157253078475283 0.05174357402086101 0.06045237608950326 -0.009934855254497771 0.05380889093188361 0.06140810647412281 0.0156935869421524 0.03336336486602506 0.07365295765701529 0.004950369663647611 0.1194853405640576 -0.06662973227578013 -0.03234746463603124
 -0.002825334757022443 -0.03250705833494686 0.005187891739790037 -0.02482988641396616 0.00518148644998569 -0.03728881983677886 -0.0305062732613499 -0.03430309010114857 -0.03965375642022418 -0.01608281789707974 0.06170576747921026 -0.03533289321557891 0.03905874882767151 -0.03336081160076218 -0.02892620114450398
 -0.1566179624512462 0.01663563207074198 0.05377590214536976 0.1638993446823919 -0.05703800109168356 0.06402224797383679 0.07795664100918814 -0.1094014509458262 -0.01017077775377432 -0.1746553537776039 -0.0320338344898995 0.09160011589966889 -0.05619609608255825 -0.1299648418703252 0.1995357665533188
 0.05769469873149047 0.1125050559119497 -0.001428652151566249 0.07561284939876947 -0.03108658191048987 0.05305379917578919 0.1143778242456954 0.1177122699818166 0.03753319141187657 0.03206958440168307 -0.1753549364711195 0.1311442305774723 -0.1569728420165133 0.02008214679632811 0.1579099020769122
 -0.04154195274894792 -0.0581390586879629 -0.04120404349738341 -0.08061608888542812 0.07043496717801345 -0.04634388049496994 -0.12311622255013 -0.07227682418369481 -0.04408142182383284 -0.02743638236251073 0.1316145514630124 -0.1659933198615121 0.05964065169835584 0.09243276185143819 -0.2048206078418237
 0.04082918894844489 0.07542764621558223 -0.003452676676236689 0.1382700718675548 0.03811165916974595 0.04705727366978123 0.1107100514922487 0.09165035513628711 0.01649259553629475 -0.02528795750115643 -0.00135501588061771 0.08083641496083237 -0.01869237976864953 -0.05577714293500566 0.08455076707950046
 -0.03268805008513369 0.1658709887236432 -0.01915827148656427 0.1293460357322214 0.02892934270226952 0.03198756614796572 0.1385357292618148 0.04993099882208715 0.001016593948896663 -0.06661558185132055 -0.09217211865397699 0.1036770322775537 -0.2230525829571035 0.01801479854179002 0.1295401760169704
 -0.05510159026381931 -0.09208497778848566 -0.02302566446017155 -0.1524693372410464 0.05000093789118911 -0.08611431783563735 -0.1355444234397909 -0.110475627296859 -0.02998523721611217 0.01010755279564137 0.1300459510380571 -0.1530323544367039 0.1393929805307255 0.05641957054841387 -0.2224685544314785


# name: iter
# type: scalar
236


# name: c
# type: matrix
# rows: 1
# columns: 15
 0.4483658503677345 0.4836398048596502 0.4514158702822669 0.3333645028825606 0.453833193509544 0.341348075881813 0.176492044076485 0.6914088416841051 0.2755270777700656 0.189879200117062 0.09846157609550192 0.06488910406717691 0.3626220117956942 0.3922292294757017 0.1341565728105278


# name: mean_corr
# type: matrix
# rows: 9
# columns: 1
 -0.1473043726021362
 -0.07769696687293104
 -0.002081961604214329
 0.03092595461192374
 0.03333192551690813
 0.03916640450310911
 0.04973912268191476
 0.05283196339533057
 0.3265088637117259


# name: mean_error
# type: matrix
# rows: 9
# columns: 1
 1.500245869271966
 1.473994042451509
 1.390325944812307
 1.377940212970834
 1.380364203658301
 1.376332621306585
 1.370219533953796
 1.370735351053398
 1.309751098893883


# name: iter_improve
# type: matrix
# rows: 9
# columns: 1
 1
 7
 31
 46
 57
 101
 153
 189
 236


# name: optim_start
# type: scalar
236


# name: optim_steps
# type: scalar
9


# name: VPVP_params
# type: scalar struct
# ndims: 2
 1 1
# length: 8
# name: lambda
# type: scalar
300000000


# name: downsample
# type: scalar
10


# name: MaxIter_X
# type: scalar
200


# name: MaxIter
# type: scalar
50


# name: optTol_X
# type: scalar
1e-06


# name: progTol_X
# type: scalar
1e-10


# name: optTol_aW
# type: scalar
0.0001


# name: progTol_aW
# type: scalar
1e-07




