# Created by Octave 4.2.1, Tue Nov 28 20:12:04 2017 ART <gabrevaya@ws17.labo4>
# name: y_start
# type: matrix
# rows: 15
# columns: 1
 0.2308034167172992
 -0.4600966076716038
 0.5461757746783921
 -0.4494899084843283
 1.735467999763327
 -0.172177962756428
 0.09206816463683587
 0.1591470196711775
 -0.2993653790717924
 1.696121347810951
 -1.498473902855894
 1.416328730213529
 -0.2563808367408929
 0.3662873348081218
 1.061574788754035


# name: alphas
# type: cell
# rows: 1
# columns: 3
# name: <cell-element>
# type: matrix
# rows: 15
# columns: 1
 0.5506177665328706
 0.5787895876354398
 0.5489821720294407
 0.3282218056284429
 0.6246224821463304
 0.6062364288542651
 0.6554812493957193
 0.887324689466241
 0.3906257401428681
 0.5331789097134065
 0.7681435086170595
 0.5586965897301263
 0.4851958590677983
 0.6055506588097845
 0.7251881794504664



# name: <cell-element>
# type: matrix
# rows: 15
# columns: 1
 0.8035457043216251
 0.8144585958341157
 1.034565468068932
 1.114565180463154
 0.759173033986813
 1.158257895800155
 0.9968645907943159
 1.064017001566483
 0.9912742679199793
 0.732313515117839
 1.004862041113104
 1.056636795544147
 1.158941511790758
 0.7245882063593216
 0.9887422579594703



# name: <cell-element>
# type: matrix
# rows: 15
# columns: 1
 11.22169619106703
 11.34930751568389
 11.38387947599399
 11.44299681268447
 11.56572084195525
 11.10008596075165
 11.50774696917432
 11.76020235779396
 11.28935458722857
 11.27959083802909
 11.62323536589345
 11.47365486889536
 11.46673917449721
 10.96501048133779
 11.03501666578378





# name: W
# type: matrix
# rows: 15
# columns: 15
 -0.01959162665268244 0.05565303216178125 -0.0001851150009870559 0.1473983951812642 -0.06614485634555232 0.1191127357759927 0.07987602217008043 0.03956869781701512 0.002539951110028319 0.007857738090453485 -0.07830908091353683 0.08732666328641629 -0.13977837716517 -0.03570314444814001 0.1033293328271032
 0.005523094671051846 -0.05455977619539892 -0.05947530761162757 -0.1271201645123145 0.1920211357954356 -0.119873734937342 -0.06735692551280067 0.06688034980120579 -0.009900858373355241 0.06364485065609118 0.1597034755836456 -0.09175162429858386 0.1822967091316907 0.09413057004023795 -0.2238104014472068
 0.06080787306793454 -0.05260372004808849 -0.03271003220168289 -0.05732936205067149 -0.01851612370240229 -0.04216809716472296 -0.03217615767034179 -0.04652573928610186 0.006927464970887759 0.06965579922809087 0.03267541774456789 -0.04143466375223397 0.04524200308588319 -0.0310446989952824 -0.0212917064043255
 0.02270853714163818 -0.04891783511274134 -0.006904857702547832 -0.1352947186018116 0.09833439381254792 -0.1379370677734275 -0.04800635775298656 -0.04772931582769743 0.01217325504618267 0.07521376430039042 0.09790974651900168 -0.07639721842737381 0.1865810814493942 0.01043452999027086 -0.1208734025316663
 -0.04339494042471435 0.1247413147989636 -0.06185484252391359 0.172561025000029 -0.122180064235402 0.07087673967326515 0.0884722687743968 0.09075519319251771 0.04093618299624031 -0.1403869661010432 -0.01235155585304405 0.01925213079069001 -0.02694264565807918 0.001399708520396033 0.02825523525699112
 0.01161411639351846 -0.07928356669174014 0.01382014932405491 -0.1310534997698958 0.03638540066130107 -0.0994280364165582 -0.07927831037718494 -0.07136445454087782 -0.02215021536692942 0.01226155540995662 0.05455818314326904 -0.06005386926143973 0.09308992959981965 0.03741883417281846 -0.06228749830450524
 0.04590943936270676 -0.08517821439236684 -0.02357671895094203 -0.1468811645197222 0.08205148100100136 -0.08737995112744014 -0.1724247012503263 -0.08424713685336731 -0.01706570343131177 0.08494174896743939 0.1295165730757817 -0.1455563197637004 0.1031130409924308 0.0439479949473939 -0.1839617285326646
 0.02711856245257225 0.07889013238603394 -0.035293878514814 0.0737572200517719 0.002849423061597741 0.05429522258331575 -0.008940177963022829 -0.006692984089875089 0.02963151470344674 0.08339771224234227 -0.04611807507254186 0.001508363189997592 -0.03909703306661293 -0.06550215840905348 -0.01507861845720914
 0.02620132229124856 -0.04165108687413588 0.0104726149577177 -0.04991922766402507 0.002363234829202427 -0.03812336104094278 -0.006110181774833932 -0.007868269245321703 -0.007579079520492044 0.05084103522221402 0.006184157637267676 0.005104438893750563 0.04769363433935646 -0.002837195800872121 0.003117586149626701
 -0.04488869874112949 0.04899783582530193 -0.006660714428323502 0.06809057004747823 -0.01894677184251117 0.04722280000133286 0.04349021923533509 0.03557596514064903 0.00600647922272476 -0.06465181306894442 -0.02542906108251484 0.03597421735537228 -0.04346962813430213 -0.001903954908197232 0.03602479294902268
 -0.07102667235372508 0.1280052980505435 0.02034396282228088 0.1038019291630192 -0.02542673675750606 0.02659376905760922 0.1667193039468662 0.1586893601339226 0.04082447983484899 -0.1518193341151188 -0.2297753646827925 0.1874591312966483 0.02123808567953631 -0.05877606970085949 0.2170427820274135
 -0.0007461374955149763 -0.05069446498301786 -0.02427020749011871 -0.07986627327783254 0.07211629320627146 -0.02512959791749397 -0.1380596032141473 -0.13158832588955 -0.03270052851802189 0.0486914385260943 0.1476047148725973 -0.1748511306627232 0.005159270361601807 0.06786766006792889 -0.1923582087631894
 0.02378184717529892 0.02744181093318682 0.03050075584274361 0.06903318685423938 -0.1005183201507412 0.033055049675017 0.08827993953143004 0.02909161339028273 0.03597193945211118 -0.005475672977526667 -0.1106422762998265 0.1004508859412782 -0.02070341473447885 -0.08722943277926226 0.1668324609806722
 -0.1488773859506579 0.1497459263878348 -0.03595223829310674 0.102007460143817 0.06358909978743993 0.02325820666929131 0.07495186364892469 0.006316651109636464 0.0228168116668952 -0.2403448098788964 -0.04086657474417298 0.04559364240881295 0.01665639545943185 0.03531764917784432 0.05241271924412898
 0.03804991766034976 -0.07664057987520484 -0.01305384828524913 -0.09323245058994174 0.08113824096558007 -0.03939028462735311 -0.1243305275965286 -0.1136226170964188 -0.02913708960044234 0.1457789300934716 0.1609234465692606 -0.1638351862804391 0.0218762014942507 0.0481907468106016 -0.228724767158403


# name: iter
# type: scalar
210


# name: c
# type: matrix
# rows: 1
# columns: 15
 0.419437681122008 0.456155035733058 0.4340186932082744 0.3555073596383543 0.3887935760893376 0.3823404813691574 0.1340901111775774 0.6787666168597876 0.2885968144791838 0.4076092142050362 0.1481935182776588 0.1286941319094854 0.3925931872913784 0.5252166486243701 0.223742801319531


# name: mean_corr
# type: matrix
# rows: 50
# columns: 1
 -0.1306536233159844
 -0.1227899152458246
 -0.1069063390103699
 -0.1142346445043072
 -0.1053692960988384
 -0.1256581298550403
 -0.1204493451074258
 -0.1109464223167966
 -0.1213398032976938
 -0.1236534634797124
 -0.1205498193128113
 -0.1183610323870438
 -0.1171993188167839
 -0.1025990547242468
 -0.08286375200966342
 -0.08384818855073137
 -0.08653077236859709
 -0.06179638989415214
 -0.04966558805602244
 -0.03767166082307882
 -0.03911570095582331
 -0.04318713083848971
 -0.04378098826784136
 -0.06007845447646841
 -0.02496880413387941
 -0.03442791828488225
 -0.02520344991738953
 -0.02164486911587164
 -0.01597564696930413
 -0.01392114010671406
 -0.01252285704445705
 0.001793813079481204
 0.002451517971303015
 -0.000727775210050241
 -0.006671174059874811
 0.01113626816812639
 -0.00211955089167343
 -0.01564181064084661
 -0.02676979358061452
 -0.03160272459255428
 -0.03702537511791015
 -0.02385611780642232
 -0.02275286273281408
 -0.001742509011655796
 0.002069490783241466
 -0.003570808471405264
 0.003070224554062887
 0.01137177078808075
 0.01811119048316033
 0.3575837247536133


