# Created by Octave 4.0.0, Sat Jan 06 20:47:24 2018 ART <gabrevaya@ws7.labo5>
# name: y_start
# type: matrix
# rows: 10
# columns: 1
 0.5025341998289
 1.579506847028966
 -2.421711558228222
 0.422252800231716
 0.6170393601329665
 0.2770929058895855
 -0.2886630070885987
 0.2849410177260063
 1.723511458980354
 -1.379074888796683


# name: alphas
# type: cell
# rows: 1
# columns: 3
# name: <cell-element>
# type: matrix
# rows: 10
# columns: 1
 0.7350786494464288
 0.5023428043155498
 0.5264939231758785
 0.6189819749522459
 0.5216380597789049
 0.5827774097899776
 0.5952855657260346
 0.6550277419019143
 0.7007893751418084
 0.8550655382127275



# name: <cell-element>
# type: matrix
# rows: 10
# columns: 1
 1.233509575412256
 1.064620833023604
 0.9388847336062662
 1.207260569898319
 0.8136743738969436
 1.117187071544784
 0.8882754323744733
 1.024357190359896
 1.383639679705586
 1.248854231751563



# name: <cell-element>
# type: matrix
# rows: 10
# columns: 1
 11.15398199411585
 11.4875265509257
 11.26874845927178
 11.34618234471535
 11.40894220630445
 11.2805166836573
 11.57372476778088
 11.27813587309817
 11.45115613212223
 11.67291941811558





# name: W
# type: matrix
# rows: 10
# columns: 10
 0 0 0 0 0 0 0 0 0 0
 0 0 0 0 0 0 0 0 0 0
 0 0 0 0 0 0 0 0 0 0
 0 0 0 0 0 0 0 0 0 0
 0 0 0 0 0 0 0 0 0 0
 0 0 0 0 0 0 0 0 0 0
 0 0 0 0 0 0 0 0 0 0
 0 0 0 0 0 0 0 0 0 0
 0 0 0 0 0 0 0 0 0 0
 0 0 0 0 0 0 0 0 0 0


# name: iter
# type: scalar
125


# name: c
# type: matrix
# rows: 1
# columns: 10
 -0.1209198344248783 0.09448443166523102 -0.1740416938480713 -0.1428567186118842 0.4386040918235612 0.1123600024979769 -0.01084174016764312 -0.1563381407316795 -0.1489207735074951 0.02575430962756854


# name: mean_corr
# type: matrix
# rows: 8
# columns: 1
 -0.1434037486156206
 -0.1025878699928437
 -0.07413309847433516
 -0.01222603268722785
 -0.05408768608900181
 -0.01995404217751234
 -0.008722993115981036
 0.009408574499682546


# name: mean_error
# type: matrix
# rows: 8
# columns: 1
 1.480645407874908
 1.474755351297596
 1.456350898316851
 1.402823305186937
 1.437078429674732
 1.41768311789905
 1.41369337127203
 1.402517354953188


# name: iter_improve
# type: matrix
# rows: 8
# columns: 1
 1
 5
 12
 25
 31
 45
 57
 114


# name: optim_start
# type: scalar
125


# name: optim_steps
# type: matrix
# rows: 0
# columns: 0


# name: VPVP_params
# type: scalar struct
# ndims: 2
 1 1
# length: 8
# name: lambda
# type: scalar
300000000


# name: downsample
# type: scalar
10


# name: MaxIter_X
# type: scalar
200


# name: MaxIter
# type: scalar
50


# name: optTol_X
# type: scalar
1e-06


# name: progTol_X
# type: scalar
1e-10


# name: optTol_aW
# type: scalar
0.0001


# name: progTol_aW
# type: scalar
1e-07




