# Created by Octave 4.2.1, Tue Nov 28 20:08:06 2017 ART <gabrevaya@ws17.labo4>
# name: y_start
# type: matrix
# rows: 15
# columns: 1
 0.2308034023200649
 -0.4600966000898574
 0.5461757823424505
 -0.4494899035685953
 1.735468028823163
 -0.1721779615925009
 0.09206816510785328
 0.1591470040565942
 -0.2993653822650674
 1.696121342723167
 -1.498473906336284
 1.416328730676295
 -0.2563808359752359
 0.3662873923746669
 1.061574781255149


# name: alphas
# type: cell
# rows: 1
# columns: 3
# name: <cell-element>
# type: matrix
# rows: 15
# columns: 1
 0.5582602137932781
 0.6282539968498476
 0.578
 0.3896847792457291
 0.7407191932893797
 0.6767004799072364
 0.7265117264954601
 0.8992706656640992
 0.3971848832874728
 0.5578233653804876
 0.8513915208130438
 0.6376496225902543
 0.5025489426984842
 0.5938635477096872
 0.7538460523971748



# name: <cell-element>
# type: matrix
# rows: 15
# columns: 1
 0.8777575199443786
 1.08280827265406
 1
 1.098334680311023
 0.9207069575084913
 1.118499566709617
 0.9255720553088153
 1.040849646084603
 1.033295778521537
 0.8032469491720131
 1.121143470868581
 1.01571187306794
 1.175854840484802
 1.096297698610332
 1.062006446389263



# name: <cell-element>
# type: matrix
# rows: 15
# columns: 1
 11.22937478838164
 11.37123386250413
 11.38
 11.44135827143962
 11.57129879857601
 11.09561843157447
 11.50186303896283
 11.75838771464696
 11.29292338181949
 11.28236982901676
 11.63574125312288
 11.46914867865126
 11.46809979254552
 10.99547739761103
 11.04514485563486





# name: W
# type: matrix
# rows: 15
# columns: 15
 0 0 0 0 0 0 0 0 0 0 0 0 0 0 0
 0 0 0 0 0 0 0 0 0 0 0 0 0 0 0
 0 0 0 0 0 0 0 0 0 0 0 0 0 0 0
 0 0 0 0 0 0 0 0 0 0 0 0 0 0 0
 0 0 0 0 0 0 0 0 0 0 0 0 0 0 0
 0 0 0 0 0 0 0 0 0 0 0 0 0 0 0
 0 0 0 0 0 0 0 0 0 0 0 0 0 0 0
 0 0 0 0 0 0 0 0 0 0 0 0 0 0 0
 0 0 0 0 0 0 0 0 0 0 0 0 0 0 0
 0 0 0 0 0 0 0 0 0 0 0 0 0 0 0
 0 0 0 0 0 0 0 0 0 0 0 0 0 0 0
 0 0 0 0 0 0 0 0 0 0 0 0 0 0 0
 0 0 0 0 0 0 0 0 0 0 0 0 0 0 0
 0 0 0 0 0 0 0 0 0 0 0 0 0 0 0
 0 0 0 0 0 0 0 0 0 0 0 0 0 0 0


# name: iter
# type: scalar
210


# name: c
# type: matrix
# rows: 1
# columns: 15
 -0.213017890302386 -0.05041412829989154 0.288463940656932 0.2028842305736345 -0.05047545171312095 0.05068742445714394 -0.2182002077276639 0.01290494281558275 0.1640557999808585 0.1775617062032808 -0.2254070636229022 0.1102972834582371 0.08529253711510974 -0.0463245127654559 -0.01664075358195403


# name: mean_corr
# type: matrix
# rows: 49
# columns: 1
 -0.1306536233159844
 -0.1227899152458246
 -0.1069063390103699
 -0.1142346445043072
 -0.1053692960988384
 -0.1256581298550403
 -0.1204493451074258
 -0.1109464223167966
 -0.1213398032976938
 -0.1236534634797124
 -0.1205498193128113
 -0.1183610323870438
 -0.1171993188167839
 -0.1025990547242468
 -0.08286375200966342
 -0.08384818855073137
 -0.08653077236859709
 -0.06179638989415214
 -0.04966558805602244
 -0.03767166082307882
 -0.03911570095582331
 -0.04318713083848971
 -0.04378098826784136
 -0.06007845447646841
 -0.02496880413387941
 -0.03442791828488225
 -0.02520344991738953
 -0.02164486911587164
 -0.01597564696930413
 -0.01392114010671406
 -0.01252285704445705
 0.001793813079481204
 0.002451517971303015
 -0.000727775210050241
 -0.006671174059874811
 0.01113626816812639
 -0.00211955089167343
 -0.01564181064084661
 -0.02676979358061452
 -0.03160272459255428
 -0.03702537511791015
 -0.02385611780642232
 -0.02275286273281408
 -0.001742509011655796
 0.002069490783241466
 -0.003570808471405264
 0.003070224554062887
 0.01137177078808075
 0.01811119048316033


# name: mean_error
# type: matrix
# rows: 49
# columns: 1
 1.491897874252796
 1.484853753330981
 1.480108102317985
 1.487371114384141
 1.481934667909252
 1.488554558153331
 1.473564714452235
 1.474316579351889
 1.478882070218688
 1.481949157517569
 1.473833601563496
 1.470895739836602
 1.466072474246787
 1.459222080205964
 1.448122338852304
 1.448280853704468
 1.451103769994123
 1.444267560836411
 1.437989096671959
 1.430472033378147
 1.432433196064873
 1.436125582035162
 1.43665188986419
 1.445150644795405
 1.418607353679271
 1.418254968767144
 1.418020994850867
 1.415367551355318
 1.413404905269297
 1.411732941793131
 1.410232071305612
 1.404958482732998
 1.404756120396309
 1.409428494760058
 1.410854552355466
 1.407222784978609
 1.42966937325794
 1.439154839037934
 1.443446915916386
 1.449469906516615
 1.450278695771652
 1.449381067437756
 1.448141017930694
 1.445773370379666
 1.4447393355333
 1.445075903990271
 1.440617069167322
 1.437599736349691
 1.435124055525618


# name: iter_improve
# type: matrix
# rows: 49
# columns: 1
 1
 2
 3
 5
 6
 7
 10
 12
 16
 22
 23
 24
 29
 42
 48
 53
 59
 67
 78
 79
 81
 83
 89
 91
 92
 96
 97
 100
 113
 114
 118
 123
 126
 130
 132
 134
 135
 137
 147
 148
 149
 175
 179
 181
 182
 189
 191
 205
 210


# name: optim_start
# type: scalar
210


# name: optim_steps
# type: matrix
# rows: 0
# columns: 0


# name: VPVP_params
# type: scalar struct
# ndims: 2
 1 1
# length: 8
# name: lambda
# type: scalar
300000000


# name: downsample
# type: scalar
10


# name: MaxIter_X
# type: scalar
200


# name: MaxIter
# type: scalar
50


# name: optTol_X
# type: scalar
1e-06


# name: progTol_X
# type: scalar
1e-10


# name: optTol_aW
# type: scalar
0.0001


# name: progTol_aW
# type: scalar
1e-07




