# Created by Octave 4.0.0, Mon Jan 08 05:37:34 2018 ART <gabrevaya@ws7.labo5>
# name: y_start
# type: matrix
# rows: 10
# columns: 1
 -1.03654088397606e-06
 1.881729041977204e-05
 1.354696530370357e-06
 2.476561869968484e-06
 -2.081843102541708e-06
 1.437362365032117e-06
 -2.060419194844e-06
 4.78526934456197e-07
 -2.25781827344741e-07
 -2.957186121627077e-06


# name: alphas
# type: cell
# rows: 1
# columns: 3
# name: <cell-element>
# type: matrix
# rows: 10
# columns: 1
 -0.1061336408363418
 1.936349258257197
 0.3241678840849563
 1.068804763397953
 0.006534263996061139
 0.365550035208187
 -0.04071226981350641
 -0.9078762468624102
 0.434156919679662
 0.2976934150387232



# name: <cell-element>
# type: matrix
# rows: 10
# columns: 1
 0.2668056308003142
 0.5139488384002141
 1.161582615490301
 0.2986507240545123
 0.7951330623646552
 0.9209500970414795
 1.011567955033413
 0.6712538854503278
 0.2717468230326955
 0.3778705715025052



# name: <cell-element>
# type: matrix
# rows: 10
# columns: 1
 11.53993342598029
 11.67418659826607
 11.56557340052992
 11.70848678086316
 11.43075011896653
 11.07256597662913
 12.36280431093838
 11.24531388653353
 11.44787336864352
 10.1564055525474





# name: W
# type: matrix
# rows: 10
# columns: 10
 0.08703195772861977 0.4689980646471706 0.5146631418390194 -0.3552876785506431 0.4324391902236287 0.1497677415758229 -0.3800512490622199 -0.1905695458186482 -0.06326566057693365 0.5150352347447209
 -0.2462405609857841 -0.2548394696424047 0.06814362702808133 0.6370709799195172 0.0419781790894528 0.2851904929608834 0.3765397976413082 -0.06983509733705838 0.04537773068058287 -0.3771266486032946
 0.03021618253543336 0.1464960465579622 -0.5292564503690008 0.1291024401223375 0.7030115872038362 0.121409559219015 0.259333585397822 -0.1505842424528658 0.05984188961381452 0.05729926350835368
 0.2078484621028809 -0.5074841898824227 0.1433553386543893 -0.07144309724203955 -0.2542942736867574 -0.02977596055552054 -0.6116444540396988 0.4186617592255346 0.2232575668618396 -0.1065855198945236
 0.2505164645280978 -0.1126233277925466 -0.3094857543426587 0.05541387123149485 0.5782355477435493 0.1005169957116231 -0.2198960230742815 0.2508490107537102 0.01252417693148473 0.4631366037164249
 0.09539707237287104 -0.3254810562435252 0.09336817843167894 -0.1958227343810985 -0.02534241462711444 0.0306154654952703 0.002157848752484089 0.06384229898120013 -0.2290813286745401 0.1213782988433049
 0.1855996330543791 -0.03417702705580077 0.3490439965626626 0.02437230283454109 -0.5643986222139605 0.3668170596198406 -0.1300688086069894 -0.6708490751001751 0.09811031471398132 -0.01095845281006388
 -0.4529287827801339 0.2575095202832661 0.3267433601719337 0.2905284036946709 -0.01175812376433864 -0.2133338363206887 -0.2237676810032224 -0.6279950269702201 -0.01195983847503192 0.05639338494674683
 -0.1948245907717245 0.1090638270360848 0.2384502895165476 -0.2164116888181045 0.5136942653812326 0.075337059979252 -0.1359577159408735 0.1020656831670318 -0.2299977884353281 0.1276906207780846
 -0.1746573066290197 0.2831413543934053 -0.2277296839375287 -0.3259742133580057 0.2006252098567689 0.03765839004390809 0.4384598632142364 0.1112680952720664 -0.05666363608127671 -0.6034603983614558


# name: iter
# type: scalar
200000


# name: c
# type: matrix
# rows: 1
# columns: 10
 NaN NaN NaN NaN NaN NaN NaN NaN NaN NaN


# name: mean_corr
# type: matrix
# rows: 470
# columns: 1
 -0.1058893677906372
 -0.08981730494395983
 -0.07739117256111605
 -0.0771928724194243
 -0.08926255128278057
 0.3564137614596892
 0.355464684668836
 0.3548941013597463
 0.3369302353177651
 0.3160608038419074
 0.3021821476587343
 0.3000413950495922
 0.3019060369405688
 0.296438613530942
 0.3006735948889415
 0.2957698488048224
 0.2981376144147135
 0.2743700069761623
 0.2809184029014489
 0.2767562685027361
 0.2852745849578423
 0.2709137350120073
 0.2737822812099327
 0.2569498444649553
 0.2468343817405262
 0.2402092469886815
 0.2383764812412912
 0.2468588108233181
 0.2458310527775611
 0.2449596398709317
 0.2174842842487586
 0.2150520472993777
 0.2147236601734646
 0.2098620883253127
 0.2035161905486308
 0.2178493578627516
 0.2222650580903546
 0.2264125503245769
 0.2344049963324977
 0.225858142513677
 0.226330718928572
 0.2265422067916331
 0.2275403682996559
 0.2245141986712814
 0.2272607033930132
 0.2178733725433162
 0.2168351574038313
 0.2266950219505795
 0.2120873026045172
 0.2075873148670417
 0.2080878614050047
 0.2090150848872541
 0.2098274313404826
 0.4695890042565342
 0.4697920403606763
 0.4582866010398052
 0.4571349097546478
 0.4566312533768327
 0.4543658284725663
 0.4498912304821638
 0.444838660471491
 0.4479045173760919
 0.4471754342222608
 0.4477794188995501
 0.4369003211714607
 0.4346847696365742
 0.4358420934524055
 0.4367089730803161
 0.4170356873311307
 0.4173555812659967
 0.4065348992455009
 0.4042746986090033
 0.4071923471623249
 0.4105452192493609
 0.4111341779973777
 0.416620725052136
 0.4222006632233826
 0.4244432532555676
 0.425261542954958
 0.4242721895421567
 0.4213367550532964
 0.420183109232293
 0.4236888537037869
 0.4253498504548511
 0.4239856737702471
 0.4252756378683656
 0.4243185435149096
 0.4237207952343421
 0.4310956413696198
 0.4316635365601363
 0.4307082930795775
 0.4310226565137398
 0.4298253605511859
 0.4343016691676692
 0.4272653431011919
 0.4264212670629383
 0.4323592985538326
 0.4302501400228081
 0.4350931253587236
 0.4501349955732278
 0.4517075939714872
 0.4510516930757233
 0.4278611749389792
 0.4294896501207636
 0.4327356678237408
 0.434295825890223
 0.4251656950634626
 0.4115011325305883
 0.4132999365847376
 0.4122405470593772
 0.5273056722150737
 0.5208556388012893
 0.4972656922079829
 0.4906282112784507
 0.485983616919811
 0.486251087144575
 0.4697462801606984
 0.4528457135960841
 0.4740502647039028
 0.4527584886643088
 0.456111428982808
 0.4531601087288912
 0.4542684190178441
 0.4554124348274627
 0.4531872290431034
 0.4524526987898296
 0.4540811186910177
 0.4700301495339564
 0.4693558562403668
 0.4576678927621307
 0.46131582607888
 0.4605048259722229
 0.4565114651966266
 0.4527274079059532
 0.4492153008697245
 0.4481701821597923
 0.4509986529353768
 0.4495645073766023
 0.447391207107679
 0.4409479090903842
 0.44551214222927
 0.44762966879786
 0.4498308618141249
 0.4508586518623935
 0.4516996881804904
 0.4518488654044607
 0.4532694151620109
 0.4540328541306941
 0.4582824551763692
 0.4620255188611441
 0.4608618529648293
 0.4627318126226527
 0.4632501944863011
 0.4639709195263697
 0.4576660540532059
 0.4630305373323396
 0.4636295355862748
 0.4637475753676792
 0.4641620803311965
 0.4641647921750657
 0.4650365633794106
 0.4643322777999253
 0.4642672593585959
 0.4630685166758696
 0.4631557973100776
 0.4648561108562057
 0.4718671890892684
 0.4702290814189049
 0.4671046444692363
 0.4673254408934791
 0.4661104934725375
 0.4670073650956118
 0.4657004022814273
 0.4683184069391331
 0.4733779544111243
 0.4709493414800369
 0.4731826681322537
 0.4787789346503389
 0.4804829715205626
 0.4813953220731008
 0.4890920890082898
 0.4902382226385749
 0.4938520524726143
 0.4934357708688016
 0.4937382236141757
 0.493261413913091
 0.4932849400593468
 0.4926271736389891
 0.4947659251330908
 0.4947671219494706
 0.4953091959079023
 0.494751626977826
 0.4950208575873463
 0.5050622300031968
 0.5053379629706004
 0.5034356073970441
 0.5034307481528659
 0.5051650639766667
 0.5045784342664509
 0.5050696255475781
 0.5047873009977484
 0.5052446705049822
 0.5014848821302651
 0.5013652330999455
 0.5051710144472169
 0.505759124808197
 0.5057084506604524
 0.5056202567120075
 0.5055714844171838
 0.5051618717076004
 0.5059331181798405
 0.5070976609069076
 0.5081634991798677
 0.5077184730600013
 0.5064756834060951
 0.5101362018746919
 0.510135420344095
 0.5115868987191623
 0.5114138319518713
 0.511413230933047
 0.510593846276079
 0.5116231540284558
 0.5114981961540204
 0.5114954339896893
 0.510766916337004
 0.5107651371590369
 0.5102665055547951
 0.5111182449096112
 0.5111185245916821
 0.5124654971686466
