# Created by Octave 4.0.0, Sun Jan 07 12:38:55 2018 ART <gabrevaya@ws7.labo5>
# name: y_start
# type: matrix
# rows: 10
# columns: 1
 -1.722086577044801
 -1.016677823353557
 -1.718843496481999
 0.6132541958080564
 -0.7157724451370873
 -0.7988003846426596
 0.7203321714976747
 -0.8641124743133966
 -0.458001968491872
 0.5599058596066677


# name: alphas
# type: cell
# rows: 1
# columns: 3
# name: <cell-element>
# type: matrix
# rows: 10
# columns: 1
 0.5633347060674265
 0.4634750589273178
 0.5904367304916764
 0.4846693590424203
 0.4712178070271096
 0.4949854979882518
 0.3705669867010411
 0.3622888652324572
 0.6141923055652698
 0.6351149083193637



# name: <cell-element>
# type: matrix
# rows: 10
# columns: 1
 0.4281263962508348
 0.5319946826284507
 1.408989785854235
 0.256669139183559
 0.9437075141500302
 0.9516517264781781
 1.270098774992511
 0.9224959732832932
 0.2872813348594678
 0.5947578480157319



# name: <cell-element>
# type: matrix
# rows: 10
# columns: 1
 11.29675255765072
 11.22899452391937
 11.33048448246259
 11.10779803760733
 11.23094378726852
 11.46545213674699
 11.57338882781386
 11.25853590435556
 11.28957424806895
 11.13519125680183





# name: W
# type: matrix
# rows: 10
# columns: 10
 -0.1614993487009443 0.09653071720238532 0.2226359097442447 -0.2904051176705111 0.08210242697038571 0.08977743868239718 -0.1526703227877442 -0.1857204707671464 -0.2067471950084706 0.3481023095249588
 -0.1759526108810945 -0.1043046622887597 0.02995645676317832 0.1356513979063616 -0.05069217998131689 0.004288564170592817 0.16420211285067 -0.1088165727699331 -0.1370484125382321 -0.009504471614354944
 0.09781732474902984 0.007962753320808938 -0.3203800745656311 0.0178396052153084 0.195749400104747 0.05331241355675156 0.01950535188637233 0.03700731254210798 0.07895169704548206 -0.02763024874893549
 0.2964454760000586 0.07176025791391043 0.1068223710974477 -0.1032349837677986 0.1126495445457175 0.05814966438265296 -0.278813831260053 0.2774293618173453 0.2640227415573583 -0.1213512652636614
 0.1349475579115124 0.04612557164613583 -0.1899647815251192 9.025946383286081e-05 0.1747993867921884 0.05453229413342109 -0.1082949449748657 0.1696919004706336 0.1085413098677476 0.07088114692154467
 -0.08368877498801303 -0.03906672261154742 -0.04781953294721872 -0.02511032578431464 -0.0700552161945265 -0.09900156940238561 0.1030927427145007 0.1019226797448536 -0.08360287909472941 0.01248450012488054
 0.02829097724660353 0.01766343864018425 0.2531278668177178 -0.03828043739700764 -0.04371115484088357 0.06612641826855259 -0.2221335618501217 -0.2009380786432982 -0.004616237767338302 0.09080375525605951
 -0.1144017548120561 0.01672363298979577 0.02038557428277412 0.03644211199986252 -0.03255321764509755 0.02743290973363256 0.005790260988344165 -0.3995591672102008 -0.05449046635970418 0.1390025498982112
 -0.1274733997660011 0.06092214024666221 0.1360486777388928 -0.2044618264384637 0.129164389520931 0.05309869372083146 -0.0494038686899297 -0.04755146954693847 -0.2082202017191675 0.1161048481539609
 -0.1564411591434542 -0.1299359059605328 -0.07940161173232463 -0.08279329535391108 -0.05782557927937766 -0.02916250349407155 0.1802392974120659 -0.06672969202911386 -0.1558199371038293 -0.2659435146725346


# name: iter
# type: scalar
67


# name: c
# type: matrix
# rows: 1
# columns: 10
 0.5916144597145245 0.4203394341725387 0.27825927194855 0.6132332946188801 0.6385615115809151 0.2562637413880168 0.07183846222883646 -0.04566675852186106 0.4422251996075615 0.2974689978589298


# name: mean_corr
# type: matrix
# rows: 6
# columns: 1
 -0.1058893677906372
 -0.08981730494395983
 -0.07739117256111605
 -0.0771928724194243
 -0.08926255128278057
 0.3564137614596892


# name: mean_error
# type: matrix
# rows: 6
# columns: 1
 1.483589932712585
 1.474081031383953
 1.467963075736206
 1.467337533765715
 1.447999780093051
 1.280817911763068


# name: iter_improve
# type: matrix
# rows: 6
# columns: 1
 1
 15
 25
 36
 62
 67


# name: optim_start
# type: scalar
67


# name: optim_steps
# type: scalar
6


# name: VPVP_params
# type: scalar struct
# ndims: 2
 1 1
# length: 8
# name: lambda
# type: scalar
300000000


# name: downsample
# type: scalar
10


# name: MaxIter_X
# type: scalar
200


# name: MaxIter
# type: scalar
50


# name: optTol_X
# type: scalar
1e-06


# name: progTol_X
# type: scalar
1e-10


# name: optTol_aW
# type: scalar
0.0001


# name: progTol_aW
# type: scalar
1e-07




