# Created by Octave 4.2.1, Tue Nov 28 20:08:22 2017 ART <gabrevaya@ws17.labo4>
# name: y_start
# type: matrix
# rows: 15
# columns: 1
 -0.03749667246060444
 -1.111747685970642
 1.347202574887479
 -1.783641839163815
 0.5164147245833869
 -1.045443423365869
 0.1758764239555766
 -0.1330665250717958
 0.8733339461239733
 1.054775814518712
 0.6347840407015699
 -0.5037504577683587
 0.2671874904392998
 -0.2101602039933422
 -3.149136566206559


# name: alphas
# type: cell
# rows: 1
# columns: 3
# name: <cell-element>
# type: matrix
# rows: 15
# columns: 1
 0.4991093935432239
 0.5979975485710082
 0.395735962881253
 0.7219191603464069
 0.3409380444616616
 0.803274882442791
 0.8837681450499003
 0.4578428677923136
 0.911350636077721
 0.4954561466948455
 0.3049317172003186
 0.8600528644679237
 0.1594078643933638
 0.6656590616391522
 0.8142321637587364



# name: <cell-element>
# type: matrix
# rows: 15
# columns: 1
 0.8251153196251042
 1.106518881674566
 1.058036517881473
 1.084246012843136
 0.9690829585348406
 1.109363400773099
 1.019204907392589
 0.9534781402849918
 0.601816400996825
 0.8493812292662196
 0.8455421577589222
 1.429110654200666
 1.19134509367972
 0.9157026880296577
 0.9655963224754821



# name: <cell-element>
# type: matrix
# rows: 15
# columns: 1
 11.14610538229127
 11.13584701246875
 11.45827477688803
 11.62573468379746
 11.30750786835131
 11.11362730344936
 11.51397544410045
 11.63667333809964
 11.43881107367083
 11.26779193456484
 11.87685377629002
 11.44632202620893
 11.60172642919763
 11.4442041965878
 11.3475073420727





# name: W
# type: matrix
# rows: 15
# columns: 15
 0 0 0 0 0 0 0 0 0 0 0 0 0 0 0
 0 0 0 0 0 0 0 0 0 0 0 0 0 0 0
 0 0 0 0 0 0 0 0 0 0 0 0 0 0 0
 0 0 0 0 0 0 0 0 0 0 0 0 0 0 0
 0 0 0 0 0 0 0 0 0 0 0 0 0 0 0
 0 0 0 0 0 0 0 0 0 0 0 0 0 0 0
 0 0 0 0 0 0 0 0 0 0 0 0 0 0 0
 0 0 0 0 0 0 0 0 0 0 0 0 0 0 0
 0 0 0 0 0 0 0 0 0 0 0 0 0 0 0
 0 0 0 0 0 0 0 0 0 0 0 0 0 0 0
 0 0 0 0 0 0 0 0 0 0 0 0 0 0 0
 0 0 0 0 0 0 0 0 0 0 0 0 0 0 0
 0 0 0 0 0 0 0 0 0 0 0 0 0 0 0
 0 0 0 0 0 0 0 0 0 0 0 0 0 0 0
 0 0 0 0 0 0 0 0 0 0 0 0 0 0 0


# name: iter
# type: scalar
343


# name: c
# type: matrix
# rows: 1
# columns: 15
 0.1012199673060095 -0.02327701300443844 0.1224259368963088 0.2446255773838955 0.03763270693506018 0.1688094090166773 -0.01367017886566928 0.488922080020404 0.4009218814100327 0.03320054410813035 -0.08064458078251172 0.07192283082669247 0.1923159819765563 0.1465578368985775 0.01505010415868131


# name: mean_corr
# type: matrix
# rows: 53
# columns: 1
 -0.06163950485231577
 -0.06668769883163958
 -0.06848187972868212
 -0.06813679741970143
 -0.05852621128726197
 -0.0381822807939502
 -0.05903457966163991
 -0.02385738965962644
 -0.01322057907673501
 0.007441714773354082
 0.005506070695431364
 0.01231050013956536
 0.01117146105065603
 0.01778365888481962
 0.005726149178367238
 0.01057608350754137
 0.005189202410558162
 0.006548232235652488
 0.01066414008186689
 0.02128643486190896
 0.02337965148733947
 0.04335853191685841
 -0.01156211246059475
 0.0218376543069718
 0.04127295046707747
 0.04947421272223892
 0.07131344161728931
 0.07231035700875139
 0.06739398723901187
 0.07263658005203713
 0.06916610685783345
 0.0578317759081862
 0.06071283457688308
 0.0594873895924045
 0.06133135429488711
 0.06493648802298319
 0.06358002788103338
 0.08839408163161398
 0.0858759517321846
 0.08747588010752329
 0.09249431325922407
 0.08973273216971694
 0.08989607848157059
 0.09421260902142727
 0.09828804726973696
 0.09817150292649397
 0.09655264737909172
 0.09750714532713516
 0.09859592555925008
 0.130456197186352
 0.1335075379646017
 0.1400877661678681
 0.1286905127740247


# name: mean_error
# type: matrix
# rows: 53
# columns: 1
 1.480364717465372
 1.479550097963144
 1.49393649243683
 1.495615649332045
 1.489497485160648
 1.486250584522453
 1.497831655555485
 1.479682162898003
 1.468434770125635
 1.456789437448365
 1.458371305023774
 1.455921632663612
 1.456488676837021
 1.456092819968688
 1.463872336766665
 1.460676352258691
 1.463197172875027
 1.460827447807631
 1.461061717473957
 1.456576707232175
 1.453530186026675
 1.437826202326437
 1.429083132328949
 1.416411630851138
 1.414717592454284
 1.40363193555253
 1.389171019854726
 1.388178897026663
 1.396499833826784
 1.394455189049215
 1.393829576369911
 1.4038543920904
 1.40209425454144
 1.409639784653297
 1.40917210427519
 1.402663035896339
 1.406635838663714
 1.392223494190217
 1.39587642486876
 1.393809808802887
 1.378833445334834
 1.381838576504021
 1.382004761446546
 1.380805635876406
 1.378887092853281
 1.371088316338688
 1.372904301539639
 1.372782062448251
 1.371555129657948
 1.35969390560997
 1.363850136389137
 1.36384046394378
 1.371906628678196


# name: iter_improve
# type: matrix
# rows: 53
# columns: 1
 1
 2
 4
 22
 26
 42
 44
 58
 60
 72
 80
 84
 89
 90
 94
 114
 121
 127
 138
 141
 142
 146
 155
 160
 170
 173
 174
 190
 198
 208
 209
 211
 215
 222
 239
 240
 242
 249
 251
 261
 273
 277
 280
 281
 282
 285
 286
 287
 293
 294
 303
 309
 311


# name: optim_start
# type: scalar
343


# name: optim_steps
# type: matrix
# rows: 0
# columns: 0


# name: VPVP_params
# type: scalar struct
# ndims: 2
 1 1
# length: 8
# name: lambda
# type: scalar
300000000


# name: downsample
# type: scalar
10


# name: MaxIter_X
# type: scalar
200


# name: MaxIter
# type: scalar
50


# name: optTol_X
# type: scalar
1e-06


# name: progTol_X
# type: scalar
1e-10


# name: optTol_aW
# type: scalar
0.0001


# name: progTol_aW
# type: scalar
1e-07




