# Created by Octave 4.0.0, Sat Jan 06 20:47:19 2018 ART <gabrevaya@ws7.labo5>
# name: y_start
# type: matrix
# rows: 10
# columns: 1
 -1.722086573678333
 -1.0166778161028
 -1.718843504601099
 0.6132541936013833
 -0.7157724561580435
 -0.7988003852777781
 0.7203321794724449
 -0.8641124647139501
 -0.4580019695732306
 0.5599058551336626


# name: alphas
# type: cell
# rows: 1
# columns: 3
# name: <cell-element>
# type: matrix
# rows: 10
# columns: 1
 0.6694351572475949
 0.6108112944330556
 0.6859679711794898
 0.5839065200983288
 0.3746455602571971
 0.6615434239540571
 0.6002540176534515
 0.479221049361586
 0.773289262056871
 0.5339536967279748



# name: <cell-element>
# type: matrix
# rows: 10
# columns: 1
 0.9704420957565745
 1.018120779066076
 0.9274482597871199
 1.066108002294418
 1.030442767617733
 0.9025277497446916
 1.098436887718476
 0.9298239291923853
 0.8993700428201186
 1.082560152093712



# name: <cell-element>
# type: matrix
# rows: 10
# columns: 1
 11.37914394971305
 11.29777292580084
 11.30653861874799
 11.26633908167417
 11.33213002482873
 11.44244443189341
 11.54475677865867
 11.27924602116916
 11.39423397403953
 11.23275963736271





# name: W
# type: matrix
# rows: 10
# columns: 10
 0 0 0 0 0 0 0 0 0 0
 0 0 0 0 0 0 0 0 0 0
 0 0 0 0 0 0 0 0 0 0
 0 0 0 0 0 0 0 0 0 0
 0 0 0 0 0 0 0 0 0 0
 0 0 0 0 0 0 0 0 0 0
 0 0 0 0 0 0 0 0 0 0
 0 0 0 0 0 0 0 0 0 0
 0 0 0 0 0 0 0 0 0 0
 0 0 0 0 0 0 0 0 0 0


# name: iter
# type: scalar
67


# name: c
# type: matrix
# rows: 1
# columns: 10
 -0.3456435493958788 -0.2334555143372681 -0.258468087229031 -0.3718798338265978 0.4599468869302759 0.1812564112177421 -0.1738217391939563 -0.005239086195329459 -0.007003424118061268 -0.1718898015128642


# name: mean_corr
# type: matrix
# rows: 5
# columns: 1
 -0.1058893677906372
 -0.08981730494395983
 -0.07739117256111605
 -0.0771928724194243
 -0.08926255128278057


# name: mean_error
# type: matrix
# rows: 5
# columns: 1
 1.483589932712585
 1.474081031383953
 1.467963075736206
 1.467337533765715
 1.447999780093051


# name: iter_improve
# type: matrix
# rows: 5
# columns: 1
 1
 15
 25
 36
 62


# name: optim_start
# type: scalar
67


# name: optim_steps
# type: matrix
# rows: 0
# columns: 0


# name: VPVP_params
# type: scalar struct
# ndims: 2
 1 1
# length: 8
# name: lambda
# type: scalar
300000000


# name: downsample
# type: scalar
10


# name: MaxIter_X
# type: scalar
200


# name: MaxIter
# type: scalar
50


# name: optTol_X
# type: scalar
1e-06


# name: progTol_X
# type: scalar
1e-10


# name: optTol_aW
# type: scalar
0.0001


# name: progTol_aW
# type: scalar
1e-07




