# Created by Octave 4.0.0, Sun Jan 07 23:08:06 2018 ART <gabrevaya@ws7.labo5>
# name: y_start
# type: matrix
# rows: 10
# columns: 1
 -1.036532971396581e-06
 1.881752977349707e-05
 1.354734076231997e-06
 2.476609015002208e-06
 -2.081901085569525e-06
 1.437371826735191e-06
 -2.060436541888121e-06
 4.785398855054895e-07
 -2.257979396149555e-07
 -2.957252269311131e-06


# name: alphas
# type: cell
# rows: 1
# columns: 3
# name: <cell-element>
# type: matrix
# rows: 10
# columns: 1
 -0.106136501765841
 1.936352379610603
 0.3241650843836548
 1.068807761307255
 0.006537110753427536
 0.3655472413952091
 -0.04071512143410841
 -0.9078792218729712
 0.4341598272840458
 0.297690611570333



# name: <cell-element>
# type: matrix
# rows: 10
# columns: 1
 0.2668028229368588
 0.5139460657031061
 1.161585626601092
 0.2986536123775328
 0.7951360213328326
 0.9209530739123366
 1.011565253143217
 0.671256826791566
 0.271749707527523
 0.3778734710978273



# name: <cell-element>
# type: matrix
# rows: 10
# columns: 1
 11.53993514030467
 11.6741854135746
 11.56557515323039
 11.7084912927075
 11.43074889963614
 11.07257039798742
 12.36280891588646
 11.24531454991504
 11.44787456339255
 10.15640415188876





# name: W
# type: matrix
# rows: 10
# columns: 10
 0.08703225469527674 0.4689978467987929 0.514662930488388 -0.3552880136877764 0.4324389671732382 0.1497680474692413 -0.3800510185574771 -0.1905698575178115 -0.06326538499633207 0.5150355926125554
 -0.2462403114409336 -0.2548397904866241 0.0681433521415724 0.6370713551519857 0.0419779004798261 0.2851902489582726 0.3765401358024354 -0.06983539185675045 0.04537745255468309 -0.3771269868479256
 0.03021647141769537 0.1464957828203272 -0.5292568102603913 0.1291021739097421 0.7030114026535652 0.1214098610773084 0.2593339068815151 -0.1505845484624651 0.05984218271155922 0.05729955624430465
 0.2078487762606849 -0.5074845466758087 0.1433550744698587 -0.07144339199053611 -0.254294025287881 -0.02977568020962336 -0.6116442564886725 0.4186615342147344 0.2232578832122265 -0.1065852504779646
 0.2505167847571909 -0.1126236284006351 -0.3094860829625736 0.05541416369917077 0.578235345438723 0.1005167254315655 -0.2198963389463498 0.2508487618646027 0.01252389413080745 0.4631363850340115
 0.09539680136429242 -0.3254813871394338 0.09336847629992559 -0.1958224776622259 -0.02534270281588131 0.03061518526882743 0.00215756447676767 0.06384259264816869 -0.2290816458535981 0.1213780315316309
 0.1855999440463668 -0.03417674733613742 0.3490437616458548 0.02437202171974999 -0.5643984179402598 0.3668173963975059 -0.1300685425319 -0.6708494551389754 0.09811061325699309 -0.01095816978659755
 -0.4529291318107552 0.2575098415074107 0.326743691247457 0.2905287296171183 -0.01175784085465859 -0.2133341512590142 -0.2237679974261943 -0.6279948317457392 -0.01196012475957353 0.05639310838827966
 -0.1948243339108245 0.1090635579721675 0.2384506080287281 -0.2164114350288625 0.5136940538927388 0.07533678611630654 -0.1359580198692443 0.1020659822728584 -0.2299981057447905 0.1276903543645996
 -0.1746576160640085 0.2831411100992196 -0.2277294317587399 -0.3259739751585667 0.2006249538212472 0.03765811081961269 0.4384596410205354 0.1112683956873169 -0.05666392872678339 -0.6034607688114285


# name: iter
# type: scalar
100000


# name: c
# type: matrix
# rows: 1
# columns: 10
 0.2283464727372087 0.3765388668448469 0.5095212529003839 0.5682204031714851 0.6182094112179123 -0.01389406431721539 0.2997260972521634 0.4726500122985021 0.51909321863816 0.5738932489657996


# name: mean_corr
# type: matrix
# rows: 369
# columns: 1
 -0.1058893677906372
 -0.08981730494395983
 -0.07739117256111605
 -0.0771928724194243
 -0.08926255128278057
 0.3564137614596892
 0.355464684668836
 0.3548941013597463
 0.3369302353177651
 0.3160608038419074
 0.3021821476587343
 0.3000413950495922
 0.3019060369405688
 0.296438613530942
 0.3006735948889415
 0.2957698488048224
 0.2981376144147135
 0.2743700069761623
 0.2809184029014489
 0.2767562685027361
 0.2852745849578423
 0.2709137350120073
 0.2737822812099327
 0.2569498444649553
 0.2468343817405262
 0.2402092469886815
 0.2383764812412912
 0.2468588108233181
 0.2458310527775611
 0.2449596398709317
 0.2174842842487586
 0.2150520472993777
 0.2147236601734646
 0.2098620883253127
 0.2035161905486308
 0.2178493578627516
 0.2222650580903546
 0.2264125503245769
 0.2344049963324977
 0.225858142513677
 0.226330718928572
 0.2265422067916331
 0.2275403682996559
 0.2245141986712814
 0.2272607033930132
 0.2178733725433162
 0.2168351574038313
 0.2266950219505795
 0.2120873026045172
 0.2075873148670417
 0.2080878614050047
 0.2090150848872541
 0.2098274313404826
 0.4695890042565342
 0.4697920403606763
 0.4582866010398052
 0.4571349097546478
 0.4566312533768327
 0.4543658284725663
 0.4498912304821638
 0.444838660471491
 0.4479045173760919
 0.4471754342222608
 0.4477794188995501
 0.4369003211714607
 0.4346847696365742
 0.4358420934524055
 0.4367089730803161
 0.4170356873311307
 0.4173555812659967
 0.4065348992455009
 0.4042746986090033
 0.4071923471623249
 0.4105452192493609
 0.4111341779973777
 0.416620725052136
 0.4222006632233826
 0.4244432532555676
 0.425261542954958
 0.4242721895421567
 0.4213367550532964
 0.420183109232293
 0.4236888537037869
 0.4253498504548511
 0.4239856737702471
 0.4252756378683656
 0.4243185435149096
 0.4237207952343421
 0.4310956413696198
 0.4316635365601363
 0.4307082930795775
 0.4310226565137398
 0.4298253605511859
 0.4343016691676692
 0.4272653431011919
 0.4264212670629383
 0.4323592985538326
 0.4302501400228081
 0.4350931253587236
 0.4501349955732278
 0.4517075939714872
 0.4510516930757233
 0.4278611749389792
 0.4294896501207636
 0.4327356678237408
 0.434295825890223
 0.4251656950634626
 0.4115011325305883
 0.4132999365847376
 0.4122405470593772
 0.5273056722150737
 0.5208556388012893
 0.4972656922079829
 0.4906282112784507
 0.485983616919811
 0.486251087144575
 0.4697462801606984
 0.4528457135960841
 0.4740502647039028
 0.4527584886643088
 0.456111428982808
 0.4531601087288912
 0.4542684190178441
 0.4554124348274627
 0.4531872290431034
 0.4524526987898296
 0.4540811186910177
 0.4700301495339564
 0.4693558562403668
 0.4576678927621307
 0.46131582607888
 0.4605048259722229
 0.4565114651966266
 0.4527274079059532
 0.4492153008697245
 0.4481701821597923
 0.4509986529353768
 0.4495645073766023
 0.447391207107679
 0.4409479090903842
 0.44551214222927
 0.44762966879786
 0.4498308618141249
 0.4508586518623935
 0.4516996881804904
 0.4518488654044607
 0.4532694151620109
 0.4540328541306941
 0.4582824551763692
 0.4620255188611441
 0.4608618529648293
 0.4627318126226527
 0.4632501944863011
 0.4639709195263697
 0.4576660540532059
 0.4630305373323396
 0.4636295355862748
 0.4637475753676792
 0.4641620803311965
 0.4641647921750657
 0.4650365633794106
 0.4643322777999253
 0.4642672593585959
 0.4630685166758696
 0.4631557973100776
 0.4648561108562057
 0.4718671890892684
 0.4702290814189049
 0.4671046444692363
 0.4673254408934791
 0.4661104934725375
 0.4670073650956118
 0.4657004022814273
 0.4683184069391331
 0.4733779544111243
 0.4709493414800369
 0.4731826681322537
 0.4787789346503389
 0.4804829715205626
 0.4813953220731008
 0.4890920890082898
 0.4902382226385749
 0.4938520524726143
 0.4934357708688016
 0.4937382236141757
 0.493261413913091
 0.4932849400593468
 0.4926271736389891
 0.4947659251330908
 0.4947671219494706
 0.4953091959079023
 0.494751626977826
 0.4950208575873463
 0.5050622300031968
 0.5053379629706004
 0.5034356073970441
 0.5034307481528659
 0.5051650639766667
 0.5045784342664509
 0.5050696255475781
 0.5047873009977484
 0.5052446705049822
 0.5014848821302651
 0.5013652330999455
 0.5051710144472169
 0.505759124808197
 0.5057084506604524
 0.5056202567120075
 0.5055714844171838
 0.5051618717076004
 0.5059331181798405
 0.5070976609069076
 0.5081634991798677
 0.5077184730600013
 0.5064756834060951
 0.5101362018746919
 0.510135420344095
 0.5115868987191623
 0.5114138319518713
 0.511413230933047
 0.510593846276079
 0.5116231540284558
