# Created by Octave 4.2.1, Tue Nov 28 20:12:36 2017 ART <gabrevaya@ws17.labo4>
# name: y_start
# type: matrix
# rows: 15
# columns: 1
 -0.03749665876850111
 -1.11174769570901
 1.347202565193762
 -1.783641836313393
 0.5164147091990307
 -1.04544341494574
 0.1758764174412762
 -0.1330665347451234
 0.8733339409491261
 1.054775811536181
 0.6347840238416226
 -0.5037504640486953
 0.2671874868814786
 -0.2101602191224789
 -3.149136556116901


# name: alphas
# type: cell
# rows: 1
# columns: 3
# name: <cell-element>
# type: matrix
# rows: 15
# columns: 1
 0.4692592899390337
 0.5151795521643094
 0.3470025855299287
 0.6562618559917971
 0.2957611934689993
 0.7063548989301425
 0.7471284464507215
 0.4833211280560871
 0.8662940126460861
 0.4692577501075045
 0.2076872256345302
 0.7477207278222666
 0.1851265207058232
 0.6628556305151843
 0.792871613625874



# name: <cell-element>
# type: matrix
# rows: 15
# columns: 1
 0.7849930719999565
 0.8062384072435795
 0.9741903396232596
 1.111908172966996
 0.8153720566689865
 1.170732574519222
 1.188303405608837
 0.8922898083023413
 0.536327106775312
 0.7513196138379259
 0.7058462054733636
 1.536852338088724
 1.211334973945754
 0.662688015412107
 0.9103172716429279



# name: <cell-element>
# type: matrix
# rows: 15
# columns: 1
 11.13896957307558
 11.11183810318683
 11.45826574427777
 11.63017665904732
 11.29250543913106
 11.1227562097346
 11.53061498974834
 11.63253122514385
 11.43744040483266
 11.25869396850194
 11.87009221194095
 11.46003610860734
 11.60413837450973
 11.42456433515891
 11.34780900834175





# name: W
# type: matrix
# rows: 15
# columns: 15
 -0.03320973879907124 0.03428807355542848 0.01096312049018711 0.1926677528605114 -0.02481960702675986 0.1625362025990234 0.1501310037734647 -0.03062536619025688 0.1260414684711977 -0.0243765004447042 -0.120225992501216 -0.06265044783585283 -0.1725207548017434 -0.09543835161166113 0.1612326972332266
 -0.03608367798632206 -0.07709713749815983 -0.05790568000788614 -0.2146250667836921 0.18582395455425 -0.1910818516328495 -0.08345904544127439 0.1874748020133638 -0.03813156618363417 0.04399546926741944 0.2162519408388584 -0.1193932293565912 0.234447119402029 0.1263497795595534 -0.3650960540218669
 0.0970351501329373 -0.05634674678539734 -0.05226051665699243 -0.02669458810139931 -0.01260980713526968 -0.02513759479432452 -0.0828775325648935 -0.03004678561177904 0.02411535144751081 0.1322709067519904 0.03598777456783535 0.1125877579329136 0.02196712623493333 -0.02265629069674201 -0.01925280284944362
 0.001701888981808708 -0.02353761792579056 0.03647597890857136 -0.2120040125011499 0.02251130558288831 -0.1977344368369026 -0.01030985300830277 0.05593672744446057 0.08734971945727182 0.07186216762534003 0.04701630223919262 0.3252829504167873 0.2208266225212918 -0.04965643017946221 -0.1187023743084755
 -0.1574876004472765 0.2164080564366488 -0.03405860705795507 0.1525457974308006 0.04881047431070882 0.07605803028110739 0.07189598715305984 0.1263494636471364 -0.004589842385177811 -0.1382740836767776 0.03457767479337916 0.2634375295743561 3.810203859879748e-05 0.0972194042497499 -0.04204931765638922
 -0.02189726740431141 -0.03606108775713314 0.03395025282041179 -0.1700798318952269 0.004643998409786223 -0.1700645506352726 -0.06685776976301545 -0.02322831065582969 -0.01560604734351739 -0.01022315177645051 0.0318842055515912 0.03094136533040739 0.08515710124399889 0.008909466598338155 -0.08100238558561759
 0.04229206841174656 -0.1222612647269145 -0.01444416000243054 -0.2818590015779882 0.000988196203635119 -0.1478488292346475 -0.302450367439087 -0.03901456033645011 -0.02579199261207484 0.1089355607914241 0.1713808028880413 0.06246330064596473 0.1315478659207789 0.04715920343458962 -0.2545669512594986
 0.02865823458871727 0.0687782950611513 -0.0488099000639939 0.09942639135897954 0.08457241555179956 0.07317938498036802 0.0961869753376524 0.1317477097870935 0.2095133000992305 0.0917518087376471 0.06175575626641184 -0.1807024475419339 -0.01495621969625789 -0.02333500890776594 -0.09449328257556126
 -0.05961015885781712 0.0837216307456969 -0.03933776949134599 0.08027279467920699 0.03038927494160775 0.04975256564414629 0.02969260669294473 0.0164025651894071 -0.1389864505756394 -0.07748944389917792 -0.01086615196776572 0.1297751057139135 -0.04218013506485188 0.06541512830138461 0.02781790881582645
 -0.02231703788667308 0.05219278633469394 -0.01289539746304542 0.1061766409128773 0.002238118953062641 0.07680492746676973 0.08511145462906823 0.02352281291909317 -0.007833236172459634 -0.06326503453047805 -0.03333720412131699 -0.01158724383870128 -0.04951918605837372 -0.008984484426290016 0.08352289499539545
 -0.2336850294406326 0.2313503832202506 0.02023788627052568 0.202331835798271 0.005196812149639411 0.06664043091767902 0.2399982479136351 0.1148645818059304 -0.02230025935223543 -0.3200998163191822 -0.2427558594839142 0.1248826665194085 -0.04891139435348175 -0.04813341559976901 0.272896457511478
 0.03440777185868948 -0.06043656176324445 0.006409884028450552 -0.05815788219977323 -0.001099013905583384 -0.01504229428710726 -0.03502073304851014 -0.004903672120421256 0.0140069149194821 0.0319435536670428 0.02847967416872603 -0.3213377071509744 0.01152983115623 -0.01454942980516348 -0.051442821094484
 0.06903943009282042 -0.02490788348324847 0.05409348874960445 -0.006630212554264578 -0.08878921711017589 -0.03300907841517111 0.1054638035804687 -0.0338472446990479 0.0351071995839126 0.01621571125833606 -0.12193163112249 0.1386331682927239 0.03317015197999708 -0.1209729166335235 0.2398068438259475
 -0.2376725299679089 0.110640139354647 -0.02795188985532588 0.05588728668462908 0.06598863456445074 -0.03633877233202851 0.04929598597952927 0.08530968101637418 -0.1451837942860083 -0.2520304174261657 -0.03442285638966201 0.3073576527803344 0.04516954426038459 0.05761926768351602 0.01472788618965108
 -0.05278322949300916 -0.03861211324812515 -0.001419854149027282 -0.1342639086450111 0.04191843384761805 -0.06668330805863526 -0.1766016611576401 -0.01824618812271518 0.1276650890311111 0.09703652709402789 0.1075513364045209 0.09506789794687311 0.01979470143844528 0.01404641085276498 -0.3735931012075961


# name: iter
# type: scalar
343


# name: c
# type: matrix
# rows: 1
# columns: 15
 0.4583637782968533 0.5196025460813553 0.3570417880607821 0.470536233798356 0.6008173939293026 0.4021870645362319 0.2144373013864361 0.7292510982816273 0.4710891131461358 0.4575424591146536 0.4761008023326784 0.101335112479228 0.4289717333310734 0.653103327770049 0.1001182653694483


# name: mean_corr
# type: matrix
# rows: 54
# columns: 1
 -0.06163950485231577
 -0.06668769883163958
 -0.06848187972868212
 -0.06813679741970143
 -0.05852621128726197
 -0.0381822807939502
 -0.05903457966163991
 -0.02385738965962644
 -0.01322057907673501
 0.007441714773354082
 0.005506070695431364
 0.01231050013956536
 0.01117146105065603
 0.01778365888481962
 0.005726149178367238
 0.01057608350754137
 0.005189202410558162
 0.006548232235652488
 0.01066414008186689
 0.02128643486190896
 0.02337965148733947
 0.04335853191685841
 -0.01156211246059475
 0.0218376543069718
 0.04127295046707747
 0.04947421272223892
 0.07131344161728931
 0.07231035700875139
 0.06739398723901187
 0.07263658005203713
 0.06916610685783345
 0.0578317759081862
 0.06071283457688308
 0.0594873895924045
 0.06133135429488711
 0.06493648802298319
 0.06358002788103338
 0.08839408163161398
 0.0858759517321846
 0.08747588010752329
 0.09249431325922407
 0.08973273216971694
 0.08989607848157059
 0.09421260902142727
 0.09828804726973696
 0.09817150292649397
 0.09655264737909172
 0.09750714532713516
 0.09859592555925008
 0.130456197186352
 0.1335075379646017
 0.1400877661678681
 0.1286905127740247
 0.4293665345276141


