# Created by Octave 3.8.1, Sat Jan 06 20:38:15 2018 ART <gabrevaya@ws1.labo2>
# name: y_start
# type: matrix
# rows: 10
# columns: 1
 1.190499840096765
 0.06617740682382903
 -1.987982511687485
 1.671041565816355
 -1.007633641132417
 -1.612125100424277
 -1.12344198759673
 1.256914309553212
 1.303853328712324
 0.9735862087027563


# name: alphas
# type: cell
# rows: 1
# columns: 3
# name: <cell-element>
# type: matrix
# rows: 10
# columns: 1
 0.7774312621582457
 0.578
 0.578
 0.641731272260153
 0.578
 0.578
 0.4895073276542503
 0.5001125800280494
 0.5002362307162344
 0.6401593729306319



# name: <cell-element>
# type: matrix
# rows: 10
# columns: 1
 0.785526431939475
 1
 1
 0.8347106029282471
 1
 1
 0.8185375032064464
 0.9016591309514799
 0.831399419026045
 0.9187620263084713



# name: <cell-element>
# type: matrix
# rows: 10
# columns: 1
 11.42121574880787
 11.38
 11.38
 11.33686124839985
 11.38
 11.38
 11.4847106444668
 11.38500389077817
 11.39662539883366
 11.47145004815122





# name: W
# type: matrix
# rows: 10
# columns: 10
 0 0 0 0 0 0 0 0 0 0
 0 0 0 0 0 0 0 0 0 0
 0 0 0 0 0 0 0 0 0 0
 0 0 0 0 0 0 0 0 0 0
 0 0 0 0 0 0 0 0 0 0
 0 0 0 0 0 0 0 0 0 0
 0 0 0 0 0 0 0 0 0 0
 0 0 0 0 0 0 0 0 0 0
 0 0 0 0 0 0 0 0 0 0
 0 0 0 0 0 0 0 0 0 0


# name: iter
# type: scalar
524


# name: c
# type: matrix
# rows: 1
# columns: 10
 0.03967657232163575 0.1829304382545876 0.03446309783702838 0.2509940259825523 0.5042294626889913 0.0685027365250603 0.4718645146971542 -0.08610080105781952 0.2345029658304062 0.1410538053838238


# name: mean_corr
# type: matrix
# rows: 13
# columns: 1
 -0.05602840865576273
 -0.05005184711018188
 -0.04900253487776801
 -0.0238546698737333
 0.03437981457854931
 0.04981028400247398
 0.1191143190115973
 0.1199527233391336
 0.1257747373031182
 0.1474393981903429
 0.1632039896479411
 0.16488994127019
 0.1653646356041908


# name: mean_error
# type: matrix
# rows: 13
# columns: 1
 1.456833125505088
 1.452730374347141
 1.456076057116066
 1.441583431049881
 1.418958878194189
 1.40633372969592
 1.35695175750992
 1.356213749625178
 1.348098453343235
 1.336572123172846
 1.320553882866595
 1.302171846930815
 1.30524756391452


# name: iter_improve
# type: matrix
# rows: 13
# columns: 1
 1
 4
 17
 45
 50
 54
 55
 89
 94
 111
 114
 123
 184


# name: optim_start
# type: scalar
524


# name: optim_steps
# type: matrix
# rows: 0
# columns: 0


# name: VPVP_params
# type: scalar struct
# ndims: 2
 1 1
# length: 8
# name: lambda
# type: scalar
300000000


# name: downsample
# type: scalar
10


# name: MaxIter_X
# type: scalar
200


# name: MaxIter
# type: scalar
50


# name: optTol_X
# type: scalar
1e-06


# name: progTol_X
# type: scalar
1e-10


# name: optTol_aW
# type: scalar
0.0001


# name: progTol_aW
# type: scalar
1e-07




