# Created by Octave 3.8.1, Sat Jan 06 20:40:45 2018 ART <gabrevaya@ws1.labo2>
# name: y_start
# type: matrix
# rows: 10
# columns: 1
 1.190499842379334
 0.06617739673069262
 -1.987982509918313
 1.671041556545811
 -1.007633619628012
 -1.612125093316187
 -1.123441990955796
 1.256914301471533
 1.303853325476976
 0.973586213239527


# name: alphas
# type: cell
# rows: 1
# columns: 3
# name: <cell-element>
# type: matrix
# rows: 10
# columns: 1
 0.7558644035715136
 0.5805754491512639
 0.4845364983622431
 0.5320195062713475
 0.5649990812691468
 0.4946426881282233
 0.4599568663795724
 0.3923279018098637
 0.4424472678290369
 0.6173313288794566



# name: <cell-element>
# type: matrix
# rows: 10
# columns: 1
 0.7021425011639861
 1.044543420403443
 1.110128181463561
 0.7689176442041138
 0.9687381046084445
 0.9470078994225878
 0.7891849407595767
 0.5793506608319798
 0.7577144937804094
 0.7824506121467236



# name: <cell-element>
# type: matrix
# rows: 10
# columns: 1
 11.40785484869544
 11.3819842259138
 11.39140806808826
 11.34429878501233
 11.38659486635701
 11.38157039316318
 11.47953719821561
 11.37144772679038
 11.38868328432918
 11.45907882751148





# name: W
# type: matrix
# rows: 10
# columns: 10
 -0.03512919049747723 0.009595842802401054 0.2959402539722661 -0.1039362952279169 0.01559718989941672 0.04003335060774153 -0.05153393841543333 -0.185229451710295 -0.08550504078355574 0.2306463946645044
 0.09586348386699173 0.01558515367493694 -0.1568646272622408 -0.01586634846828064 -0.03835665642890913 -0.005832302665239989 0.07417877722425728 0.01723687035217146 0.09447550028635858 -0.02966294576347688
 0.03203750276968217 0.009085400303957946 -0.3221268514625904 0.1280345141910862 0.01185306847930936 -0.02020658909778154 0.0375154455933999 0.09233791694874978 0.1496540247083967 -0.09809590045151724
 -0.2703492465036836 -0.05656601155814767 0.2966406174615145 -0.05032784054934406 0.1460644604359279 0.09094979175801336 -0.08617287039964137 -0.066036629100881 -0.1912893085621103 0.03896881211928858
 0.04142040914202336 -0.06452986298028804 0.04508345646280489 0.1878694198754777 0.083286480497602 -0.07109858260316347 -0.08463480495270946 0.02244831208327949 0.1043098111366732 0.02201089649838077
 0.06341479762666116 -0.004213728775126654 -0.1599881835138197 0.07030113192834628 -0.05069258989037639 -0.1145312821085692 -0.05211173176497368 0.04629212719813467 0.06437917946676701 0.01284613929656808
 -0.03426056754708112 0.008950595077498845 0.02373147445295176 -0.00585886045396064 -0.02403918975076941 -0.02424271998959162 -0.0633276174962583 -0.04130016655228601 -0.03988912289171719 0.08569454208776305
 -0.2703496517504464 -0.002766083746929974 0.2667039938688365 -0.04365683677238051 0.09582359324241632 0.07360784185111613 -0.1805787522070423 -0.2989683891618599 -0.1984123499042339 0.3086916826204856
 -0.06049234602661203 -0.01657359659895109 0.2445950961528724 -0.05286930399709099 0.1038085670612799 0.0841334314656846 -0.01587166265476424 -0.1526710887724399 -0.09304606196882728 0.2030041735450785
 0.2503560067263474 -0.02346483000916093 -0.06828651632542782 0.06174686653628324 0.06141389222383185 0.01751411973933155 0.2812892246494963 0.2240399121784039 0.2625408953697868 -0.4083929466263329


# name: iter
# type: scalar
524


# name: c
# type: matrix
# rows: 1
# columns: 10
 0.4519532166632124 0.4724927683438567 0.3083888164836284 0.4747284309961863 0.5918357741622633 0.2037238207108554 0.515963108286207 0.4837859220289413 0.3932092654199161 0.3032241977440123


# name: mean_corr
# type: matrix
# rows: 14
# columns: 1
 -0.05602840865576273
 -0.05005184711018188
 -0.04900253487776801
 -0.0238546698737333
 0.03437981457854931
 0.04981028400247398
 0.1191143190115973
 0.1199527233391336
 0.1257747373031182
 0.1474393981903429
 0.1632039896479411
 0.16488994127019
 0.1653646356041908
 0.4199305320839078


# name: mean_error
# type: matrix
# rows: 14
# columns: 1
 1.456833125505088
 1.452730374347141
 1.456076057116066
 1.441583431049881
 1.418958878194189
 1.40633372969592
 1.35695175750992
 1.356213749625178
 1.348098453343235
 1.336572123172846
 1.320553882866595
 1.302171846930815
 1.30524756391452
 1.258470622992158


# name: iter_improve
# type: matrix
# rows: 14
# columns: 1
 1
 4
 17
 45
 50
 54
 55
 89
 94
 111
 114
 123
 184
 524


# name: optim_start
# type: scalar
524


# name: optim_steps
# type: scalar
14


# name: VPVP_params
# type: scalar struct
# ndims: 2
 1 1
# length: 8
# name: lambda
# type: scalar
300000000


# name: downsample
# type: scalar
10


# name: MaxIter_X
# type: scalar
200


# name: MaxIter
# type: scalar
50


# name: optTol_X
# type: scalar
1e-06


# name: progTol_X
# type: scalar
1e-10


# name: optTol_aW
# type: scalar
0.0001


# name: progTol_aW
# type: scalar
1e-07




