# Created by Octave 3.8.1, Tue Nov 28 20:16:27 2017 ART <gabrevaya@ws18.labo2>
# name: y_start
# type: matrix
# rows: 15
# columns: 1
 -1.357937343425141
 -0.9118236402493003
 -0.8741792509450886
 -0.2357290607418094
 0.2344485228189497
 -0.2564235455151996
 -0.5184503097712839
 -1.005576965833616
 1.212510789680629
 -0.09771561747115899
 0.5472825273871381
 -0.3432991375661921
 0.3130855007480265
 1.40853877132148
 -0.8785088474894459


# name: alphas
# type: cell
# rows: 1
# columns: 3
# name: <cell-element>
# type: matrix
# rows: 15
# columns: 1
 0.2326865170610709
 0.6245722283955215
 0.5155428084982747
 0.4262944505485243
 0.5661307125412083
 0.5579574214776324
 0.6647926136772824
 0.5949267152243163
 0.5547350337179943
 0.5913623297110341
 0.3512471882641197
 0.4469069105032175
 0.5659707847828951
 0.6045133503217652
 0.4988316557025125



# name: <cell-element>
# type: matrix
# rows: 15
# columns: 1
 0.4848059983649874
 1.457655519003679
 1.604196470150952
 1.472201371985597
 0.6023700855231831
 1.018744711510392
 1.070599414903172
 0.6034796579740218
 1.074863977719044
 0.6723946142305597
 0.9119646940001571
 1.078923741326761
 1.541019268707337
 0.5582012783893252
 0.9327703239213351



# name: <cell-element>
# type: matrix
# rows: 15
# columns: 1
 11.27932410960332
 11.46346905802455
 11.25638362327757
 11.44008479191269
 11.19366822163334
 11.41478259572133
 11.25299606641724
 11.54437341142036
 11.37093257117353
 11.32516212671992
 11.42757568064838
 11.47221694170258
 11.27072962382204
 11.26684301902077
 11.5978656484147





# name: W
# type: matrix
# rows: 15
# columns: 15
 -0.1851329021806077 0.06482414846889106 -0.03376430337177171 0.1581789019141719 -0.2411163417174186 0.174856045629254 0.1838387453979207 -0.07829128928847666 0.04308902259966328 -0.2148192703261991 -0.1841653828650113 0.1937044001112612 -0.113783047172762 -0.1559298085334087 0.1885210608564625
 0.09061450184645306 -0.1155600450571781 0.06875146345734294 -0.1373335520227654 0.1308738463247307 -0.2004802931620417 0.0678830388153757 0.1302142789735896 -0.08226117161725757 0.2207762062430325 0.293389955651661 -0.00697245416203451 0.1000141470074071 0.04006567205962382 -0.3750976640177018
 -0.006378016102892912 -0.2233668992421239 -0.2187992133052945 0.07782295284315011 0.008986076413342162 0.02627956408036904 -0.07970183807692065 -0.05810364908721793 0.07277923945901822 -0.01357518141328515 -0.01123491365924535 -0.1321141693072677 0.2322514749535674 0.07896219649527986 0.02878176423013088
 0.06634128735202163 -0.06143701020810384 0.0464172448371375 -0.2495429805702951 0.08298876843903155 -0.1254445065458879 0.186334849885898 0.1424802126410877 0.05984800450574337 0.0985931746482025 0.1144088440254292 0.1098927364289713 0.06369829414551748 -0.01250207300476749 -0.1108554461303999
 0.00638199133679016 0.3081672988786479 0.007749104016882381 0.2372685512334005 0.0540223652546618 0.0834487287244364 0.1371558878956657 0.2267164038815156 -0.2418346913971189 0.03827505054680091 0.04272487875358101 0.1772024440677534 -0.1906490765916584 -0.03184723949592776 -0.0899530998786164
 -0.007211185306500337 -0.006612197344144031 0.06982245841418253 -0.06928776854427217 0.0170526334453568 -0.1264745368377747 -0.1334593914681385 -0.09948549175935228 -0.06895736995457381 0.02256280363617248 0.1608487273501573 -0.1405466794316504 0.0002908072560232114 0.0401596138000365 -0.2156803412372794
 -0.01511388816457116 0.1621733085087435 0.04674564818950506 -0.1067407711214055 -0.04667136687457618 -0.06226956442604172 -0.3222580321414163 -0.02822713700476546 -0.009601339846591131 0.03442131497126091 0.06897888185944324 -0.2111403682039403 0.002977432754667778 0.01939117473310238 -0.1390862113847313
 -0.1975447522552637 0.0695838490654816 -0.0447670031954847 0.09450192094374883 -0.07117189337864621 0.2376998927810041 0.04076848910867194 -0.02217052015351262 -0.07661417518536934 -0.2088795025383574 -0.0935576646846621 0.148837848275596 -0.1852830289240504 -0.06016655452960243 0.008355576392598561
 0.002786692790171786 0.2238226156423707 -0.02905632308474906 0.1666202217014078 -0.0600018546945368 -0.02553054357532732 0.01109149077943732 -0.09095789193500589 -0.1227047366603662 0.01176377679478192 0.01135012441501282 0.02107772268229586 -0.1060135346667599 -0.07566608397306936 0.002437275490423569
 -0.09698905749335721 0.1054517197865273 -0.009713887066621504 0.0815858105695936 -0.2329635732631013 0.10109234710113 0.07435184632170126 0.06389069123254992 -0.05058646706578378 -0.2983338793745042 -0.03673647283422919 0.09255206882376731 -0.08439219476999717 -0.2386353332010223 -0.009905441381587759
 0.0715987723176211 0.1612494005739986 -0.0651674299811871 0.1111399542959556 0.04660211753847302 0.1848494544169063 0.180084716158969 0.3142367124485359 0.08000756117857183 -0.0583604798785598 -0.2301455973472174 0.2153165756398624 -0.1084528448467426 -0.07425181005278243 0.2996126749386407
 -0.009196001228836974 0.008064248197469148 0.004995251385758149 -0.09302826135824432 -0.05838673699326037 -0.01446775488055725 -0.2467424903008608 -0.03748508704565041 -0.01412017327301231 -0.02129045345899485 0.0911247206713752 -0.2468616832918846 0.05448421504243409 0.01440291267307727 -0.1733539934526956
 -0.05953626141762602 0.2327691422980544 -0.0500154738765293 0.2340441073155123 -0.1253865985955056 0.08837322578495149 -0.09047759799494519 -0.08564157826336191 0.0079074958876665 -0.1050397483569023 -0.1877515986377762 0.02540297175448966 -0.1309469558359772 -0.08587114904431666 0.2510620377290256
 0.1551518115670622 0.2294208635534572 0.0309485684219556 0.1547609312359974 0.2968568897505074 -0.04169014543012727 0.06252236033850071 0.1253573641468309 -0.1828543118365576 0.2299710485636067 0.08169732825298676 0.04046678424271598 -0.06645930666381483 0.07812440301515901 -0.06340804407385706
 -0.02928745665556198 0.02053666936585628 0.007908481111513394 -0.01032120137550697 -0.1265513961419729 -0.1222361810127816 -0.2090472688778759 -0.1713713714761899 -0.1007661963622012 0.02343543836967664 0.2166947760869203 -0.2140294871107548 0.07669086680030388 -0.04578056489013464 -0.3549386947418922


# name: iter
# type: scalar
193


# name: c
# type: matrix
# rows: 1
# columns: 15
 0.5333129720841806 0.3786330976834585 0.4252710451761685 0.389096811745708 0.5412251108127547 0.4050883876693691 0.09898809264692994 0.5351911393065109 0.3599676225342743 0.4615439151018905 0.222282245418649 0.06647840685894023 0.3894655775679061 0.5886400641751099 0.1840190968279835


# name: mean_corr
# type: matrix
# rows: 8
# columns: 1
 -0.09493866605814617
 -0.08807881934356494
 -0.08614081548203958
 -0.1038046940580474
 -0.08551819420057803
 -0.05818010559593045
 -0.0404805017825293
 0.3719469057073223


# name: mean_error
# type: matrix
# rows: 8
# columns: 1
 1.484244073170299
 1.479711701851281
 1.479689584244781
 1.486419149778751
 1.47685958656144
 1.454238077314112
 1.444451938261185
 1.286754849483844


# name: iter_improve
# type: matrix
# rows: 8
# columns: 1
 1
 8
 20
 93
 114
 131
 140
 193


# name: optim_start
# type: scalar
193


# name: optim_steps
# type: scalar
8


# name: VPVP_params
# type: scalar struct
# ndims: 2
 1 1
# length: 8
# name: lambda
# type: scalar
300000000


# name: downsample
# type: scalar
10


# name: MaxIter_X
# type: scalar
200


# name: MaxIter
# type: scalar
50


# name: optTol_X
# type: scalar
1e-06


# name: progTol_X
# type: scalar
1e-10


# name: optTol_aW
# type: scalar
0.0001


# name: progTol_aW
# type: scalar
1e-07




