# Created by Octave 3.8.1, Tue Nov 28 20:12:07 2017 ART <gabrevaya@ws18.labo2>
# name: y_start
# type: matrix
# rows: 15
# columns: 1
 -1.35793734016042
 -0.9118236273615241
 -0.8741792494397916
 -0.2357290652400857
 0.2344484942959876
 -0.2564235380538934
 -0.5184503060927483
 -1.005576984376533
 1.212510786698562
 -0.09771561065220959
 0.5472825367216235
 -0.3432991357370059
 0.3130854986532087
 1.408538778031517
 -0.8785088634757521


# name: alphas
# type: cell
# rows: 1
# columns: 3
# name: <cell-element>
# type: matrix
# rows: 15
# columns: 1
 0.3351855562561475
 0.6690355415690159
 0.6558219130910758
 0.5189682878994797
 0.5581024031005569
 0.6268572540640691
 0.7708396847638169
 0.6184933405958524
 0.6264827103110341
 0.7420652495776771
 0.420015267080905
 0.5460293414688078
 0.636735662247481
 0.6060366744930485
 0.4770601403003988



# name: <cell-element>
# type: matrix
# rows: 15
# columns: 1
 0.9398781212683467
 1.012677342677557
 1.181228259836172
 1.040236430735524
 0.9735095769196377
 0.9231826890163447
 1.254310945279119
 1.013536338726019
 0.9319585490976897
 0.9037620682112286
 0.921404654828371
 1.142110999628469
 1.133900893778173
 1.043231286022007
 0.9166557410481764



# name: <cell-element>
# type: matrix
# rows: 15
# columns: 1
 11.31538032323277
 11.429383323757
 11.20628423077043
 11.39715005805929
 11.23354119288867
 11.40680949206865
 11.27290547268714
 11.57774667495411
 11.35660757173772
 11.35488523983128
 11.42581788189596
 11.47797764379986
 11.22958811946478
 11.30395369042798
 11.59443195165285





# name: W
# type: matrix
# rows: 15
# columns: 15
 0 0 0 0 0 0 0 0 0 0 0 0 0 0 0
 0 0 0 0 0 0 0 0 0 0 0 0 0 0 0
 0 0 0 0 0 0 0 0 0 0 0 0 0 0 0
 0 0 0 0 0 0 0 0 0 0 0 0 0 0 0
 0 0 0 0 0 0 0 0 0 0 0 0 0 0 0
 0 0 0 0 0 0 0 0 0 0 0 0 0 0 0
 0 0 0 0 0 0 0 0 0 0 0 0 0 0 0
 0 0 0 0 0 0 0 0 0 0 0 0 0 0 0
 0 0 0 0 0 0 0 0 0 0 0 0 0 0 0
 0 0 0 0 0 0 0 0 0 0 0 0 0 0 0
 0 0 0 0 0 0 0 0 0 0 0 0 0 0 0
 0 0 0 0 0 0 0 0 0 0 0 0 0 0 0
 0 0 0 0 0 0 0 0 0 0 0 0 0 0 0
 0 0 0 0 0 0 0 0 0 0 0 0 0 0 0
 0 0 0 0 0 0 0 0 0 0 0 0 0 0 0


# name: iter
# type: scalar
193


# name: c
# type: matrix
# rows: 1
# columns: 15
 -0.2713987922707344 -0.1927652890537617 -0.04955242432002337 0.05463132777707625 0.1694935750289414 -0.2227109326867252 0.02897001730038145 0.4076674251257582 -0.05747518215802483 -0.02647673283022713 -0.05991503507703855 -0.009710045753565894 -0.107556889093108 -0.1485542452394114 0.09675238819976686


# name: mean_corr
# type: matrix
# rows: 7
# columns: 1
 -0.09493866605814617
 -0.08807881934356494
 -0.08614081548203958
 -0.1038046940580474
 -0.08551819420057803
 -0.05818010559593045
 -0.0404805017825293


# name: mean_error
# type: matrix
# rows: 7
# columns: 1
 1.484244073170299
 1.479711701851281
 1.479689584244781
 1.486419149778751
 1.47685958656144
 1.454238077314112
 1.444451938261185


# name: iter_improve
# type: matrix
# rows: 7
# columns: 1
 1
 8
 20
 93
 114
 131
 140


# name: optim_start
# type: scalar
193


# name: optim_steps
# type: matrix
# rows: 0
# columns: 0


# name: VPVP_params
# type: scalar struct
# ndims: 2
 1 1
# length: 8
# name: lambda
# type: scalar
300000000


# name: downsample
# type: scalar
10


# name: MaxIter_X
# type: scalar
200


# name: MaxIter
# type: scalar
50


# name: optTol_X
# type: scalar
1e-06


# name: progTol_X
# type: scalar
1e-10


# name: optTol_aW
# type: scalar
0.0001


# name: progTol_aW
# type: scalar
1e-07




