# Created by Octave 3.8.1, Sat Jan 06 20:39:16 2018 ART <gabrevaya@ws7.labo2>
# name: y_start
# type: matrix
# rows: 10
# columns: 1
 -0.7301920416600222
 2.234525241919911
 -0.5401863359682849
 -0.1404686458559362
 1.999644412542412
 -0.1314567859833954
 -0.1304316574441724
 1.010330679580581
 -0.05868368376578331
 0.6964922351030852


# name: alphas
# type: cell
# rows: 1
# columns: 3
# name: <cell-element>
# type: matrix
# rows: 10
# columns: 1
 0.5796583654365633
 0.5467930771327822
 0.9180598087267138
 0.649574857681857
 0.4661369370213908
 0.5614760171474044
 0.8122487445076444
 0.7391046156014375
 0.5044560852707372
 0.5867306691423798



# name: <cell-element>
# type: matrix
# rows: 10
# columns: 1
 0.647926835437824
 0.9676423589805384
 1.186753426079275
 0.6967826768139926
 0.8410951115153934
 0.9587968695974337
 0.7339931972758477
 0.4930070761367396
 0.7361394633862908
 0.7578796775629153



# name: <cell-element>
# type: matrix
# rows: 10
# columns: 1
 11.32468721215189
 11.49405221363566
 11.21163820084389
 11.33202542226476
 11.35421534740307
 11.37663947421058
 11.47987186010357
 11.6624187582842
 11.43730379997565
 11.3993867361314





# name: W
# type: matrix
# rows: 10
# columns: 10
 -0.02575175888826858 -0.01408468398357053 0.2947770512346705 -0.03840516496271199 0.003356319055194019 -0.01942662802879826 0.07293792853932189 -0.4467051023867742 -0.04931430382789244 0.063909527671969
 0.1512884127175244 -0.1028969147284637 -0.03677269084944156 0.004097615985783952 -0.09458127296248206 0.02415049526279387 0.199550630882892 0.0129636398732855 0.1317872503939215 -0.09251717750177574
 0.08308235931489671 0.01303857991217142 -0.290088550604976 0.0651470368705626 0.1566248572913798 0.06186489778578571 0.1880540902789168 0.05115984843048223 0.1996200354328646 -0.1449545339387766
 -0.1918920616438455 -0.03515398707197704 0.143404764574005 0.05775738065617661 0.1528049221626242 0.03258626675575311 -0.1984024130087804 0.04062598852271997 -0.08378744308942178 0.06761705586359486
 -0.008813063308656298 -0.166624673740029 0.3446919469491247 0.1116642701479292 0.07729046321046641 -0.007912098928388289 0.04027148773945703 -0.06546774681401975 0.03881778829575273 -0.1080504350273988
 0.04039978647759991 0.005639703468191321 -0.08558506482229697 0.003193431726792807 -0.00151661540045843 -0.01975079733896299 0.08880433976836839 -0.07311131552009617 0.03664897351847995 -0.06528862020344932
 -0.06719791973968033 0.01141185645669713 0.08681198813974726 -0.0002574065251843523 0.02974777055424776 0.001018383405255836 -0.1246629782593978 -0.05014443657838239 -0.05802201646746836 0.09628099548182453
 0.05390961174249228 -0.1229174330074524 0.1150201681265654 -0.03990151512715062 -0.2497809839896099 -0.01399378368806169 -0.01107152589956568 -0.1489354596097431 -0.07272132664077688 0.05100178506311408
 -0.02951293759402434 -0.02504656590206019 0.245853369082216 -0.007528888125325827 0.04927005582204828 0.05756510497436281 -0.03704341154136361 -0.1740076004201945 -0.05207727893729668 0.2205057676525175
 0.1650933575965411 -0.08330334938255438 -0.1602775725516314 0.06560255169634664 0.04569356127138206 -0.02717607961909523 0.3597364908735976 0.003575787646209702 0.2317295639752308 -0.4179216718631997


# name: iter
# type: scalar
736


# name: c
# type: matrix
# rows: 1
# columns: 10
 0.5567402271993211 0.3096300474664874 0.3289780863549703 0.5686519866005583 0.7864910734818489 0.31207497271621 0.487900050622856 0.5231948640898599 0.4249003732553568 0.290361217859818


# name: mean_corr
# type: matrix
# rows: 23
# columns: 1
 -0.1202304103821198
 -0.08312031100149284
 -0.0554037336720656
 -0.02846335601014982
 0.01008624231540251
 0.01451497305776174
 0.01689615972778925
 0.04578521286014644
 0.04627968308245851
 0.0467511378347474
 0.04747104266786908
 0.05660551250305131
 0.1268748249452008
 0.1282640457144622
 0.1830056859410077
 0.2008206970978214
 0.2053968532447998
 0.2252293269053658
 0.2340241272666436
 0.2492021804058807
 0.2626555913269649
 0.2679985537057241
 0.4588922899647286


# name: mean_error
# type: matrix
# rows: 23
# columns: 1
 1.460996961732544
 1.442346438653419
 1.429544566636928
 1.424131025075513
 1.401878540002151
 1.399521888193186
 1.395725487599873
 1.376181134824712
 1.375498697418518
 1.373441688472687
 1.358169301972244
 1.350273494645155
 1.31836395249554
 1.312201614063738
 1.298401026078067
 1.286418696539874
 1.2822193618797
 1.266683537281936
 1.258531861060724
 1.250050754071626
 1.243075300065375
 1.246039060349375
 1.217168053698534


# name: iter_improve
# type: matrix
# rows: 23
# columns: 1
 1
 2
 8
 21
 34
 43
 54
 68
 89
 99
 108
 122
 148
 191
 257
 263
 339
 361
 458
 489
 503
 536
 736


# name: optim_start
# type: scalar
736


# name: optim_steps
# type: scalar
23


# name: VPVP_params
# type: scalar struct
# ndims: 2
 1 1
# length: 8
# name: lambda
# type: scalar
300000000


# name: downsample
# type: scalar
10


# name: MaxIter_X
# type: scalar
200


# name: MaxIter
# type: scalar
50


# name: optTol_X
# type: scalar
1e-06


# name: progTol_X
# type: scalar
1e-10


# name: optTol_aW
# type: scalar
0.0001


# name: progTol_aW
# type: scalar
1e-07




