# Created by Octave 3.8.1, Sat Jan 06 20:37:50 2018 ART <gabrevaya@ws7.labo2>
# name: y_start
# type: matrix
# rows: 10
# columns: 1
 -0.730192040052197
 2.234525253113879
 -0.5401863328044947
 -0.1404686619438744
 1.999644405564834
 -0.1314567871629995
 -0.1304316555021374
 1.01033068784789
 -0.05868367822239878
 0.6964922264610132


# name: alphas
# type: cell
# rows: 1
# columns: 3
# name: <cell-element>
# type: matrix
# rows: 10
# columns: 1
 0.5909640885746459
 0.6091130941501413
 0.968030996079177
 0.6772283718985
 0.467544538464377
 0.578
 0.8661134684971651
 0.7525318353138559
 0.543829874830255
 0.55584843675367



# name: <cell-element>
# type: matrix
# rows: 10
# columns: 1
 0.7841254050010166
 1.008597493123351
 1.107551486865406
 0.9702514750484584
 0.7447491818296333
 1
 0.6802627958371605
 0.5367753693752141
 0.8456755106198917
 0.9306015844662737



# name: <cell-element>
# type: matrix
# rows: 10
# columns: 1
 11.33281011270365
 11.48099391102212
 11.20287287288314
 11.359106539916
 11.34906087084406
 11.38
 11.47580031290987
 11.66183750655339
 11.44975535596746
 11.41493600751277





# name: W
# type: matrix
# rows: 10
# columns: 10
 0 0 0 0 0 0 0 0 0 0
 0 0 0 0 0 0 0 0 0 0
 0 0 0 0 0 0 0 0 0 0
 0 0 0 0 0 0 0 0 0 0
 0 0 0 0 0 0 0 0 0 0
 0 0 0 0 0 0 0 0 0 0
 0 0 0 0 0 0 0 0 0 0
 0 0 0 0 0 0 0 0 0 0
 0 0 0 0 0 0 0 0 0 0
 0 0 0 0 0 0 0 0 0 0


# name: iter
# type: scalar
736


# name: c
# type: matrix
# rows: 1
# columns: 10
 0.2422272147537139 0.2328564865456581 0.1719049865272639 0.2483764220395547 0.5978752247425706 0.2275554272316168 0.2128427721990163 0.4575652680878771 0.1124581845941059 0.1357497719149332


# name: mean_corr
# type: matrix
# rows: 22
# columns: 1
 -0.1202304103821198
 -0.08312031100149284
 -0.0554037336720656
 -0.02846335601014982
 0.01008624231540251
 0.01451497305776174
 0.01689615972778925
 0.04578521286014644
 0.04627968308245851
 0.0467511378347474
 0.04747104266786908
 0.05660551250305131
 0.1268748249452008
 0.1282640457144622
 0.1830056859410077
 0.2008206970978214
 0.2053968532447998
 0.2252293269053658
 0.2340241272666436
 0.2492021804058807
 0.2626555913269649
 0.2679985537057241


# name: mean_error
# type: matrix
# rows: 22
# columns: 1
 1.460996961732544
 1.442346438653419
 1.429544566636928
 1.424131025075513
 1.401878540002151
 1.399521888193186
 1.395725487599873
 1.376181134824712
 1.375498697418518
 1.373441688472687
 1.358169301972244
 1.350273494645155
 1.31836395249554
 1.312201614063738
 1.298401026078067
 1.286418696539874
 1.2822193618797
 1.266683537281936
 1.258531861060724
 1.250050754071626
 1.243075300065375
 1.246039060349375


# name: iter_improve
# type: matrix
# rows: 22
# columns: 1
 1
 2
 8
 21
 34
 43
 54
 68
 89
 99
 108
 122
 148
 191
 257
 263
 339
 361
 458
 489
 503
 536


# name: optim_start
# type: scalar
736


# name: optim_steps
# type: matrix
# rows: 0
# columns: 0


# name: VPVP_params
# type: scalar struct
# ndims: 2
 1 1
# length: 8
# name: lambda
# type: scalar
300000000


# name: downsample
# type: scalar
10


# name: MaxIter_X
# type: scalar
200


# name: MaxIter
# type: scalar
50


# name: optTol_X
# type: scalar
1e-06


# name: progTol_X
# type: scalar
1e-10


# name: optTol_aW
# type: scalar
0.0001


# name: progTol_aW
# type: scalar
1e-07




