# Created by Octave 3.8.1, Wed Nov 29 00:36:12 2017 ART <gabrevaya@ws16.labo7>
# name: y_start
# type: matrix
# rows: 15
# columns: 1
 0.118778722561503
 2.170471193258482
 0.3219046816024535
 -0.4943003244439405
 -0.3349705905175319
 1.316208521407658
 -0.9223160898051345
 -0.5270258182747197
 -0.8462414665717938
 -0.4576447483111558
 0.01178495990444409
 0.5375521160104906
 0.2568989989721304
 0.5025655573581287
 -0.7745166318286132


# name: alphas
# type: cell
# rows: 1
# columns: 3
# name: <cell-element>
# type: matrix
# rows: 15
# columns: 1
 0.6341600424879243
 0.798289751751086
 0.5823774646543216
 0.4375608305155394
 0.4962728096263906
 0.4456539726952954
 0.5166838243267657
 0.6116701693399049
 0.5432908117004323
 0.682842605018734
 0.6919138145761905
 0.484923424111083
 0.4403054147164459
 0.5989962523572921
 0.5706444732106477



# name: <cell-element>
# type: matrix
# rows: 15
# columns: 1
 1.393495562673246
 0.8387212337084787
 1.054356692455094
 1.090553845525607
 0.8144566703674225
 1.284377996383587
 1.035598603932718
 0.9918407372594347
 0.9468667344523969
 0.8097819458861186
 0.8573885542480532
 1.06790209292153
 1.173854665112058
 0.636240591249162
 0.9401315978911762



# name: <cell-element>
# type: matrix
# rows: 15
# columns: 1
 11.33517995018709
 10.89328954131196
 11.38473657899484
 11.46416013493549
 11.25618030469648
 11.42065567922511
 11.38329683250225
 11.3817998439646
 11.37745838564227
 11.30942731545725
 11.23534456020702
 11.38646229247866
 11.34268276501194
 11.3576144630623
 11.37455721451834





# name: W
# type: matrix
# rows: 15
# columns: 15
 -0.1049493019417706 0.0503020943289602 0.1036982203501606 -0.0765623392980508 -0.1618658371044054 0.02841721308308936 -0.0435557011907567 -0.1899783490451581 -0.03432202892466039 -0.135256354214484 -0.1464708574303448 0.06163420608454068 -0.05209357989128677 -0.03181849633927789 0.1844172638406841
 0.1615512185603046 -0.1114842695710923 -0.08846536361072396 -0.02062383410542182 0.1259029448676626 -0.08967293388108813 0.01982082656805649 0.1629796122096237 0.03704290077099981 0.09514506344932291 0.1150592196501699 -0.0542685288703087 0.1343298442860381 0.07142980926838441 -0.1543216866348628
 -0.02322443606901126 -0.05129149243629622 0.01394695949299911 -0.1174058759932632 -0.02667818031060825 -0.0818132730977936 -0.05258570129093541 -0.02076196096929406 0.001109487576645843 0.06799307482537255 0.006906117993610411 -0.04012899264081082 0.07414506268935846 -0.04103445123178702 -0.01290383457564206
 -0.09355740160304153 0.07987523534861755 -0.009281811746702657 -0.1995308388269241 0.07302241709195817 -0.2371443081781946 -0.05448929121009408 0.06353694376560538 0.02323025217803821 0.1060000898639456 0.1257659654435957 -0.1123397985728977 0.2188529152137827 0.0009161169819592426 -0.1866991156141906
 -0.08248414371550784 0.2423165152003051 -0.04298752228359557 0.1177592470908822 0.1007889043791984 -0.006999357915349521 0.1097969864647828 0.110669019048826 0.01876934192312929 -0.1074495708669201 0.02677481052739319 0.03706039017903259 0.000675267580000199 0.07687183262454686 -0.03237112203626837
 -0.04166531565510107 -0.06174728356826324 -0.03044444510898046 -0.08470800753854066 0.05178920351687007 -0.140469112013459 -0.05510539772379673 0.02016812081707486 -0.002661911774735299 0.05572353069853433 0.09839205264993352 -0.1047632115564047 0.04491246335998129 0.03281700147729585 -0.1156601409221667
 0.1209923170784395 0.004995738517791067 -0.01396435492725216 -0.2379046662414576 0.04048265328660206 -0.1702605242487203 -0.1604756792747317 0.004425422613976567 -0.02282193992245109 0.08117369728901554 0.1468078699387393 -0.1595421969086356 0.1759867592308752 0.04125239131982774 -0.2194516784049798
 0.1624519825090674 0.09493242004294482 -0.04003287389338839 0.0966759551865234 0.07191584443870712 0.1058744555229577 0.0448758583398654 0.1147150824854187 0.01509255742266913 0.09199127507091014 0.04712151396345422 0.03644154528794313 0.03271831950817044 -0.03549845581289553 -0.08805519152839897
 0.05754712971678935 0.0319455778912781 0.001279116840889557 -0.08798983483279345 -0.02379441058740428 -0.03158718192068825 -0.05766553171969525 -0.007425026118230323 -0.04058947462370413 0.006608686621933156 0.006196448713699109 -0.01450549298636106 0.06642753613160132 -0.01766836827083028 -0.04054521657930747
 0.02404538644882668 0.05543806276616519 0.01579689023448974 0.04924009259839008 -0.03732460038810648 0.07392055528859337 0.0320505324221931 -0.02253528520713002 -0.008716647264219493 -0.08956034241767452 -0.07242055048254294 0.0722681640587199 -0.0389988785293619 -0.006836646546613801 0.09288488723623001
 0.04582511981813059 0.2388630673213412 -0.003524645956018807 0.1770042766343571 -0.017489243494272 0.08909459820259283 0.1949369646130918 0.07845390873375588 0.03378165392770336 -0.2144038798577503 -0.2405176215025562 0.2043078554522303 -0.01731776857355453 -0.01161505988805505 0.2505158083283448
 -0.06522723631809176 0.002982823882235741 -0.01303080099518321 -0.1300059957009856 0.05178730196822032 -0.1050997232263367 -0.1462217253029517 -0.03687196878717336 -0.04036281483145261 0.04130982399048756 0.1595377293685403 -0.188346987745821 0.01258654177329031 0.06757488096118512 -0.2354311686428197
 -6.461771998482718e-05 -0.06801281423698018 0.04027823313315301 0.0332785360266665 -0.09533255766802488 0.01428359704178799 0.09260945584622265 -0.008911600592441036 0.04900338031651479 0.01082430559721219 -0.1464375061007708 0.1185903001826173 0.0214617047400627 -0.107690190470391 0.2312560766021224
 -0.1365495288332485 0.004572675241973934 -0.04935399732720417 0.1922107718607359 0.07327235095368623 -0.06270222800981741 0.2221610663593708 0.09427254103813797 0.09435058326516034 -0.157406056271526 -0.05645010394752204 0.09331245512070772 -0.05388096929008158 0.1000294146143103 0.1972492066051665
 -0.1044666184963845 -0.01993558678618687 0.01408086857052993 -0.2180048694141874 0.03428309449367325 -0.1544082282372396 -0.1901092873224068 -0.06290015062711464 -0.04878977730946676 0.1251865041716035 0.1810834211144913 -0.2243394786414955 0.06589838726977205 0.01336563218722086 -0.3120226138356227


# name: iter
# type: scalar
565


# name: c
# type: matrix
# rows: 1
# columns: 15
 0.5109501207333171 0.4219795816264701 0.4503737457020296 0.448685516870546 0.5250050412084493 0.2787944612418909 0.2774923799216178 0.6705777577074935 0.2594100628131328 0.5128996251081842 0.179975575901289 0.1351573773024138 0.416121192834407 0.5704715911821714 0.1953967207781221


# name: mean_corr
# type: matrix
# rows: 19
# columns: 1
 -0.08127923304385234
 -0.07361332917896182
 -0.06748402363348174
 -0.05142066119435285
 -0.04999680472448816
 -0.03007415964001497
 -0.02020563877734577
 -0.004600544831797786
 0.01572162275114432
 0.01583280510892584
 0.03688387854721728
 0.06437422347733229
 0.07080216659352327
 0.07606614072017341
 0.09563613150214691
 0.113091128323742
 0.129065613670989
 0.1479570583507211
 0.3902193833954356


# name: mean_error
# type: matrix
# rows: 19
# columns: 1
 1.476956484545633
 1.473770849220287
 1.469057327655186
 1.468741001996131
 1.468830680535374
 1.46094398416723
 1.452417659156945
 1.438413275616996
 1.427734113602013
 1.425338155563669
 1.419826063184413
 1.406255712871665
 1.40460378818495
 1.388092288634686
 1.381479495865112
 1.374820972477967
 1.363319957280979
 1.356058733202151
 1.278542331289724


# name: iter_improve
# type: matrix
# rows: 19
# columns: 1
 1
 20
 44
 69
 104
 157
 170
 171
 172
 199
 222
 260
 264
 342
 359
 404
 410
 455
 565


# name: optim_start
# type: scalar
565


# name: optim_steps
# type: scalar
19


# name: VPVP_params
# type: scalar struct
# ndims: 2
 1 1
# length: 8
# name: lambda
# type: scalar
300000000


# name: downsample
# type: scalar
10


# name: MaxIter_X
# type: scalar
200


# name: MaxIter
# type: scalar
50


# name: optTol_X
# type: scalar
1e-06


# name: progTol_X
# type: scalar
1e-10


# name: optTol_aW
# type: scalar
0.0001


