# Created by Octave 3.8.1, Wed Nov 29 00:29:58 2017 ART <gabrevaya@ws16.labo7>
# name: y_start
# type: matrix
# rows: 15
# columns: 1
 0.1187786866307379
 2.170471212870558
 0.3219047063649401
 -0.4943003255738729
 -0.3349705623771962
 1.31620851948238
 -0.9223160974591852
 -0.5270258552282232
 -0.846241472936905
 -0.4576447578206103
 0.01178497732722015
 0.5375521111039715
 0.2568989849996171
 0.5025655886037547
 -0.774516632104101


# name: alphas
# type: cell
# rows: 1
# columns: 3
# name: <cell-element>
# type: matrix
# rows: 15
# columns: 1
 0.6955029692278077
 0.8373737418581686
 0.578
 0.5254884144716101
 0.4832293912748813
 0.5476578394545188
 0.578
 0.578
 0.578
 0.7195978668373226
 0.780269788764673
 0.578
 0.422516589744576
 0.578
 0.578



# name: <cell-element>
# type: matrix
# rows: 15
# columns: 1
 1.335886635801858
 0.8486434012516911
 1
 1.093524818432136
 0.984423598794695
 1.157072826501688
 1
 1
 1
 0.9189792453161785
 0.9416390665524971
 1
 1.207006430415963
 1
 1



# name: <cell-element>
# type: matrix
# rows: 15
# columns: 1
 11.32843776118119
 10.898188433857
 11.38
 11.46454085186492
 11.27267754760964
 11.40167970330854
 11.38
 11.38
 11.38
 11.32032682914932
 11.24282119251301
 11.38
 11.34568986815053
 11.38
 11.38





# name: W
# type: matrix
# rows: 15
# columns: 15
 0 0 0 0 0 0 0 0 0 0 0 0 0 0 0
 0 0 0 0 0 0 0 0 0 0 0 0 0 0 0
 0 0 0 0 0 0 0 0 0 0 0 0 0 0 0
 0 0 0 0 0 0 0 0 0 0 0 0 0 0 0
 0 0 0 0 0 0 0 0 0 0 0 0 0 0 0
 0 0 0 0 0 0 0 0 0 0 0 0 0 0 0
 0 0 0 0 0 0 0 0 0 0 0 0 0 0 0
 0 0 0 0 0 0 0 0 0 0 0 0 0 0 0
 0 0 0 0 0 0 0 0 0 0 0 0 0 0 0
 0 0 0 0 0 0 0 0 0 0 0 0 0 0 0
 0 0 0 0 0 0 0 0 0 0 0 0 0 0 0
 0 0 0 0 0 0 0 0 0 0 0 0 0 0 0
 0 0 0 0 0 0 0 0 0 0 0 0 0 0 0
 0 0 0 0 0 0 0 0 0 0 0 0 0 0 0
 0 0 0 0 0 0 0 0 0 0 0 0 0 0 0


# name: iter
# type: scalar
565


# name: c
# type: matrix
# rows: 1
# columns: 15
 0.2247039629337987 0.2075408605529524 0.264782397686227 0.1956270607080944 0.2654763744454919 0.02897243892520238 -0.00140700304010615 0.5887513805907514 0.1270454558377635 -0.2342030324350276 -0.03699027655243177 0.09812753196857568 0.1953757750458641 0.09583762272322577 -0.01886182207782351


# name: mean_corr
# type: matrix
# rows: 18
# columns: 1
 -0.08127923304385234
 -0.07361332917896182
 -0.06748402363348174
 -0.05142066119435285
 -0.04999680472448816
 -0.03007415964001497
 -0.02020563877734577
 -0.004600544831797786
 0.01572162275114432
 0.01583280510892584
 0.03688387854721728
 0.06437422347733229
 0.07080216659352327
 0.07606614072017341
 0.09563613150214691
 0.113091128323742
 0.129065613670989
 0.1479570583507211


# name: mean_error
# type: matrix
# rows: 18
# columns: 1
 1.476956484545633
 1.473770849220287
 1.469057327655186
 1.468741001996131
 1.468830680535374
 1.46094398416723
 1.452417659156945
 1.438413275616996
 1.427734113602013
 1.425338155563669
 1.419826063184413
 1.406255712871665
 1.40460378818495
 1.388092288634686
 1.381479495865112
 1.374820972477967
 1.363319957280979
 1.356058733202151


# name: iter_improve
# type: matrix
# rows: 18
# columns: 1
 1
 20
 44
 69
 104
 157
 170
 171
 172
 199
 222
 260
 264
 342
 359
 404
 410
 455


# name: optim_start
# type: scalar
565


# name: optim_steps
# type: matrix
# rows: 0
# columns: 0


# name: VPVP_params
# type: scalar struct
# ndims: 2
 1 1
# length: 8
# name: lambda
# type: scalar
300000000


# name: downsample
# type: scalar
10


# name: MaxIter_X
# type: scalar
200


# name: MaxIter
# type: scalar
50


# name: optTol_X
# type: scalar
1e-06


# name: progTol_X
# type: scalar
1e-10


# name: optTol_aW
# type: scalar
0.0001


# name: progTol_aW
# type: scalar
1e-07




