# Created by Octave 3.8.1, Wed Nov 29 00:24:43 2017 ART <gabrevaya@ws16.labo7>
# name: y_start
# type: matrix
# rows: 15
# columns: 1
 0.1040138178663911
 0.7253187228973957
 0.4626296466114633
 0.6217584865850647
 0.258898256599863
 -0.7047628393134835
 0.2787620858828604
 1.230465554493851
 1.092738029882857
 0.7768772195208306
 -1.173230073482352
 0.7265900891515951
 1.821917939440874
 0.8202680046761086
 -2.101614898373266


# name: alphas
# type: cell
# rows: 1
# columns: 3
# name: <cell-element>
# type: matrix
# rows: 15
# columns: 1
 0.7645383103129119
 0.7392922474256869
 0.4852616518070255
 0.5445307964945161
 0.6001398878351258
 0.5707694242442408
 0.6185318443918277
 0.5942289061267326
 0.6474370484853984
 0.6770228889726234
 0.5959322134356797
 0.6140191010244287
 0.6396478844443294
 0.4848315744488404
 0.6170400236397356



# name: <cell-element>
# type: matrix
# rows: 15
# columns: 1
 1.307195626229375
 1.060755692909041
 1.055054536665831
 1.040417540240677
 0.9417133364062842
 0.8645983720536261
 1.104323636689144
 1.137121587971658
 1.035961410131774
 1.140304561913322
 0.9758374387801112
 0.9651351489736941
 1.172441513420282
 1.043963002015726
 0.9803070079649036



# name: <cell-element>
# type: matrix
# rows: 15
# columns: 1
 11.29873272218808
 11.40611897304769
 11.27466124392813
 11.39611076341192
 11.3017493817434
 11.29079350236542
 11.30986796566757
 11.50500736108336
 11.38871194199937
 11.52869726792611
 11.38877466413572
 11.38833769753679
 11.43183936403432
 11.52457546046581
 11.67130511247246





# name: W
# type: matrix
# rows: 15
# columns: 15
 0 0 0 0 0 0 0 0 0 0 0 0 0 0 0
 0 0 0 0 0 0 0 0 0 0 0 0 0 0 0
 0 0 0 0 0 0 0 0 0 0 0 0 0 0 0
 0 0 0 0 0 0 0 0 0 0 0 0 0 0 0
 0 0 0 0 0 0 0 0 0 0 0 0 0 0 0
 0 0 0 0 0 0 0 0 0 0 0 0 0 0 0
 0 0 0 0 0 0 0 0 0 0 0 0 0 0 0
 0 0 0 0 0 0 0 0 0 0 0 0 0 0 0
 0 0 0 0 0 0 0 0 0 0 0 0 0 0 0
 0 0 0 0 0 0 0 0 0 0 0 0 0 0 0
 0 0 0 0 0 0 0 0 0 0 0 0 0 0 0
 0 0 0 0 0 0 0 0 0 0 0 0 0 0 0
 0 0 0 0 0 0 0 0 0 0 0 0 0 0 0
 0 0 0 0 0 0 0 0 0 0 0 0 0 0 0
 0 0 0 0 0 0 0 0 0 0 0 0 0 0 0


# name: iter
# type: scalar
124


# name: c
# type: matrix
# rows: 1
# columns: 15
 0.3199983342857299 -0.08638715244068235 0.06860823563084124 0.1774289014795739 0.1390278737808597 -0.1809640938736793 -0.1793011614939099 0.2774043092530524 -0.06090144616190964 -0.02043917791975362 -0.1833299165347456 0.108051203562824 -0.2347267188366537 -0.1534165195985301 -0.001745186702747162


# name: mean_corr
# type: matrix
# rows: 10
# columns: 1
 -0.1432691513779704
 -0.1370538829698494
 -0.111300360886214
 -0.06808807039735251
 -0.06678057556842897
 0.02866925939303611
 0.0406025280158893
 0.04135031150363237
 0.05448840416156975
 0.06054735523756598


# name: mean_error
# type: matrix
# rows: 10
# columns: 1
 1.501623362264435
 1.497564409891093
 1.482445828836741
 1.46847010318816
 1.467562388434023
 1.406458763265324
 1.402474585138628
 1.402409419822884
 1.395597063863629
 1.393112450319123


# name: iter_improve
# type: matrix
# rows: 10
# columns: 1
 1
 5
 9
 20
 28
 31
 49
 51
 101
 116


# name: optim_start
# type: scalar
124


# name: optim_steps
# type: matrix
# rows: 0
# columns: 0


# name: VPVP_params
# type: scalar struct
# ndims: 2
 1 1
# length: 8
# name: lambda
# type: scalar
300000000


# name: downsample
# type: scalar
10


# name: MaxIter_X
# type: scalar
200


# name: MaxIter
# type: scalar
50


# name: optTol_X
# type: scalar
1e-06


# name: progTol_X
# type: scalar
1e-10


# name: optTol_aW
# type: scalar
0.0001


# name: progTol_aW
# type: scalar
1e-07




