# Created by Octave 3.8.1, Wed Nov 29 00:05:04 2017 ART <gabrevaya@ws21.labo5>
# name: y_start
# type: matrix
# rows: 15
# columns: 1
 1.669383318323577
 -1.630643160409232
 -0.5757056282824815
 0.07771772729336585
 1.357732765243256
 -0.3534250009075553
 0.6960865958752259
 -0.2070044241181902
 -0.7268510981186406
 -1.23860156158235
 -0.5763286656300082
 0.1495372050733519
 0.2903609076660501
 -0.2934541008562318
 1.795286571552125


# name: alphas
# type: cell
# rows: 1
# columns: 3
# name: <cell-element>
# type: matrix
# rows: 15
# columns: 1
 0.5512729677361123
 0.8612064446801161
 0.4760297868709837
 0.5739023699574576
 0.4710351432630223
 0.6098503188693876
 0.4436481089528899
 0.5518121533425547
 0.6116450591406822
 0.5595730735771585
 0.4860995569897492
 0.4649657160963669
 0.6328429382239432
 0.50163827246562
 0.5342640840128251



# name: <cell-element>
# type: matrix
# rows: 15
# columns: 1
 1.33019623681863
 1.482487474312209
 0.9499462908763471
 1.107701145790692
 0.5692572465935837
 1.179858035503992
 1.271618074711382
 1.127650317490607
 0.9739931219507668
 1.134874755445087
 0.9141661077028672
 0.9937185462833515
 0.8044054065404065
 1.01727428582401
 0.9701083394317789



# name: <cell-element>
# type: matrix
# rows: 15
# columns: 1
 11.43258645028924
 11.28100240643553
 11.43896176721937
 11.3224519204269
 11.25912416888609
 11.29404550795691
 11.28159228468408
 11.33582153888452
 11.32460766152994
 11.44264244182797
 11.2683869286124
 11.37783057362942
 11.3837365518296
 11.34673706142469
 11.35222371494903





# name: W
# type: matrix
# rows: 15
# columns: 15
 -0.1413809577116662 -0.02386079626251453 0.1074129443180812 -0.09045863107082654 -0.06266294804140314 -0.004514547122198388 -0.04392221596956379 -0.2090928199819692 -0.04388967704686793 -0.07253807147344403 -0.1631650787250772 -0.001150358495019876 -0.1265287839263265 -0.101710383240906 0.2490149245624946
 0.03298906934081722 -0.05914359215074233 -0.07053662781194213 -0.02698822766100994 0.05502192799135228 -0.03437536244045188 -0.02477504707835648 0.1403918818558355 0.05640679218523852 0.1212512801293081 0.222973828958116 -0.08195143908705955 0.2379989152859071 0.08788474603382475 -0.3258699199006171
 -0.008726091355423234 0.01173391013267496 0.004929748690723954 -0.1657114270099511 -0.05855285197153259 -0.1399642330150142 -0.04870164550208435 -0.03579571117734417 0.00897947744406752 0.08908473349385232 -0.015232846787042 -0.08379465013945926 0.08078200160677627 -0.05604029022208693 0.04140393713755686
 -0.01032153147856139 0.4642447769201858 -0.03877731395985675 -0.1732317476931916 -0.05755789551928024 -0.1899236408404071 0.02699456446340318 0.1241762749893579 0.05500436412506306 0.1830233075303196 0.1151941208988944 -0.03713484543523804 0.1873823187436645 0.007193441373267281 -0.196327620431346
 -0.18040863542659 0.3246334879120092 -0.08173301731676701 0.2039616145928188 -0.007801069220500733 0.1654815476473654 0.05792806753977918 0.005695027761959596 0.01318209043890217 -0.09167320142474812 0.08808533976621365 0.002432620325111512 -0.2555578780486588 0.1534659394879895 -0.1360154795311795
 0.06957830997230507 0.1394365583981076 -0.03411984695482179 -0.1429551480234203 0.009904926450296302 -0.1712884689079915 -0.06318375273119503 0.02314850507705701 -0.04564604514650458 0.0838129800177312 0.0512607133081484 -0.05533702333770455 -0.0007274699943471324 0.0203534424864369 -0.09116435486761698
 0.07758067236067469 0.160506755652974 0.01207017540169454 -0.256257870220501 0.03933481638432035 -0.1543595325223229 -0.2016755436463022 0.0577570818618769 0.03992811367576135 0.2533951033212284 0.1831958462777863 -0.1704710178590308 0.1778009652245174 -0.04726929069894379 -0.2540113045590456
 0.2473344850721355 -0.1263164894380611 -0.04440834240007323 0.1001022579663793 -0.06025762605817671 0.01840467153346191 0.08875248291594601 0.1397422420074294 0.1357656192636863 -0.0009776179193222803 0.08165218814073769 0.06800826048467899 0.2431694918872931 0.002662888962587112 -0.1222296908795252
 0.07300934279625565 0.1487451433813888 -0.006955039778222554 -0.1123387758691399 0.00263042124013535 -0.08618081038331646 -0.03545454423734508 -0.006744420014156012 -0.1366227649837113 0.04791019105357732 0.007888464507875266 -0.01127519322791722 0.04156030639826832 -0.02919506306377881 -0.007334248076188005
 -0.01494553588613749 -0.1686899143047799 0.1213847998218954 0.09562861316314268 -0.008577618478566123 0.0529165188976792 0.1079586627071293 -0.1027745991757085 0.06646172386442166 -0.1753411082146543 -0.2361337217604587 0.143373811102643 -0.0504416248312087 -0.1169844063740043 0.3650709666604176
 0.09066843423901008 0.144967100256028 -0.08143552824063134 0.2305066468317513 -0.1957654635736586 0.08397585156171666 0.2450997448589562 0.1428291217965102 0.004331983668822958 -0.1094001099494013 -0.2507367261847961 0.2314977547143954 -0.2780090652844546 -0.02965301779137212 0.2549399626595318
 -0.0511535102574093 0.05939596864742074 -0.05260230499655495 -0.197493272536998 -0.01506732721023625 -0.08180062614940369 -0.1829992765397342 -0.06106937171804126 -0.01248529651409852 0.08121899857296265 0.1619245585343965 -0.2549312033115613 0.05930800473859985 0.08082003131563419 -0.2429917754049053
 0.09509973585248768 0.09810806710701736 0.01237689391235355 0.1569775132112754 -0.003882574260233535 0.0603876144446806 0.1572742428590584 0.1339603604778124 0.06146551029365808 -0.02865174297537035 -0.1015905731560894 0.1776105270763091 -0.02813945577700654 -0.05644345343142704 0.1006063435410502
 -0.03301002991286901 0.6233762380559638 -0.1282826405042986 0.1943867607285987 -0.1877180959016874 0.04048631019166996 0.2279147441520947 0.224424198712968 0.03251985460588647 0.01532839130666396 -0.04808633127551937 0.1346110489272816 -0.2051345054277132 -0.0767517083431724 0.08471520745735917
 -0.191191199047922 0.1782471365312374 0.05590458031699223 -0.2437611493321502 0.03881568623281244 -0.1150458879155782 -0.1674886783439198 -0.1312058621929983 0.001793472028633203 0.1184868717871652 0.1784280305610588 -0.2078623863866476 0.2246407989131941 0.0432158259851068 -0.2929390282248178


# name: iter
# type: scalar
288


# name: c
# type: matrix
# rows: 1
# columns: 15
 0.5780435055260397 0.3897693792500834 0.4769115794527305 0.5288050381176042 0.6119542172922195 0.4664559513470145 0.3839693135723896 0.7331530941914095 0.3039561777266067 0.4658323702735842 0.2348084676273691 0.1399333897096028 0.4246061526916317 0.5612271091638087 0.2845153990260588


# name: mean_corr
# type: matrix
# rows: 16
# columns: 1
 -0.05607855892699362
 -0.04702651501381574
 -0.03719267496230218
 -0.02145805072825813
 0.007768113211617119
 0.04198726800809686
 0.05426655916055419
 0.05427303565169419
 0.1010847001022826
 0.1042003307036256
 0.1053727808019914
 0.1116694796443598
 0.133307981494511
 0.152403425338704
 0.1530629350264206
 0.4389294096645435


# name: mean_error
# type: matrix
# rows: 16
# columns: 1
 1.444813240625364
 1.439413246244499
 1.437295110067211
 1.427907011011172
 1.413072777463972
 1.398672638947535
 1.38872019841326
 1.382409975895858
 1.348789696535758
 1.347216704977729
 1.34920155279924
 1.344523983123556
 1.337420650944211
 1.339672272891901
 1.340550722400428
 1.217272352498049


# name: iter_improve
# type: matrix
# rows: 16
# columns: 1
 1
 9
 13
 18
 128
 149
 171
 173
 186
 203
 208
 231
 242
 245
 277
 288


# name: optim_start
# type: scalar
288


# name: optim_steps
# type: scalar
16


# name: VPVP_params
# type: scalar struct
# ndims: 2
 1 1
# length: 8
# name: lambda
# type: scalar
300000000


# name: downsample
# type: scalar
10


# name: MaxIter_X
# type: scalar
200


# name: MaxIter
# type: scalar
50


# name: optTol_X
# type: scalar
1e-06


# name: progTol_X
# type: scalar
1e-10


# name: optTol_aW
# type: scalar
0.0001


# name: progTol_aW
# type: scalar
1e-07




