# Created by Octave 3.8.1, Wed Nov 29 00:01:20 2017 ART <gabrevaya@ws21.labo5>
# name: y_start
# type: matrix
# rows: 15
# columns: 1
 1.669383313082593
 -1.630643159544013
 -0.5757056235901601
 0.07771772252237488
 1.357732770002852
 -0.3534250031540468
 0.6960866024186346
 -0.2070044325591927
 -0.7268511040261879
 -1.238601550832007
 -0.5763286593335786
 0.1495372002499434
 0.2903609060046456
 -0.2934540984439887
 1.795286569116963


# name: alphas
# type: cell
# rows: 1
# columns: 3
# name: <cell-element>
# type: matrix
# rows: 15
# columns: 1
 0.6235513155737521
 0.8880496103365759
 0.4837128740629861
 0.6338194750505606
 0.4911877823127847
 0.7179918673626438
 0.5234596502364341
 0.5305493759504394
 0.702471571777707
 0.6550010255416513
 0.5620520486184917
 0.5934458907751864
 0.648288448876742
 0.5755175506516748
 0.4396762812110373



# name: <cell-element>
# type: matrix
# rows: 15
# columns: 1
 1.277613887923791
 1.479828947506021
 0.945827546256228
 1.189121676645428
 0.9233018352823932
 1.170952953982525
 1.113374995371444
 1.096179764954392
 0.9955764930620343
 1.27681124435299
 0.9538555600864572
 1.006797378785359
 0.8433370926811778
 0.9754015830092191
 0.9457050688409626



# name: <cell-element>
# type: matrix
# rows: 15
# columns: 1
 11.43105729768299
 11.28671956276207
 11.43944016659815
 11.33272888335393
 11.28559120794566
 11.29331402154796
 11.26377918399248
 11.3360746276484
 11.32462434152344
 11.46012981071553
 11.27521953468359
 11.38010366845156
 11.38969595100085
 11.34804321121022
 11.35567168952225





# name: W
# type: matrix
# rows: 15
# columns: 15
 0 0 0 0 0 0 0 0 0 0 0 0 0 0 0
 0 0 0 0 0 0 0 0 0 0 0 0 0 0 0
 0 0 0 0 0 0 0 0 0 0 0 0 0 0 0
 0 0 0 0 0 0 0 0 0 0 0 0 0 0 0
 0 0 0 0 0 0 0 0 0 0 0 0 0 0 0
 0 0 0 0 0 0 0 0 0 0 0 0 0 0 0
 0 0 0 0 0 0 0 0 0 0 0 0 0 0 0
 0 0 0 0 0 0 0 0 0 0 0 0 0 0 0
 0 0 0 0 0 0 0 0 0 0 0 0 0 0 0
 0 0 0 0 0 0 0 0 0 0 0 0 0 0 0
 0 0 0 0 0 0 0 0 0 0 0 0 0 0 0
 0 0 0 0 0 0 0 0 0 0 0 0 0 0 0
 0 0 0 0 0 0 0 0 0 0 0 0 0 0 0
 0 0 0 0 0 0 0 0 0 0 0 0 0 0 0
 0 0 0 0 0 0 0 0 0 0 0 0 0 0 0


# name: iter
# type: scalar
288


# name: c
# type: matrix
# rows: 1
# columns: 15
 0.3638052660557601 0.2219494788584339 0.1331974279028255 0.1960827568741913 0.1084775714851706 0.2783813851550008 -0.3427725442478959 0.2504071928481778 0.1569121190969423 0.01756749956384134 -0.01588848695548868 0.0996942604536163 0.1378371085671165 0.2138892609203674 0.1538899318066878


# name: mean_corr
# type: matrix
# rows: 15
# columns: 1
 -0.05607855892699362
 -0.04702651501381574
 -0.03719267496230218
 -0.02145805072825813
 0.007768113211617119
 0.04198726800809686
 0.05426655916055419
 0.05427303565169419
 0.1010847001022826
 0.1042003307036256
 0.1053727808019914
 0.1116694796443598
 0.133307981494511
 0.152403425338704
 0.1530629350264206


# name: mean_error
# type: matrix
# rows: 15
# columns: 1
 1.444813240625364
 1.439413246244499
 1.437295110067211
 1.427907011011172
 1.413072777463972
 1.398672638947535
 1.38872019841326
 1.382409975895858
 1.348789696535758
 1.347216704977729
 1.34920155279924
 1.344523983123556
 1.337420650944211
 1.339672272891901
 1.340550722400428


# name: iter_improve
# type: matrix
# rows: 15
# columns: 1
 1
 9
 13
 18
 128
 149
 171
 173
 186
 203
 208
 231
 242
 245
 277


# name: optim_start
# type: scalar
288


# name: optim_steps
# type: matrix
# rows: 0
# columns: 0


# name: VPVP_params
# type: scalar struct
# ndims: 2
 1 1
# length: 8
# name: lambda
# type: scalar
300000000


# name: downsample
# type: scalar
10


# name: MaxIter_X
# type: scalar
200


# name: MaxIter
# type: scalar
50


# name: optTol_X
# type: scalar
1e-06


# name: progTol_X
# type: scalar
1e-10


# name: optTol_aW
# type: scalar
0.0001


# name: progTol_aW
# type: scalar
1e-07




