# Created by Octave 3.8.1, Sat Jan 06 20:48:34 2018 ART <gabrevaya@ws1.labo2>
# name: y_start
# type: matrix
# rows: 10
# columns: 1
 1.724548895968681
 0.6139386754472094
 -0.09345351955154466
 -1.224665506226659
 -0.8089141127610197
 -1.131190863508018
 -0.5700220628723686
 -1.478769456263063
 -0.9429497491262818
 -1.29775471293226


# name: alphas
# type: cell
# rows: 1
# columns: 3
# name: <cell-element>
# type: matrix
# rows: 10
# columns: 1
 0.5582648880783265
 0.578
 0.6245800887890411
 0.6886641280053254
 0.578
 0.578
 0.5639179905638174
 0.9694009629623187
 0.5022907524410725
 0.5622988335893241



# name: <cell-element>
# type: matrix
# rows: 10
# columns: 1
 1.186851480553277
 1
 1.126193992397615
 0.9234859319930594
 1
 1
 0.6874501170523164
 0.9432413828972495
 0.9137053387357403
 0.982325356390136



# name: <cell-element>
# type: matrix
# rows: 10
# columns: 1
 11.33981423650546
 11.38
 11.25906575238798
 11.25294485248228
 11.38
 11.38
 11.41734412752754
 11.41874445253407
 10.92123697599672
 11.15575824142196





# name: W
# type: matrix
# rows: 10
# columns: 10
 0 0 0 0 0 0 0 0 0 0
 0 0 0 0 0 0 0 0 0 0
 0 0 0 0 0 0 0 0 0 0
 0 0 0 0 0 0 0 0 0 0
 0 0 0 0 0 0 0 0 0 0
 0 0 0 0 0 0 0 0 0 0
 0 0 0 0 0 0 0 0 0 0
 0 0 0 0 0 0 0 0 0 0
 0 0 0 0 0 0 0 0 0 0
 0 0 0 0 0 0 0 0 0 0


# name: iter
# type: scalar
762


# name: c
# type: matrix
# rows: 1
# columns: 10
 0.2200341156070456 0.2924513232684088 0.188358170451558 0.2851522325304035 0.5377997129320817 0.09929191270917519 0.2203732672225726 0.01880916211621817 0.1585877119757315 0.05310496459246714


# name: mean_corr
# type: matrix
# rows: 18
# columns: 1
 0.004805777893538276
 0.008634676108541078
 0.02853222528119356
 0.0803946224914706
 0.1320164565251107
 0.1617366999634748
 0.1900059639555025
 0.1901320732728418
 0.1943355956992877
 0.2034037573714553
 0.2052099911814722
 0.2057897646074554
 0.2058756985047897
 0.2066993516907924
 0.2069153725321682
 0.2076658818276056
 0.2081128956287848
 0.2081235205251491


# name: mean_error
# type: matrix
# rows: 18
# columns: 1
 1.412845553263208
 1.412159418093525
 1.398339829223145
 1.367138434536957
 1.341493256870477
 1.318912234741708
 1.308236577132362
 1.307757560940304
 1.290007669002142
 1.281201449632119
 1.276418165804859
 1.278325930206433
 1.278740581105679
 1.277303222740537
 1.275990516369813
 1.275335741339116
 1.275489473282489
 1.275518578328699


# name: iter_improve
# type: matrix
# rows: 18
# columns: 1
 1
 7
 13
 22
 24
 63
 78
 85
 106
 133
 135
 201
 306
 443
 475
 498
 511
 612


# name: optim_start
# type: scalar
762


# name: optim_steps
# type: matrix
# rows: 0
# columns: 0


# name: VPVP_params
# type: scalar struct
# ndims: 2
 1 1
# length: 8
# name: lambda
# type: scalar
300000000


# name: downsample
# type: scalar
10


# name: MaxIter_X
# type: scalar
200


# name: MaxIter
# type: scalar
50


# name: optTol_X
# type: scalar
1e-06


# name: progTol_X
# type: scalar
1e-10


# name: optTol_aW
# type: scalar
0.0001


# name: progTol_aW
# type: scalar
1e-07




