# Created by Octave 3.8.1, Mon Jan 08 04:18:58 2018 ART <gabrevaya@ws1.labo2>
# name: y_start
# type: matrix
# rows: 10
# columns: 1
 1.918635351618382
 -1.041633082173597
 -0.6657067866558418
 -1.650186926564321
 -0.6055641358718502
 -6.381722765302808
 -0.1377929227014184
 -2.020556408301501
 1.452121653169018
 0.7397782048643068


# name: alphas
# type: cell
# rows: 1
# columns: 3
# name: <cell-element>
# type: matrix
# rows: 10
# columns: 1
 1.680948970442628
 -0.1791101541965437
 1.971742844005146
 2.846871738301488
 0.22964521506606
 0.7267800310473549
 0.8310028317360751
 -0.3470271005146737
 2.225986519290133
 -0.4587566438688322



# name: <cell-element>
# type: matrix
# rows: 10
# columns: 1
 1.518095816917381
 0.9391909721878917
 1.206778573685397
 0.3640072076170118
 1.191482388176149
 0.4459029041916309
 0.8718008589347659
 0.4984325447033494
 0.5135449755959708
 0.3118932509289178



# name: <cell-element>
# type: matrix
# rows: 10
# columns: 1
 11.21519786475581
 10.73391078496702
 10.62235954740841
 11.55967516255268
 10.59808431743691
 9.827808446474894
 10.92989200027569
 11.90188634587445
 10.75634193471234
 11.11066432990467





# name: W
# type: matrix
# rows: 10
# columns: 10
 -0.004893986235841009 0.1272842718372195 -0.4146390548152761 -0.3181655089167483 -0.52512764873421 0.01509907597779273 -0.602685391601174 -0.4089182132214255 -0.3801196545834104 0.8465983271009879
 -0.2240769577933769 0.1444189228919001 -0.5128588448731817 0.5378884937128731 -0.1360098780573474 0.5004630629109593 0.03648059410701754 -0.2375006783043991 0.3578435024743463 0.3386789187652946
 -0.7807985214812547 0.2648235661264119 -0.8612106173209377 -0.2099464600586872 0.7244673191613877 0.1316019945276882 -0.1119155182600569 0.3234978919890807 0.805688179300503 -0.3760782432452873
 -0.7172162818084766 -0.7844938624654545 0.2133402463967843 -0.001009214778093906 0.3211376368236639 -0.2110717678014263 -0.6439432705822239 -0.5424684728319944 -0.9658426458575206 -0.6211232833158705
 0.3083229833427527 -0.3377286039441854 0.2414519184494271 0.02376243278668276 0.257046155146424 -0.1718964806087669 0.8040079843640431 -0.6761859112436923 0.2075055605498 -0.3263765824163402
 0.09925855383991609 -0.03661648269428042 0.4236286775152213 -0.4522707238156082 0.6134995413544221 -0.2509866678284707 -0.2000459550964955 -0.02623295948935652 -0.1166365629956178 -0.05118298872700303
 0.3215599471444427 0.1505495017695801 0.6151615205512703 -0.1001743585334716 -0.1881736899339873 0.6304084099788256 0.08561170457682378 0.1564497565566794 -0.4164525779138514 0.5164733032358195
 -0.2272121076929773 -0.1335762053063714 0.1325868801476322 0.2691639748433503 0.08564107745199943 0.4056871535764892 -0.09053235335291661 0.03154752805246411 -0.238565501604022 0.2901312484300868
 0.3750730010458064 -0.1399507979360567 0.6836689356862364 0.6808085731986759 0.8956573640063821 0.7424307283907883 -0.02992088219416732 0.0008540086740859801 -0.4039663412333713 0.4252559491719569
 -0.2222201899008877 0.1419467910952356 -0.7050609122249467 -0.2249473068460803 0.1641091856152367 -0.3867374727200535 0.8593225906890688 0.4084160789773204 0.267352898708108 -0.696677768123826


# name: iter
# type: scalar
100000


# name: c
# type: matrix
# rows: 1
# columns: 10
 0.6591216167480064 0.635462764915713 0.563742089645104 0.8341027065736826 0.7617286182101486 0.6957640598168797 0.5279515130123225 0.6037742099031979 0.6309293651983864 0.7438385316930597


# name: mean_corr
# type: matrix
# rows: 856
# columns: 1
 0.004805777893538276
 0.008634676108541078
 0.02853222528119356
 0.0803946224914706
 0.1320164565251107
 0.1617366999634748
 0.1900059639555025
 0.1901320732728418
 0.1943355956992877
 0.2034037573714553
 0.2052099911814722
 0.2057897646074554
 0.2058756985047897
 0.2066993516907924
 0.2069153725321682
 0.2076658818276056
 0.2081128956287848
 0.2081235205251491
 0.3991390989098616
 0.385925440767247
 0.386404710379383
 0.386944225899002
 0.3859920996521387
 0.3865743123895925
 0.3903933465586147
 0.3755132156030895
 0.3748327417699621
 0.3732294947544051
 0.3737155973329221
 0.3686079717991167
 0.3664280487702346
 0.3661516090646819
 0.3547896143603562
 0.3543692817058117
 0.3547525648642463
 0.3482761872595678
 0.3505918670932745
 0.3543143952288218
 0.3528380533213298
 0.3536224525228418
 0.3532522264936578
 0.3539940522459673
 0.3557538933679336
 0.3548670303297102
 0.3542133094507312
 0.4993705155908284
 0.4990377229356865
 0.4991694402833698
 0.499598997284045
 0.502030833429978
 0.4995209472196233
 0.4891616998841601
 0.4546567996202372
 0.4543949378774373
 0.4364312893526063
 0.4201879697524618
 0.41980218014083
 0.435393191504943
 0.4350973063975885
 0.4336976419349289
 0.4218997443601258
 0.4361741265801425
 0.4163115496505979
 0.418993881145663
 0.4190708315215246
 0.4189823056519432
 0.4244876996064786
 0.4239507401613077
 0.42644791125147
 0.4297228191334421
 0.4217590002543322
 0.4184064036001797
 0.4202037977694929
 0.3922951847163645
 0.3822825073862459
 0.3984716678960428
 0.3990154174431337
 0.4034249776045356
 0.4017619475307042
 0.3980416307773341
 0.3889144509823043
 0.386846529383175
 0.393051757381759
 0.3965040961563052
 0.396997278220007
 0.3939648946653077
 0.3961214165160573
 0.4013199466041864
 0.403145843644458
 0.4036940273050528
 0.4026646120727137
 0.5134754117646164
 0.5137066730121203
 0.5132963767305718
 0.5128966776359648
 0.5128771917942888
 0.4948408198283794
 0.4925318835277996
 0.4737401577534249
 0.4557895068086945
 0.4561757951109282
 0.4550926743840061
 0.4456377502664274
 0.4450213830797064
 0.4615409680535826
 0.4673091389865818
 0.4647628587478502
 0.4628829275294785
 0.4643580389186277
 0.4522230665766284
 0.4471599858437554
 0.4443359646821817
 0.4432649265248624
 0.4426825771164798
 0.4416257603742836
 0.437671269850911
 0.4368015662387719
 0.438530506012341
 0.437736132053774
 0.4388623857342805
 0.4371710020783584
 0.4339609675907967
 0.4316194114214948
 0.4290871032714286
 0.428373307589714
 0.4279414096982929
 0.4291170495733443
 0.4281853558616587
 0.427518251392412
 0.4289854208596755
 0.4274517559032577
 0.4291696363635607
 0.4291143479704681
 0.4292066452096105
 0.4312503334434156
 0.4350215549837965
 0.4346529044306674
 0.4356187630955861
 0.4388888126102244
 0.438394043946203
 0.4385121061473917
 0.435162828271999
 0.4355400839552009
 0.4342542354656954
 0.4339577991777831
 0.4320878911183008
 0.429869831681759
 0.4300535201337393
 0.4213967753583204
 0.4184905519315202
 0.41887740758696
 0.416583085734477
 0.4179765331458256
 0.414353532809726
 0.4120324392692189
 0.5135306183257112
 0.5062024312515867
 0.4997270786728721
 0.5037697244621081
 0.5105283749046012
 0.503034493079612
 0.4997323254149491
 0.4965270687744694
 0.4966841978471397
 0.4958998555214428
 0.4936257222113765
 0.4903780141161378
 0.4894516040489149
 0.4790892356783945
 0.4782766587742596
 0.4776468927982001
 0.4762326788321569
 0.4799001289072805
 0.4660950021528306
 0.4785109860631187
 0.4779431218707967
 0.4767873257555835
 0.4770589857961338
 0.4711507806292127
 0.4644553516513564
 0.4686408565246724
 0.4732012671111806
 0.4726895004716239
 0.4687284263345538
 0.4746605898353368
 0.4705034868055066
 0.4660473638187613
 0.4652649644291381
 0.4631172795150476
 0.4619688836095108
 0.4591933506537275
 0.4689964009573817
 0.4646400084791771
 0.4616937705952101
 0.4621826556608439
 0.4618704012102234
 0.4631530074818267
 0.4611694682491027
 0.5149178365879402
 0.4937203178277558
 0.4900279018823923
 0.4887974087151858
 0.4897342145794182
 0.4740817872785578
 0.4680771824769045
 0.4696775728732303
 0.4730550361411082
 0.4849267862940668
 0.4732692737024747
 0.4791315147915493
 0.4741005214574433
 0.4814464590137374
 0.4767391894663465
 0.4728402841735003
 0.467429834570715
 0.4613449744173445
 0.4666148752103375
 0.4643102047546107
 0.466535172216095
 0.4650754515485667
 0.4590162986990805
 0.4595995695008856
 0.4598578982286691
 0.463220817387567
 0.4616381987941973
