# Created by Octave 3.8.1, Wed Nov 29 23:46:46 2017 ART <gabrevaya@ws21.labo5>
# name: y_start
# type: matrix
# rows: 15
# columns: 1
 -1.132271445723284e-05
 2.622392029414779e-05
 -4.740525886790364e-06
 1.228085871399713e-05
 -7.176194362546538e-06
 -1.244675437342062e-06
 1.312965631719505e-05
 1.503111678361869e-05
 1.295577538685068e-06
 -2.522397532055465e-05
 1.115853264527414e-05
 -1.272794687011253e-06
 6.455042428565748e-06
 1.479915983155793e-05
 -4.468381244019377e-06


# name: alphas
# type: cell
# rows: 1
# columns: 3
# name: <cell-element>
# type: matrix
# rows: 15
# columns: 1
 2.057104671064873
 0.4552919618264767
 1.017589755538297
 -0.1325708069455818
 0.6620831701649381
 1.087732237700573
 0.08127670288178404
 0.05361164493255099
 0.1091821285968793
 2.123400734328428
 0.3980610829694081
 0.8870610411875678
 0.9594875736358515
 1.609400614354523
 -0.4935521784970974



# name: <cell-element>
# type: matrix
# rows: 15
# columns: 1
 1.534748014263237
 1.423450209861607
 1.16729700303689
 1.220804947413658
 0.8282720864869692
 1.173198360218433
 1.245502134530197
 1.201110107596424
 0.594106233189435
 0.7896034724682101
 0.6584829986912734
 0.2358209224370509
 0.5695921229759487
 0.563385789583614
 0.2913441444147069



# name: <cell-element>
# type: matrix
# rows: 15
# columns: 1
 11.13830524388052
 11.54355336377063
 10.13764307391746
 10.51148031208245
 9.752196758530573
 11.68395776608206
 11.43896934916979
 11.38785162235859
 12.01696832677959
 12.78858536101824
 8.041916799165678
 11.27842244051778
 11.08872453632936
 10.40892814490242
 10.92732770015333





# name: W
# type: matrix
# rows: 15
# columns: 15
 -0.1953048522425336 0.02828525882658827 0.1508820893883595 -0.1586738096738175 -0.1658568601925873 0.0205158665930125 0.00645163361535262 -0.4468336344969219 -0.1202361064560528 -0.3065502041267047 -0.4834201543355162 0.07642825266598223 -0.3931632152513324 -0.2203039180978801 0.486670440949755
 -0.06618129843239347 0.08439864782718769 -0.08407218485101738 -0.01123343059614744 0.06748498010679806 -0.200743748102315 0.07498693252377392 0.5923598385070736 0.1817534993615013 0.3606788842083929 0.556604494091279 -0.1018391810440002 0.6432196689025026 0.03108088056407115 -0.5385655943019729
 -0.03705995740243162 -0.07003073631852649 -0.1045154011942212 -0.1021919607780864 0.02077669870206474 -0.1638185933388309 -0.07086143279600732 -0.07605776330879019 0.07118223525054798 0.03618730292079427 -0.1802513949390062 -0.08464012487172526 0.1354302424204933 -0.1373825836722215 0.1420583147390774
 -0.05135992418756127 0.6408247776936935 0.002238480698282549 -0.03323388492269682 -0.1329228521980525 -0.2254955299713594 0.2243902604488669 0.3743651761418721 0.1931506682540625 -0.02493626284425806 0.2220346948126063 0.0428885802781609 0.2917553565249962 -0.01498394384512291 -0.1132830673307883
 -0.2673418242110813 0.7154740427814231 -0.07464469409169097 0.7209014216812225 -0.206707618907946 0.3347712312443874 0.473432383617999 0.2779666888780744 0.3037919337038676 -0.2676536021102309 -0.0458379277271355 0.10723212491403 -0.2825411608878776 0.297836670349288 0.07166457559122229
 0.09554378992071388 0.2769085276113613 -0.07913639968791794 -0.2875627647226535 0.0352277817774951 -0.3241620379388339 -0.06805706648940302 0.09599346036884203 -0.1324615600596537 -0.05625095087762246 -0.06089993175013651 -0.05474769045058956 -0.1429037406803627 0.009266774405591344 -0.06670166916170094
 -0.02257542438141366 0.2938965084501478 0.08667930232774994 -0.4277014410697879 -0.07484383680412707 -0.2439707565500298 -0.2247419465382915 0.03064771435595708 -0.003932372727172463 0.4157114451135125 0.3489079124022151 -0.2288329116258739 0.2149008260241169 -0.06432101345294584 -0.4178951637625731
 0.0667551830028497 -0.09081283098500287 -0.08167834208922713 0.1403074485783642 0.00361640167685847 0.06000633087233417 0.08118423786758762 0.1305173174829701 0.258201978699919 0.5586892875280817 -0.1237825250275251 0.02195082636082814 0.6684253229041897 -0.1619171964576919 -0.2052646118765614
 0.1487236293680098 0.3964614355192574 -0.08394140757669719 0.05346315722545609 0.1144949110188043 0.02462577398911418 0.1787663881225731 0.1268084441329544 -0.1571235306171883 -0.1120861576707614 -0.2219771365459538 0.2221382893724272 -0.04137407881617242 -0.02486969757823204 0.3560446190264771
 0.2118692494002687 -0.420530576985785 0.03765355006521606 0.1699988886061635 0.1475587947226185 0.07665885847884961 0.001800522950210427 0.01090508080022665 0.04378032046168398 -0.3933893372256087 -0.14045276485466 0.1882166830497368 -0.1587804800442818 0.007214646747983023 0.3534638796508676
 -0.1254265675811764 0.4486083356070517 -0.08192437619795931 0.3182985491783998 -0.3376876343154349 0.2365594480632388 0.3340659711170807 -0.05800118955543201 -0.06522493951023176 -0.0263852354417058 -0.3400051001942943 0.141482397852294 -0.4911546406884873 0.1078775925576378 0.002477850207282799
 -0.097719288112137 0.1513884443482261 -0.1101327365662779 -0.2122708145150104 0.008714844935468946 -0.06786414190047695 -0.1470142792606834 -0.03047653281291114 -0.04396632964129403 0.1443124097773618 0.06044424309532456 -0.2647547167394298 0.05609552479431378 0.02431147063203151 -0.1209304851219282
 0.3461659002684007 0.1091235919254296 -0.03900580879261958 0.5196555467560816 0.01350125276678366 0.2209249966181614 0.3284528731801117 0.3295364515076478 0.258968713951074 -0.1674741641900971 -0.2721384209226539 0.1616183759138097 -0.1249266980477878 0.04690309020414298 0.06694066643838811
 -0.3476617286451865 1.182148262912917 -0.05573961290467502 0.5427259617940525 -0.2381033970328745 0.1924636813853077 0.5283144569334143 0.1499367036046945 -0.002659874384118619 -0.2668232486755582 0.4295233838971679 0.157541551870633 -0.6613194498622871 0.2677162376994413 -0.03527461097232689
 -0.09900552430367504 0.2443634438434426 0.1637138957097586 -0.4672457434241426 -0.1253725056200324 -0.3323591819217217 -0.1718925227526121 -0.0787490518601598 0.06716087539687612 0.3914044295299826 0.3910793881937783 -0.2865501722208008 0.4802041549969716 -0.0855647984325579 -0.5620020324640024


# name: iter
# type: scalar
300000


# name: c
# type: matrix
# rows: 1
# columns: 15
 NaN NaN NaN NaN NaN NaN NaN NaN NaN NaN NaN NaN NaN NaN NaN


