# Created by Octave 3.8.1, Tue Nov 28 20:11:24 2017 ART <gabrevaya@ws6.labo1>
# name: y_start
# type: matrix
# rows: 15
# columns: 1
 0.793037270616519
 -2.505419997940947
 -0.9956531267773499
 -0.2293884149719061
 -2.434782987976527
 0.7956723355645444
 -1.368095278061492
 -1.298223949241685
 1.300884502128561
 -0.9357358215411082
 2.485162573125249
 0.3876383013285692
 1.111569794677455
 1.105470192536074
 -0.1050877439820001


# name: alphas
# type: cell
# rows: 1
# columns: 3
# name: <cell-element>
# type: matrix
# rows: 15
# columns: 1
 0.5370044094157918
 0.6453022773839739
 0.5978667105723927
 0.5389233848079108
 0.7087427676594508
 0.5839811055554203
 0.2490694295285158
 0.5127392637492271
 0.4628465393163765
 0.5415276641289337
 0.462346955328154
 0.3760311738177424
 0.6127105874672145
 0.5972292760412381
 0.7872306960322536



# name: <cell-element>
# type: matrix
# rows: 15
# columns: 1
 1.397872579562854
 1.447661975157998
 0.8350279286919833
 0.3625835453013196
 1.292046765421839
 0.9465323413030252
 0.7123007258612019
 1.372635918606435
 1.01665497635039
 0.4492595676216386
 0.7498852504041696
 1.023062995206904
 0.7552330066544339
 0.8820519902209077
 1.350694857100475



# name: <cell-element>
# type: matrix
# rows: 15
# columns: 1
 11.23960741098769
 11.63227455449129
 11.17633465773958
 11.37698670068629
 11.54683571301174
 11.43289764811959
 11.13994575921433
 11.44389503964401
 11.43468968900079
 11.31366847158438
 11.33557363451411
 11.3351752123376
 11.32684391276094
 11.17822292223036
 11.26822771895806





# name: W
# type: matrix
# rows: 15
# columns: 15
 -0.1520118596431273 0.09935621596069386 0.0771985094670001 0.1440930680087722 0.03609583789011298 0.1204410184138399 -0.0007137115032133591 0.04076520817724794 0.04659408327631617 -0.1228327405688943 -0.1522589583509571 0.08033582059783101 -0.1142413114916137 -0.1111699997477261 0.08219834395685671
 0.06464727141830909 -0.1519259205197681 -0.1331614004519202 -0.1387458448787904 -0.06593450203386414 -0.1684255877178986 0.01247570296879652 -0.0733453952394915 0.000290204256232587 0.1262329866216602 0.2240376800763636 -0.08808857209328314 0.1457482035547058 0.1339574612492075 -0.1571867525969846
 0.04140868828143209 -0.08599499548799139 -0.04447656084605248 0.0676148250723656 -0.035964495821668 -0.05224075938787726 0.01071945276442164 -0.02726281402267356 0.1196923942494899 -0.06295850491765315 0.07598366352654777 -0.05100942946986721 0.09353447045173648 -0.006118069252715618 -0.09793987684902279
 -0.02685212801596171 0.01954803397039348 -0.1158743074465711 -0.2574156409247317 -0.03482301467775917 -0.06508399687423159 0.01788505714205546 -0.00838686765029284 0.01066159210729171 0.03869577275957557 0.130805248815928 -0.1350814749505396 -0.04913909601252835 0.1636674487114131 -0.1193416101387018
 0.111968696482903 -0.08255194326028353 -0.08502541355523328 -0.04850913136421697 -0.2911094979428855 -0.1446523432708208 0.1918555274464871 -0.09233747306063014 0.006375624431227021 0.08719054450565929 -0.0317320902415751 0.3001317274896275 0.05199819237879969 -0.01951634548831839 -0.07199598828539649
 -0.06079013269882768 0.05459020991057834 -0.03489420980687485 -0.09247018903028857 0.06975688958356467 -0.1643306926021569 -0.1416135239078972 0.03699443039043094 -0.004845585908734266 0.06227733149519932 0.1587311803312585 -0.1644087086795158 0.0984915593814938 0.1055575656795442 -0.1161324414876174
 0.02825060307422503 0.07225433758161862 -0.04888061011538918 -0.04038056284254097 0.1568021233480663 -0.09058374439760175 -0.1997361237214309 0.1709470624018318 -0.09986798246035088 0.0003464661712249212 0.1497708997627169 -0.1250961018956062 0.1383651090794586 0.1142603367531924 -0.2110406227647796
 0.01940755981485079 -0.1395731764012798 -0.1382418030371602 -0.244810012437046 -0.09118276693471064 -0.27692514189534 -0.02534164132213607 -0.1131817383995491 0.06133258480826585 0.2026988862398922 0.2122422534103884 -0.02126155966109006 0.2610646494003226 0.0767600468153644 -0.3045948013274123
 -0.0529189669713501 0.2014860651429339 0.09989046340712385 -0.02194006569513355 0.108582689488199 -0.1404164322760787 -0.1816356026720012 0.0703895187910742 -0.1760868870081644 0.02288537780287725 -0.07534684977298289 0.1307488565318063 0.1495802713938859 -0.06586139258061885 0.04942841512868122
 -0.04836736070924559 0.1238532168425165 0.0474369093690178 0.2780020933266223 0.109885232033843 0.09371273002520519 -0.01491914283179161 0.09229343219200484 -0.08315693757641857 -0.2604309810694064 -0.09622073510004447 0.1017986380915161 0.008143808614857912 -0.0530384917816149 0.1090627407721242
 -0.08015910545802668 0.1657807512671604 0.001032397644500246 -0.1856180679389858 0.003150403524237692 0.1165097319526567 0.2524593439793132 0.06609982172742784 -0.07270493113937669 0.2066869242815386 -0.3824169809420708 0.2287029744903719 -0.2882253266753306 -0.08069353563637029 0.03822596655642713
 0.01381546617492063 -0.0007995767018658731 -0.07424096359510692 -0.03866191589783852 0.06492686099184687 0.03987226410098672 -0.02055417677654918 0.04801384931956619 0.04503550314197162 -0.002806620296558407 0.1993196925192553 -0.2832214231533605 0.02415461474049878 0.1248241639653068 -0.0111939196146831
 0.01863533421742968 0.08977176547216215 0.02285514732747993 0.07790861494937909 -0.009205153827070666 0.02239665252965284 0.0807259566146737 0.03198538958215381 -0.05468055400843291 -0.02297975390585723 -0.09994493139135298 0.1600481741398723 -0.07990233240695276 -0.07120491529432262 0.1060398408935782
 -0.1440708450954805 0.3249369435635093 -0.09816787797619099 -0.1721366073492539 0.09251146122058689 0.03376194654544546 0.2739280259473961 0.1689359818968366 -0.05222790201914826 0.208015117675487 -0.2003718482526643 0.1109730196171701 -0.2085104282139283 -0.06930040349746118 -0.04332592981853971
 -0.01491676229997044 0.007602917690198668 0.07466160452012535 -0.07848585173898839 0.1533188375759741 -0.009610065818678503 -0.179424442514233 0.1239114210584508 -0.0987074852086109 0.0371113393996126 -0.05152242402407175 -0.06820768916054312 0.07714066508699094 -0.08683707039646638 -0.206912176055021


# name: iter
# type: scalar
280


# name: c
# type: matrix
# rows: 1
# columns: 15
 0.4189793092521514 0.3478511594126156 0.3896333874148203 0.274878038102896 0.1444139275531351 0.3322299050174031 0.1072916027785894 0.5339936818064032 0.3776162286932144 0.07327546030717363 0.09867637386251352 0.1180245915581735 0.3450985811192935 0.5302040640359592 0.2209341502878841


# name: mean_corr
# type: matrix
# rows: 10
# columns: 1
 -0.06794462953401585
 -0.02360266407995214
 -0.01789496078895346
 -0.06855647400827802
 -0.06624386707796956
 -0.0358846019665594
 -0.03281155747809036
 -0.03033056341146368
 -0.02261051681001009
 0.2875400307468151


# name: mean_error
# type: matrix
# rows: 10
# columns: 1
 1.445322053373162
 1.416303183688935
 1.41283538917076
 1.445875400938652
 1.441370059331625
 1.429843670078628
 1.427169633617659
 1.427683101297215
 1.415425665792103
 1.316280001863702


# name: iter_improve
# type: matrix
# rows: 10
# columns: 1
 1
 31
 77
 93
 100
 148
 202
 220
 237
 280


# name: optim_start
# type: scalar
280


# name: optim_steps
# type: scalar
10


# name: VPVP_params
# type: scalar struct
# ndims: 2
 1 1
# length: 8
# name: lambda
# type: scalar
300000000


# name: downsample
# type: scalar
10


# name: MaxIter_X
# type: scalar
200


# name: MaxIter
# type: scalar
50


# name: optTol_X
# type: scalar
1e-06


# name: progTol_X
# type: scalar
1e-10


# name: optTol_aW
# type: scalar
0.0001


# name: progTol_aW
# type: scalar
1e-07




