# Created by Octave 3.8.1, Tue Nov 28 19:52:01 2017 ART <gabrevaya@ws6.labo1>
# name: y_start
# type: matrix
# rows: 15
# columns: 1
 0.7930372607694861
 -2.505419998279819
 -0.99565312575955
 -0.2293884045762505
 -2.434783000096372
 0.7956723344073399
 -1.368095283970934
 -1.298223964956649
 1.300884505017848
 -0.9357358013301127
 2.485162584279894
 0.38763829870181
 1.111569804263993
 1.105470196648429
 -0.1050877447923256


# name: alphas
# type: cell
# rows: 1
# columns: 3
# name: <cell-element>
# type: matrix
# rows: 15
# columns: 1
 0.6193696238784172
 0.6865013984115833
 0.6293812432448627
 0.5688533092542863
 0.8002306432152484
 0.6652628934006357
 0.296104841884208
 0.5637559916802535
 0.5734460900022303
 0.6408684723062097
 0.5377110560157139
 0.4840553237692182
 0.6546226089428882
 0.6386063033556595
 0.7425055395519509



# name: <cell-element>
# type: matrix
# rows: 15
# columns: 1
 1.138644304507087
 0.9991051186743929
 0.8854440963075684
 0.8631146459860021
 0.8066209397560438
 0.926907598876348
 0.6799591924945855
 0.9050869294180345
 0.8589570797398831
 0.9127255612250575
 0.983768376272264
 1.112851276476647
 0.7820342386381139
 0.9807299903352946
 0.8528586400305201



# name: <cell-element>
# type: matrix
# rows: 15
# columns: 1
 11.21782870414805
 11.59670978721865
 11.17872049591919
 11.41795759960743
 11.50295803625704
 11.43205172082168
 11.13562121156522
 11.40841993350162
 11.41650920048134
 11.35942250320353
 11.34557598664732
 11.34419994038408
 11.32828689121642
 11.19745209896835
 11.22837332167698





# name: W
# type: matrix
# rows: 15
# columns: 15
 0 0 0 0 0 0 0 0 0 0 0 0 0 0 0
 0 0 0 0 0 0 0 0 0 0 0 0 0 0 0
 0 0 0 0 0 0 0 0 0 0 0 0 0 0 0
 0 0 0 0 0 0 0 0 0 0 0 0 0 0 0
 0 0 0 0 0 0 0 0 0 0 0 0 0 0 0
 0 0 0 0 0 0 0 0 0 0 0 0 0 0 0
 0 0 0 0 0 0 0 0 0 0 0 0 0 0 0
 0 0 0 0 0 0 0 0 0 0 0 0 0 0 0
 0 0 0 0 0 0 0 0 0 0 0 0 0 0 0
 0 0 0 0 0 0 0 0 0 0 0 0 0 0 0
 0 0 0 0 0 0 0 0 0 0 0 0 0 0 0
 0 0 0 0 0 0 0 0 0 0 0 0 0 0 0
 0 0 0 0 0 0 0 0 0 0 0 0 0 0 0
 0 0 0 0 0 0 0 0 0 0 0 0 0 0 0
 0 0 0 0 0 0 0 0 0 0 0 0 0 0 0


# name: iter
# type: scalar
280


# name: c
# type: matrix
# rows: 1
# columns: 15
 -0.08818721325505717 -0.08627979475513887 0.264266809960873 -0.2098334426277666 -0.1919699760473484 -0.1953509807532916 -0.0859170607749903 0.1776584174482824 -0.165208117205864 0.08364128826741478 -0.2037875478780308 0.0591517968840932 0.2553254387530022 -0.2317492288323604 -0.04721912976321953


# name: mean_corr
# type: matrix
# rows: 9
# columns: 1
 -0.06794462953401585
 -0.02360266407995214
 -0.01789496078895346
 -0.06855647400827802
 -0.06624386707796956
 -0.0358846019665594
 -0.03281155747809036
 -0.03033056341146368
 -0.02261051681001009


# name: mean_error
# type: matrix
# rows: 9
# columns: 1
 1.445322053373162
 1.416303183688935
 1.41283538917076
 1.445875400938652
 1.441370059331625
 1.429843670078628
 1.427169633617659
 1.427683101297215
 1.415425665792103


# name: iter_improve
# type: matrix
# rows: 9
# columns: 1
 1
 31
 77
 93
 100
 148
 202
 220
 237


# name: optim_start
# type: scalar
280


# name: optim_steps
# type: matrix
# rows: 0
# columns: 0


# name: VPVP_params
# type: scalar struct
# ndims: 2
 1 1
# length: 8
# name: lambda
# type: scalar
300000000


# name: downsample
# type: scalar
10


# name: MaxIter_X
# type: scalar
200


# name: MaxIter
# type: scalar
50


# name: optTol_X
# type: scalar
1e-06


# name: progTol_X
# type: scalar
1e-10


# name: optTol_aW
# type: scalar
0.0001


# name: progTol_aW
# type: scalar
1e-07




