# Created by Octave 3.8.1, Sat Jan 06 20:51:26 2018 ART <gabrevaya@ws1.labo2>
# name: y_start
# type: matrix
# rows: 10
# columns: 1
 1.724548902838705
 0.6139386645118488
 -0.09345351763286712
 -1.224665498817852
 -0.8089140936410155
 -1.131190857627015
 -0.5700220573159654
 -1.47876947192958
 -0.9429497422318445
 -1.297754705249302


# name: alphas
# type: cell
# rows: 1
# columns: 3
# name: <cell-element>
# type: matrix
# rows: 10
# columns: 1
 0.5086731873345143
 0.5791446683272687
 0.5011416589065454
 0.6182943335691395
 0.581835109144497
 0.5116391756340378
 0.5213878579644839
 0.851698259841707
 0.4542376919822876
 0.5696685655888767



# name: <cell-element>
# type: matrix
# rows: 10
# columns: 1
 1.348518506017634
 1.052312200234367
 1.076813061190257
 0.9081034061001615
 1.015463998399368
 0.954133809076701
 0.7607426577433696
 0.8439905096682607
 0.9263314742052544
 0.8686939582117226



# name: <cell-element>
# type: matrix
# rows: 10
# columns: 1
 11.3527884960108
 11.38648963803161
 11.25540554441113
 11.25400745180897
 11.38768618314545
 11.37948763818823
 11.42045924050188
 11.40315373236783
 10.91843600151705
 11.14910472886205





# name: W
# type: matrix
# rows: 10
# columns: 10
 -0.09948295667986523 0.1021273381379507 -0.06798855388949251 -0.198731816649955 -0.2183942384821634 -0.04258287042582807 -0.1084002397155418 -0.1686938673672024 -0.1446922963375658 0.1886074612843322
 -0.06445707432766101 0.01577528111054666 -0.1498505294992226 -0.01553165759109246 -0.009555040391377036 0.02879334337773886 0.1123665161313982 0.02574756504646288 0.1135064171607187 -0.03441880852006921
 -0.2025638258536039 0.005582899044513321 -0.364560287795763 0.02949907228398315 0.06924323063009685 0.01375968699670657 0.09902289743355826 0.09399968101436033 0.1588103269021379 -0.2294332974650037
 -0.06119345838982373 -0.02638116022626684 0.03692815448030069 -0.03184161915589789 0.09251412556326213 -0.03646128338799752 -0.2546631726564781 -0.07515652851831889 -0.1270662302530616 -0.0124308987561349
 0.3068411733956042 -0.03535907691120459 0.1217041202362296 0.06176096251927266 0.1007992115955039 -0.02149781843708018 0.04010688817882354 0.00547745032124191 0.02366037658040912 -0.1439629089913421
 0.08386538905954823 0.01885678884489199 -0.1380728275324898 -0.04686250562954588 -0.01251121116653908 -0.08005125436986636 0.02581006545741519 -0.013224296972675 -0.02466031486618525 -0.09041346097554698
 0.03908912533454884 -0.006408372332363823 0.07275565145698097 -0.007190586022066115 0.0005614392030129252 0.004556481564772745 -0.09653876710983531 -0.03197321040470479 -0.03195079486682893 0.0556219086240349
 0.06350390538618836 0.02275596338158395 0.09274453007276449 -0.1030040494973387 0.03857318337920824 -0.02499452648349142 -0.3643953853145958 -0.3495225654498584 -0.2238817964207987 0.2127068203357246
 0.1534042967823648 0.01144486192317118 0.1511016371312443 -0.03468461639728816 0.06750096367597355 0.01733957514718993 -0.05470157015886829 -0.1567032157767735 -0.07076157532927342 0.2050719198791212
 -0.1688083249588445 -0.01062638291920709 -0.2679841241907301 0.08078765680328669 0.007821775328876507 -0.06333592239600172 0.2035098839831147 0.2077495071744122 0.139617627097548 -0.4689818930291685


# name: iter
# type: scalar
762


# name: c
# type: matrix
# rows: 1
# columns: 10
 0.5663150219889371 0.4408300794717483 0.3557067004974253 0.4672490278298721 0.6659746004277345 0.2251171395379178 0.4833741746449548 0.23731185551919 0.4018555930842538 0.1476567960965816


# name: mean_corr
# type: matrix
# rows: 19
# columns: 1
 0.004805777893538276
 0.008634676108541078
 0.02853222528119356
 0.0803946224914706
 0.1320164565251107
 0.1617366999634748
 0.1900059639555025
 0.1901320732728418
 0.1943355956992877
 0.2034037573714553
 0.2052099911814722
 0.2057897646074554
 0.2058756985047897
 0.2066993516907924
 0.2069153725321682
 0.2076658818276056
 0.2081128956287848
 0.2081235205251491
 0.3991390989098616


# name: mean_error
# type: matrix
# rows: 19
# columns: 1
 1.412845553263208
 1.412159418093525
 1.398339829223145
 1.367138434536957
 1.341493256870477
 1.318912234741708
 1.308236577132362
 1.307757560940304
 1.290007669002142
 1.281201449632119
 1.276418165804859
 1.278325930206433
 1.278740581105679
 1.277303222740537
 1.275990516369813
 1.275335741339116
 1.275489473282489
 1.275518578328699
 1.236596568962345


# name: iter_improve
# type: matrix
# rows: 19
# columns: 1
 1
 7
 13
 22
 24
 63
 78
 85
 106
 133
 135
 201
 306
 443
 475
 498
 511
 612
 762


# name: optim_start
# type: scalar
762


# name: optim_steps
# type: scalar
19


# name: VPVP_params
# type: scalar struct
# ndims: 2
 1 1
# length: 8
# name: lambda
# type: scalar
300000000


# name: downsample
# type: scalar
10


# name: MaxIter_X
# type: scalar
200


# name: MaxIter
# type: scalar
50


# name: optTol_X
# type: scalar
1e-06


# name: progTol_X
# type: scalar
1e-10


# name: optTol_aW
# type: scalar
0.0001


# name: progTol_aW
# type: scalar
1e-07




