# Created by Octave 3.8.1, Wed Nov 29 00:14:15 2017 ART <gabrevaya@ws12.labo4>
# name: y_start
# type: matrix
# rows: 15
# columns: 1
 0.8895958517988314
 0.5846432021288289
 1.110483259915922
 -1.049628158430045
 -0.3133053221078053
 -0.2728030626104915
 1.535588887259764
 0.4404517407427473
 0.175800028271759
 2.517126930423923
 0.556084158627204
 -0.3140627112704127
 -0.559028051333499
 0.1475703777007729
 -1.13025243133114


# name: alphas
# type: cell
# rows: 1
# columns: 3
# name: <cell-element>
# type: matrix
# rows: 15
# columns: 1
 0.7678368439402328
 0.7116000246710865
 0.4548211243146149
 0.4996223761453711
 0.4695465069944509
 0.3500306199676314
 0.5258286247317427
 0.4790363263149835
 0.6580817552935142
 0.5807553980534143
 0.6958338177797599
 0.6236620522860528
 0.68511520156158
 0.7244170565810726
 0.3077928822644376



# name: <cell-element>
# type: matrix
# rows: 15
# columns: 1
 1.002722062090687
 0.9508508172068395
 1.134840149919618
 1.157948797011866
 1.069444222157635
 1.097299700896919
 1.011590209019891
 0.9302034506847013
 0.9299363146050849
 0.8520551615402872
 0.9791734162438508
 0.8816518721217699
 0.9993511039076164
 0.917424362457104
 1.247517113959796



# name: <cell-element>
# type: matrix
# rows: 15
# columns: 1
 11.17685704583485
 11.23924903032676
 11.38093154757293
 11.63228665574936
 11.41233526620556
 11.37089752233039
 11.44470176544521
 11.03444766195914
 11.56011370802901
 11.34876304191611
 11.32871672605793
 11.37671646757628
 11.31330477542509
 11.24572542001646
 11.34932862042476





# name: W
# type: matrix
# rows: 15
# columns: 15
 0 0 0 0 0 0 0 0 0 0 0 0 0 0 0
 0 0 0 0 0 0 0 0 0 0 0 0 0 0 0
 0 0 0 0 0 0 0 0 0 0 0 0 0 0 0
 0 0 0 0 0 0 0 0 0 0 0 0 0 0 0
 0 0 0 0 0 0 0 0 0 0 0 0 0 0 0
 0 0 0 0 0 0 0 0 0 0 0 0 0 0 0
 0 0 0 0 0 0 0 0 0 0 0 0 0 0 0
 0 0 0 0 0 0 0 0 0 0 0 0 0 0 0
 0 0 0 0 0 0 0 0 0 0 0 0 0 0 0
 0 0 0 0 0 0 0 0 0 0 0 0 0 0 0
 0 0 0 0 0 0 0 0 0 0 0 0 0 0 0
 0 0 0 0 0 0 0 0 0 0 0 0 0 0 0
 0 0 0 0 0 0 0 0 0 0 0 0 0 0 0
 0 0 0 0 0 0 0 0 0 0 0 0 0 0 0
 0 0 0 0 0 0 0 0 0 0 0 0 0 0 0


# name: iter
# type: scalar
56


# name: c
# type: matrix
# rows: 1
# columns: 15
 -0.4288524612141137 -0.4237066002199099 -0.2073821403375406 0.2121568560334735 -0.2135658030401812 0.1234083274172756 -0.0889702052359356 -0.3005988644723167 0.1098797921960123 -0.2338965724490951 -0.1005201005075375 -0.007423738408209479 -0.3777688681355086 0.1355806947724432 -0.08977222522675193


# name: mean_corr
# type: matrix
# rows: 3
# columns: 1
 -0.1144928453419451
 -0.1110751755906045
 -0.1276459440998722


# name: mean_error
# type: matrix
# rows: 3
# columns: 1
 1.483535877409762
 1.486295201755824
 1.483746652425771


# name: iter_improve
# type: matrix
# rows: 3
# columns: 1
 1
 23
 31


# name: optim_start
# type: scalar
56


# name: optim_steps
# type: matrix
# rows: 0
# columns: 0


# name: VPVP_params
# type: scalar struct
# ndims: 2
 1 1
# length: 8
# name: lambda
# type: scalar
300000000


# name: downsample
# type: scalar
10


# name: MaxIter_X
# type: scalar
200


# name: MaxIter
# type: scalar
50


# name: optTol_X
# type: scalar
1e-06


# name: progTol_X
# type: scalar
1e-10


# name: optTol_aW
# type: scalar
0.0001


# name: progTol_aW
# type: scalar
1e-07




