# Created by Octave 3.8.1, Wed Nov 29 00:25:59 2017 ART <gabrevaya@ws14.labo7>
# name: y_start
# type: matrix
# rows: 15
# columns: 1
 0.3859003215359096
 0.425367768495019
 0.5313661974963948
 1.426059916831465
 0.5036129105774164
 0.6910825945685558
 -1.135951955805932
 -1.182883576366989
 0.05988451974632848
 0.7259427265429996
 0.7957416142330916
 -0.626608555409472
 1.496496597794017
 1.764613106331846
 0.1350032750508039


# name: alphas
# type: cell
# rows: 1
# columns: 3
# name: <cell-element>
# type: matrix
# rows: 15
# columns: 1
 0.5616462988121707
 0.362912051509727
 0.7108139207819305
 0.392304652956937
 0.4684479708345283
 0.622898477638121
 0.6265047552785189
 0.5035692866045639
 0.5685901027012443
 0.3024187675068894
 0.3511391959007356
 0.397430686636084
 0.6373121279448599
 0.548753907928073
 0.5077671607182779



# name: <cell-element>
# type: matrix
# rows: 15
# columns: 1
 0.7728414195492889
 0.7942479299748837
 1.019588673623235
 1.171928063732246
 0.7813341298629363
 0.913310918919371
 0.7167703430943365
 0.9373366582435078
 0.9377234682420745
 1.36314794680834
 0.7837583245565365
 1.030485965028658
 1.147829954510887
 0.7678328815289168
 0.9342107012772766



# name: <cell-element>
# type: matrix
# rows: 15
# columns: 1
 11.39486809842255
 11.27172927676597
 11.45714441111024
 11.38592270036091
 11.3840396086873
 11.44725569419735
 11.4620770873658
 11.60939405763905
 11.35438126030922
 11.29832823640801
 11.07950908188326
 11.26654555006518
 11.44502414992048
 11.47003249244883
 11.23704304963961





# name: W
# type: matrix
# rows: 15
# columns: 15
 0.0009791995788973075 0.005700892481943312 -0.005443756158691254 0.1837566884978389 -0.0355445348911004 0.04465780053777679 0.005561124432178929 -0.003831222330564032 -0.00546435456415278 -0.0250623270309679 -0.08204455089433613 0.09129596862022366 -0.1159847656165544 -0.03636785499018437 0.124362735215625
 -0.03946888663507617 -0.01835519019484766 -0.09298048813571473 -0.04797182240592855 0.1343253404056081 -0.04580449586797616 -0.004493294812274696 0.1200483868542208 -0.008595263275087885 0.09105966071274536 0.1602477730301689 -0.06779812136337206 0.07859345916952351 0.07680026735265069 -0.2271628215476851
 0.06225697894257135 -0.06230603538828217 -0.03151438447147902 -0.09793727770274578 -0.01233082974385535 -0.04411282352751165 -0.05051129104461288 0.01534423447112964 -0.01097428397205652 -0.00345617887848305 0.01774536800009779 -0.02555352856870796 0.04231782032559919 -0.0448035694723294 -0.0326176501065291
 0.02473102731783995 -0.01134026554427765 -0.01759443634058491 -0.2516086007377798 0.06143058743644883 -0.08125739740609798 0.009867383885461083 0.07033786463270608 0.01834357529034467 -0.1034250780147947 0.1034540559094859 -0.1113496484292054 0.09229391384253159 -0.0140924636409884 -0.1814977059255763
 -0.135573905736815 0.1545216820344495 -0.07086020292219249 0.08241402307949963 0.0768532549088311 0.02588940183275707 0.1552921747939214 0.114180468980773 0.002414099119878439 -0.07143409301103874 -0.004224921823272833 0.07501768454191279 -0.0658241681071171 0.02505954515158628 -0.01908767486849679
 0.0683346111881227 -0.1105668993647472 -0.02849158656293342 -0.1309999177903861 0.02012820152770407 -0.1296335611939162 -0.1394358753587198 0.01754958725979697 -0.03329635322468114 -0.04394722125466963 0.093001027580464 -0.06522121997780954 -0.0671506575773792 0.01094381257983722 -0.1564719321724864
 0.1042090529842677 -0.1271751338379608 -0.07022910719189386 -0.1100685712108619 0.08365361370536685 -0.08434897234553072 -0.2285209106439189 0.1028157828057762 -0.01680594332853052 0.04062085223884687 0.1394260389443224 -0.1122558252922974 0.01737580316392262 -0.00192382970968016 -0.263640166275881
 0.009685167626244374 0.04935978867591827 -0.05846384471931894 0.1336149421228407 0.09887007392768021 0.007422204576525525 0.0390906034086008 0.06280526724092551 0.02332671633061515 0.1280749402335107 0.0654215392443137 -0.01544047760483759 0.06057183571918916 0.03812687908352783 -0.1018623327942987
 0.05486688346734811 -0.04932267219622202 -0.02223269333529987 -0.03477981832091562 -0.003831418941321961 -0.02848386733591286 -0.07804013911607618 0.01387471315132814 -0.02847796953366389 0.007603000058998473 0.02163302156992822 -0.01528222922155613 0.02914439735173081 -0.01789742606301188 -0.02488588861640825
 0.03809933974224264 -0.08275049303728658 0.07074237625428725 -0.03527307221584555 -0.1174593433413868 0.0009898710135596259 -0.03243839359545537 -0.08350439093933552 0.006503439372411269 -0.1887772622189982 -0.1073012787982487 0.05496381886548462 -0.1437195129523959 -0.09597040616140542 0.166653921265755
 -0.1897630907560295 0.2286515593229966 -0.005194237615986405 0.2106127085327505 0.0005892022910167521 0.09920029814048824 0.2525813711910069 0.04914911514307159 0.02644838931693298 -0.02481831330082864 -0.1614902802208746 0.1759988772556313 -0.04147619462195072 -0.005541147100497249 0.2075762666428285
 -0.01724293093776641 0.02948792895154577 0.01022840697963382 -0.19033413450028 0.03752607552774918 0.01984182763113712 -0.008158813235611885 -0.05737849302865723 -0.0295836689344917 -0.0003107607119480524 0.1137077711703924 -0.1814666328360106 0.04370002549221507 0.1032397280214607 -0.172645585074604
 0.04803127928987289 -0.07971392020936488 -0.009687371241975383 0.08238057786170043 -0.05544908273994664 -0.01646844153732986 -0.0242025465260741 0.05138909671561366 0.01459005228836378 -0.1524291488925197 -0.0939691285760739 0.106239135856432 -0.1842014583985099 -0.1379597792805828 0.100773294517192
 -0.1698804121181385 0.1190420485305947 -0.06647439996587168 0.1160354044234477 0.01615278016929972 0.007520150855462436 0.2297411286264133 0.1321731627638995 0.01382853307781601 -0.1517109413388564 -0.103307454416041 0.2117998410469275 -0.141852096982804 -0.08957524683973171 0.1422700433660256
 0.09827239548989825 -0.1036260931818013 -0.01235615303492078 -0.2317004859564164 0.04067422758045665 -0.07426279025704524 -0.1249040010565911 -0.002929748933138368 -0.02067373082523196 -0.04593371183007778 0.1453686955871881 -0.1877240593346202 -0.00557667074113106 0.02066643703083916 -0.2623759942011301


# name: iter
# type: scalar
591


# name: c
# type: matrix
# rows: 1
# columns: 15
 0.4069686500435801 0.4536637008270331 0.4299832570652222 0.257611554832564 0.5105623173706273 0.3287468030880398 0.05821331435541505 0.5938904568711239 0.3171911497127795 0.1874589575121209 0.2903402731762831 0.08442836805954103 0.3732700569028743 0.3754766048298469 0.2041022149083049


# name: mean_corr
# type: matrix
# rows: 19
# columns: 1
 -0.09352488326844473
 -0.09252989593919173
 -0.09005027018596201
 -0.0705464522144902
 -0.03365170806148738
 -0.02154347267697817
 -0.005760688365068422
 0.003641686566423961
 0.02050253321315495
 0.0288938927740953
 0.05737855889665473
 0.0595048310326519
 0.06133262286026588
 0.06341978172919129
 0.06414293199759249
 0.07023826419134012
 0.07003779304044117
 0.07027793691129965
 0.3247938453036904


# name: mean_error
# type: matrix
# rows: 19
# columns: 1
 1.48986409743698
 1.494218670226016
 1.491279855273399
 1.475210374143566
 1.45233257521528
 1.438453891839139
 1.421453063102419
 1.416858743264561
 1.409161718961468
 1.400343197318304
 1.378457520597455
 1.377814191019773
 1.373816592659678
 1.375277156289475
 1.37413250443484
 1.37306152929308
 1.370765509863368
 1.372691396633695
 1.310794493827386


# name: iter_improve
# type: matrix
# rows: 19
# columns: 1
 1
 12
 40
 45
 57
 62
 73
 82
 95
 99
 153
 170
 216
 277
 283
 337
 452
 569
 591


# name: optim_start
# type: scalar
591


# name: optim_steps
# type: scalar
19


# name: VPVP_params
# type: scalar struct
# ndims: 2
 1 1
# length: 8
# name: lambda
# type: scalar
300000000


# name: downsample
# type: scalar
10


# name: MaxIter_X
# type: scalar
200


# name: MaxIter
# type: scalar
50


# name: optTol_X
# type: scalar
1e-06


# name: progTol_X
# type: scalar
1e-10


# name: optTol_aW
# type: scalar
0.0001


