# Created by Octave 3.8.1, Tue Nov 28 20:19:40 2017 ART <gabrevaya@ws12.labo4>
# name: y_start
# type: matrix
# rows: 15
# columns: 1
 0.850320886677273
 -0.3415146019685295
 -0.269131050882264
 1.291906490005376
 -0.3663934332612141
 -0.04810597489824495
 -0.5712565332459628
 0.04988284241541245
 0.0523976486505676
 0.4130855937771058
 0.1059777453489119
 -1.307729248318422
 -0.1262566644267194
 0.2099266341997421
 -0.4870623459022467


# name: alphas
# type: cell
# rows: 1
# columns: 3
# name: <cell-element>
# type: matrix
# rows: 15
# columns: 1
 0.677227110431043
 0.1797888955712271
 0.3857243029485757
 0.4353117139584495
 0.6804439359498884
 0.7302200284202843
 0.4616866760885986
 0.6316309465195064
 0.4699745658657452
 0.4772711601219887
 0.5783619818455042
 0.639570611142943
 0.7043992559044652
 0.7501555060230897
 0.5835967526951831



# name: <cell-element>
# type: matrix
# rows: 15
# columns: 1
 1.257356223462049
 1.084373914032496
 0.9554163266540825
 1.099906902904085
 0.985079102890329
 0.7841722428012098
 1.113939714932661
 1.09750256311332
 1.087217129816343
 1.21875453239793
 0.8843548317363135
 1.053129951484966
 1.199830723511754
 1.021490038149801
 0.9290020564122758



# name: <cell-element>
# type: matrix
# rows: 15
# columns: 1
 11.20494084357348
 11.81827767748616
 11.55249381512492
 11.58895077711023
 11.42484944275055
 11.12934162900749
 11.31668592411564
 11.45733275214531
 11.38666994073431
 11.12306944789576
 11.44463149892353
 11.33693161253979
 11.29658836015648
 11.58752791634214
 11.29206017607543





# name: W
# type: matrix
# rows: 15
# columns: 15
 0 0 0 0 0 0 0 0 0 0 0 0 0 0 0
 0 0 0 0 0 0 0 0 0 0 0 0 0 0 0
 0 0 0 0 0 0 0 0 0 0 0 0 0 0 0
 0 0 0 0 0 0 0 0 0 0 0 0 0 0 0
 0 0 0 0 0 0 0 0 0 0 0 0 0 0 0
 0 0 0 0 0 0 0 0 0 0 0 0 0 0 0
 0 0 0 0 0 0 0 0 0 0 0 0 0 0 0
 0 0 0 0 0 0 0 0 0 0 0 0 0 0 0
 0 0 0 0 0 0 0 0 0 0 0 0 0 0 0
 0 0 0 0 0 0 0 0 0 0 0 0 0 0 0
 0 0 0 0 0 0 0 0 0 0 0 0 0 0 0
 0 0 0 0 0 0 0 0 0 0 0 0 0 0 0
 0 0 0 0 0 0 0 0 0 0 0 0 0 0 0
 0 0 0 0 0 0 0 0 0 0 0 0 0 0 0
 0 0 0 0 0 0 0 0 0 0 0 0 0 0 0


# name: iter
# type: scalar
918


# name: c
# type: matrix
# rows: 1
# columns: 15
 0.1948036267035749 -0.03710004482587143 0.1677717314259222 0.1281859277587676 0.2240526421610772 0.06717884221587217 -0.02093202670062243 0.5415652100381887 0.1114243533146598 -0.02530938343205781 -0.06291165931129106 0.08097888082809411 0.0874821527449184 0.04973675921245601 0.1121647856365816


# name: mean_corr
# type: matrix
# rows: 20
# columns: 1
 -0.1154606234212925
 -0.07633416893473198
 -0.07338193366712635
 -0.04253294060525927
 -0.03088432605195868
 -0.02276769016488896
 -0.01215581271153113
 0.004527305910275105
 0.01668372483784066
 0.03015526459121736
 0.048965961623996
 0.05513517296610594
 0.05748999634053853
 0.06125175358573942
 0.08125267700473797
 0.08881157919764378
 0.08940507243120975
 0.0898828746756959
 0.09063680608192742
 0.1071091219238509


# name: mean_error
# type: matrix
# rows: 20
# columns: 1
 1.49778707832867
 1.490486557232207
 1.489260253206175
 1.465644261979745
 1.456586582465598
 1.460458174784404
 1.455209269028976
 1.450876777227221
 1.440090639551806
 1.435134162585929
 1.424898089392777
 1.418699698940221
 1.418439432237913
 1.414430847700786
 1.406738375054108
 1.39906288007967
 1.390694864449827
 1.393656495503699
 1.392752532773838
 1.387988756583283


# name: iter_improve
# type: matrix
# rows: 20
# columns: 1
 1
 12
 18
 31
 34
 38
 54
 55
 75
 157
 165
 180
 285
 315
 367
 376
 385
 389
 725
 731


# name: optim_start
# type: scalar
918


# name: optim_steps
# type: matrix
# rows: 0
# columns: 0


# name: VPVP_params
# type: scalar struct
# ndims: 2
 1 1
# length: 8
# name: lambda
# type: scalar
300000000


# name: downsample
# type: scalar
10


# name: MaxIter_X
# type: scalar
200


# name: MaxIter
# type: scalar
50


# name: optTol_X
# type: scalar
1e-06


# name: progTol_X
# type: scalar
1e-10


# name: optTol_aW
# type: scalar
0.0001


# name: progTol_aW
# type: scalar
1e-07




