# Created by Octave 3.8.1, Wed Nov 29 00:21:30 2017 ART <gabrevaya@ws14.labo7>
# name: y_start
# type: matrix
# rows: 15
# columns: 1
 0.3859002992142845
 0.4253677788698197
 0.5313662120112999
 1.426059921391692
 0.5036129350535229
 0.6910825981017871
 -1.135951942968964
 -1.182883590751574
 0.05988451751413856
 0.7259427266265458
 0.7957416324993194
 -0.6266085570586875
 1.496496601650968
 1.76461314339175
 0.1350032677064801


# name: alphas
# type: cell
# rows: 1
# columns: 3
# name: <cell-element>
# type: matrix
# rows: 15
# columns: 1
 0.5665881566618771
 0.4279331055084379
 0.7370438987338702
 0.5071340370713459
 0.4676464632529549
 0.7070388245823928
 0.6988700256340004
 0.503704543915577
 0.591977963485922
 0.4297615956288832
 0.3998143070519369
 0.481683292333351
 0.7390764552202891
 0.6464272415354476
 0.5011394012809489



# name: <cell-element>
# type: matrix
# rows: 15
# columns: 1
 0.6501452354289686
 0.796804938754399
 0.948085550576039
 1.060406244741384
 0.9429815254899024
 0.8688438686982538
 0.6463390663416525
 0.8832550599491598
 0.951873060344098
 1.348663562427013
 0.9539577018114128
 1.072507398541301
 1.16690812092313
 0.974946262199916
 0.9697257161513611



# name: <cell-element>
# type: matrix
# rows: 15
# columns: 1
 11.38793747248804
 11.27730861492175
 11.44965054788501
 11.37006249527356
 11.39682871514263
 11.44351892650318
 11.45724789888288
 11.5988497663279
 11.35508138257444
 11.29510554992701
 11.08956637344942
 11.27022743425671
 11.44404862157623
 11.47277065402445
 11.24085424626921





# name: W
# type: matrix
# rows: 15
# columns: 15
 0 0 0 0 0 0 0 0 0 0 0 0 0 0 0
 0 0 0 0 0 0 0 0 0 0 0 0 0 0 0
 0 0 0 0 0 0 0 0 0 0 0 0 0 0 0
 0 0 0 0 0 0 0 0 0 0 0 0 0 0 0
 0 0 0 0 0 0 0 0 0 0 0 0 0 0 0
 0 0 0 0 0 0 0 0 0 0 0 0 0 0 0
 0 0 0 0 0 0 0 0 0 0 0 0 0 0 0
 0 0 0 0 0 0 0 0 0 0 0 0 0 0 0
 0 0 0 0 0 0 0 0 0 0 0 0 0 0 0
 0 0 0 0 0 0 0 0 0 0 0 0 0 0 0
 0 0 0 0 0 0 0 0 0 0 0 0 0 0 0
 0 0 0 0 0 0 0 0 0 0 0 0 0 0 0
 0 0 0 0 0 0 0 0 0 0 0 0 0 0 0
 0 0 0 0 0 0 0 0 0 0 0 0 0 0 0
 0 0 0 0 0 0 0 0 0 0 0 0 0 0 0


# name: iter
# type: scalar
591


# name: c
# type: matrix
# rows: 1
# columns: 15
 -0.001339167593490306 0.1204615392891679 0.2986713040693807 -0.01034088888142956 0.1631073665042648 -0.0530277530691982 -0.07234745935584323 0.1318418779989851 0.158964251802184 0.02252306043352663 -0.07278139814342337 0.03135701265796936 0.2210992176245867 -0.03039199793195283 0.1044682588673325


# name: mean_corr
# type: matrix
# rows: 18
# columns: 1
 -0.09352488326844473
 -0.09252989593919173
 -0.09005027018596201
 -0.0705464522144902
 -0.03365170806148738
 -0.02154347267697817
 -0.005760688365068422
 0.003641686566423961
 0.02050253321315495
 0.0288938927740953
 0.05737855889665473
 0.0595048310326519
 0.06133262286026588
 0.06341978172919129
 0.06414293199759249
 0.07023826419134012
 0.07003779304044117
 0.07027793691129965


# name: mean_error
# type: matrix
# rows: 18
# columns: 1
 1.48986409743698
 1.494218670226016
 1.491279855273399
 1.475210374143566
 1.45233257521528
 1.438453891839139
 1.421453063102419
 1.416858743264561
 1.409161718961468
 1.400343197318304
 1.378457520597455
 1.377814191019773
 1.373816592659678
 1.375277156289475
 1.37413250443484
 1.37306152929308
 1.370765509863368
 1.372691396633695


# name: iter_improve
# type: matrix
# rows: 18
# columns: 1
 1
 12
 40
 45
 57
 62
 73
 82
 95
 99
 153
 170
 216
 277
 283
 337
 452
 569


# name: optim_start
# type: scalar
591


# name: optim_steps
# type: matrix
# rows: 0
# columns: 0


# name: VPVP_params
# type: scalar struct
# ndims: 2
 1 1
# length: 8
# name: lambda
# type: scalar
300000000


# name: downsample
# type: scalar
10


# name: MaxIter_X
# type: scalar
200


# name: MaxIter
# type: scalar
50


# name: optTol_X
# type: scalar
1e-06


# name: progTol_X
# type: scalar
1e-10


# name: optTol_aW
# type: scalar
0.0001


# name: progTol_aW
# type: scalar
1e-07




